date,confirmed,deaths,recovered,active,new_confirmed,new_deaths,new_recovered
2020-03-02,1.0,0.0,0.0,1.0,,,
2020-03-03,1.0,0.0,0.0,1.0,0.0,0.0,0.0
2020-03-04,1.0,0.0,0.0,1.0,0.0,0.0,0.0
2020-03-05,1.0,0.0,0.0,1.0,0.0,0.0,0.0
2020-03-06,1.0,0.0,0.0,1.0,0.0,0.0,0.0
2020-03-07,1.0,0.0,0.0,1.0,0.0,0.0,0.0
2020-03-08,1.0,0.0,0.0,1.0,0.0,0.0,0.0
2020-03-09,1.0,0.0,0.0,1.0,0.0,0.0,0.0
2020-03-10,1.0,0.0,0.0,1.0,0.0,0.0,0.0
2020-03-11,1.0,0.0,0.0,1.0,0.0,0.0,0.0
2020-03-12,1.0,0.0,1.0,0.0,0.0,0.0,1.0
2020-03-13,1.0,0.0,0.0,1.0,0.0,0.0,-1.0
2020-03-14,1.0,0.0,1.0,0.0,0.0,0.0,1.0
2020-03-15,1.0,0.0,1.0,0.0,0.0,0.0,0.0
2020-03-16,2.0,0.0,1.0,1.0,1.0,0.0,0.0
2020-03-17,39.0,0.0,1.0,38.0,37.0,0.0,0.0
2020-03-18,39.0,0.0,1.0,38.0,0.0,0.0,0.0
2020-03-19,53.0,0.0,1.0,52.0,14.0,0.0,0.0
2020-03-20,75.0,0.0,1.0,74.0,22.0,0.0,0.0
2020-03-21,88.0,0.0,1.0,87.0,13.0,0.0,0.0
2020-03-22,113.0,1.0,1.0,111.0,25.0,1.0,0.0
2020-03-23,133.0,1.0,1.0,131.0,20.0,0.0,0.0
2020-03-24,164.0,1.0,1.0,162.0,31.0,0.0,0.0
2020-03-25,188.0,1.0,1.0,186.0,24.0,0.0,0.0
2020-03-26,224.0,3.0,1.0,220.0,36.0,2.0,0.0
2020-03-27,267.0,3.0,1.0,263.0,43.0,0.0,0.0
2020-03-28,308.0,3.0,1.0,304.0,41.0,0.0,0.0
2020-03-29,334.0,6.0,1.0,327.0,26.0,3.0,0.0
2020-03-30,370.0,8.0,10.0,352.0,36.0,2.0,9.0
2020-03-31,376.0,12.0,10.0,354.0,6.0,4.0,0.0
2020-04-01,390.0,14.0,10.0,366.0,14.0,2.0,0.0
2020-04-02,428.0,15.0,10.0,403.0,38.0,1.0,0.0
2020-04-03,439.0,16.0,16.0,407.0,11.0,1.0,6.0
2020-04-04,466.0,17.0,21.0,428.0,27.0,1.0,5.0
2020-04-05,501.0,18.0,26.0,457.0,35.0,1.0,5.0
2020-04-06,525.0,21.0,31.0,473.0,24.0,3.0,5.0
2020-04-07,545.0,22.0,39.0,484.0,20.0,1.0,8.0
2020-04-08,564.0,23.0,52.0,489.0,19.0,1.0,13.0
2020-04-09,583.0,25.0,58.0,500.0,19.0,2.0,6.0
2020-04-10,601.0,26.0,71.0,504.0,18.0,1.0,13.0
2020-04-11,601.0,26.0,71.0,504.0,0.0,0.0,0.0
2020-04-12,638.0,29.0,128.0,481.0,37.0,3.0,57.0
2020-04-13,646.0,29.0,128.0,489.0,8.0,0.0,0.0
2020-04-14,659.0,31.0,128.0,500.0,13.0,2.0,0.0
2020-04-15,673.0,33.0,169.0,471.0,14.0,2.0,41.0
2020-04-16,673.0,33.0,169.0,471.0,0.0,0.0,0.0
2020-04-17,696.0,35.0,191.0,470.0,23.0,2.0,22.0
2020-04-18,704.0,35.0,205.0,464.0,8.0,0.0,14.0
2020-04-19,713.0,36.0,235.0,442.0,9.0,1.0,30.0
2020-04-20,717.0,37.0,248.0,432.0,4.0,1.0,13.0
2020-04-21,717.0,37.0,282.0,398.0,0.0,0.0,34.0
2020-04-22,723.0,37.0,309.0,377.0,6.0,0.0,27.0
2020-04-23,723.0,37.0,333.0,353.0,0.0,0.0,24.0
2020-04-24,731.0,40.0,344.0,347.0,8.0,3.0,11.0
2020-04-25,738.0,40.0,344.0,354.0,7.0,0.0,0.0
2020-04-26,738.0,40.0,344.0,354.0,0.0,0.0,0.0
2020-04-27,743.0,40.0,385.0,318.0,5.0,0.0,41.0
2020-04-28,743.0,41.0,398.0,304.0,0.0,1.0,13.0
2020-04-29,743.0,42.0,423.0,278.0,0.0,1.0,25.0
2020-04-30,745.0,42.0,468.0,235.0,2.0,0.0,45.0
2020-05-01,745.0,43.0,468.0,234.0,0.0,1.0,0.0
2020-05-02,747.0,44.0,472.0,231.0,2.0,1.0,4.0
2020-05-03,748.0,45.0,493.0,210.0,1.0,1.0,21.0
2020-05-04,750.0,45.0,499.0,206.0,2.0,0.0,6.0
2020-05-05,751.0,46.0,514.0,191.0,1.0,1.0,15.0
2020-05-06,751.0,46.0,521.0,184.0,0.0,0.0,7.0
2020-05-07,752.0,47.0,526.0,179.0,1.0,1.0,5.0
2020-05-08,752.0,47.0,537.0,168.0,0.0,0.0,11.0
2020-05-09,754.0,48.0,545.0,161.0,2.0,1.0,8.0
2020-05-10,755.0,48.0,550.0,157.0,1.0,0.0,5.0
2020-05-11,755.0,48.0,550.0,157.0,0.0,0.0,0.0
2020-05-12,758.0,48.0,568.0,142.0,3.0,0.0,18.0
2020-05-13,760.0,49.0,576.0,135.0,2.0,1.0,8.0
2020-05-14,761.0,49.0,596.0,116.0,1.0,0.0,20.0
2020-05-15,761.0,49.0,604.0,108.0,0.0,0.0,8.0
2020-05-16,761.0,51.0,615.0,95.0,0.0,2.0,11.0
2020-05-17,761.0,51.0,617.0,93.0,0.0,0.0,2.0
2020-05-18,761.0,51.0,624.0,86.0,0.0,0.0,7.0
2020-05-19,761.0,51.0,628.0,82.0,0.0,0.0,4.0
2020-05-20,762.0,51.0,639.0,72.0,1.0,0.0,11.0
2020-05-21,762.0,51.0,639.0,72.0,0.0,0.0,0.0
2020-05-22,762.0,51.0,652.0,59.0,0.0,0.0,13.0
2020-05-23,762.0,51.0,653.0,58.0,0.0,0.0,1.0
2020-05-24,762.0,51.0,653.0,58.0,0.0,0.0,0.0
2020-05-25,763.0,51.0,663.0,49.0,1.0,0.0,10.0
2020-05-26,763.0,51.0,676.0,36.0,0.0,0.0,13.0
2020-05-27,763.0,51.0,676.0,36.0,0.0,0.0,0.0
2020-05-28,763.0,51.0,681.0,31.0,0.0,0.0,5.0
2020-05-29,764.0,51.0,684.0,29.0,1.0,0.0,3.0
2020-05-30,764.0,51.0,692.0,21.0,0.0,0.0,8.0
2020-05-31,764.0,51.0,694.0,19.0,0.0,0.0,2.0
2020-06-01,765.0,51.0,698.0,16.0,1.0,0.0,4.0
2020-06-02,844.0,51.0,733.0,60.0,79.0,0.0,35.0
2020-06-03,851.0,51.0,735.0,65.0,7.0,0.0,2.0
2020-06-04,852.0,51.0,738.0,63.0,1.0,0.0,3.0
2020-06-05,852.0,51.0,741.0,60.0,0.0,0.0,3.0
2020-06-06,852.0,51.0,741.0,60.0,0.0,0.0,0.0
2020-06-07,852.0,51.0,744.0,57.0,0.0,0.0,3.0
2020-06-08,852.0,51.0,751.0,50.0,0.0,0.0,7.0
2020-06-09,852.0,51.0,757.0,44.0,0.0,0.0,6.0
2020-06-10,852.0,51.0,759.0,42.0,0.0,0.0,2.0
2020-06-11,852.0,51.0,780.0,21.0,0.0,0.0,21.0
2020-06-12,853.0,51.0,781.0,21.0,1.0,0.0,1.0
2020-06-13,853.0,51.0,781.0,21.0,0.0,0.0,0.0
2020-06-14,853.0,51.0,781.0,21.0,0.0,0.0,0.0
2020-06-15,853.0,51.0,789.0,13.0,0.0,0.0,8.0
2020-06-16,854.0,52.0,789.0,13.0,1.0,1.0,0.0
2020-06-17,854.0,52.0,791.0,11.0,0.0,0.0,2.0
2020-06-18,855.0,52.0,792.0,11.0,1.0,0.0,1.0
2020-06-19,855.0,52.0,792.0,11.0,0.0,0.0,0.0
2020-06-20,855.0,52.0,792.0,11.0,0.0,0.0,0.0
2020-06-21,855.0,52.0,792.0,11.0,0.0,0.0,0.0
2020-06-22,855.0,52.0,796.0,7.0,0.0,0.0,4.0
2020-06-23,855.0,52.0,797.0,6.0,0.0,0.0,1.0
2020-06-24,855.0,52.0,797.0,6.0,0.0,0.0,0.0
2020-06-25,855.0,52.0,797.0,6.0,0.0,0.0,0.0
2020-06-26,855.0,52.0,799.0,4.0,0.0,0.0,2.0
2020-06-27,855.0,52.0,799.0,4.0,0.0,0.0,0.0
2020-06-28,855.0,52.0,799.0,4.0,0.0,0.0,0.0
2020-06-29,855.0,52.0,799.0,4.0,0.0,0.0,0.0
2020-06-30,855.0,52.0,799.0,4.0,0.0,0.0,0.0
2020-07-01,855.0,52.0,799.0,4.0,0.0,0.0,0.0
2020-07-02,855.0,52.0,800.0,3.0,0.0,0.0,1.0
2020-07-03,855.0,52.0,800.0,3.0,0.0,0.0,0.0
2020-07-04,855.0,52.0,800.0,3.0,0.0,0.0,0.0
2020-07-05,855.0,52.0,800.0,3.0,0.0,0.0,0.0
2020-07-06,855.0,52.0,800.0,3.0,0.0,0.0,0.0
2020-07-07,855.0,52.0,800.0,3.0,0.0,0.0,0.0
2020-07-08,855.0,52.0,802.0,1.0,0.0,0.0,2.0
2020-07-09,855.0,52.0,802.0,1.0,0.0,0.0,0.0
2020-07-10,855.0,52.0,803.0,0.0,0.0,0.0,1.0
2020-07-11,855.0,52.0,803.0,0.0,0.0,0.0,0.0
2020-07-12,855.0,52.0,803.0,0.0,0.0,0.0,0.0
2020-07-13,858.0,52.0,803.0,3.0,3.0,0.0,0.0
2020-07-14,861.0,52.0,803.0,6.0,3.0,0.0,0.0
2020-07-15,862.0,52.0,803.0,7.0,1.0,0.0,0.0
2020-07-16,877.0,52.0,803.0,22.0,15.0,0.0,0.0
2020-07-17,880.0,52.0,803.0,25.0,3.0,0.0,0.0
2020-07-18,880.0,52.0,803.0,25.0,0.0,0.0,0.0
2020-07-19,880.0,52.0,803.0,25.0,0.0,0.0,0.0
2020-07-20,884.0,52.0,803.0,29.0,4.0,0.0,0.0
2020-07-21,884.0,52.0,803.0,29.0,0.0,0.0,0.0
2020-07-22,889.0,52.0,803.0,34.0,5.0,0.0,0.0
2020-07-23,889.0,52.0,803.0,34.0,0.0,0.0,0.0
2020-07-24,897.0,52.0,803.0,42.0,8.0,0.0,0.0
2020-07-25,897.0,52.0,803.0,42.0,0.0,0.0,0.0
2020-07-26,897.0,52.0,803.0,42.0,0.0,0.0,0.0
2020-07-27,907.0,52.0,803.0,52.0,10.0,0.0,0.0
2020-07-28,907.0,52.0,803.0,52.0,0.0,0.0,0.0
2020-07-29,918.0,52.0,804.0,62.0,11.0,0.0,1.0
2020-07-30,922.0,52.0,806.0,64.0,4.0,0.0,2.0
2020-07-31,925.0,52.0,807.0,66.0,3.0,0.0,1.0
2020-08-01,925.0,52.0,807.0,66.0,0.0,0.0,0.0
2020-08-02,925.0,52.0,807.0,66.0,0.0,0.0,0.0
2020-08-03,937.0,52.0,821.0,64.0,12.0,0.0,14.0
2020-08-04,939.0,52.0,825.0,62.0,2.0,0.0,4.0
2020-08-05,939.0,52.0,825.0,62.0,0.0,0.0,0.0
2020-08-06,944.0,52.0,828.0,64.0,5.0,0.0,3.0
2020-08-07,955.0,52.0,839.0,64.0,11.0,0.0,11.0
2020-08-08,955.0,52.0,839.0,64.0,0.0,0.0,0.0
2020-08-09,955.0,52.0,839.0,64.0,0.0,0.0,0.0
2020-08-10,963.0,52.0,839.0,72.0,8.0,0.0,0.0
2020-08-11,963.0,52.0,839.0,72.0,0.0,0.0,0.0
2020-08-12,977.0,53.0,855.0,69.0,14.0,1.0,16.0
2020-08-13,981.0,53.0,858.0,70.0,4.0,0.0,3.0
2020-08-14,989.0,53.0,863.0,73.0,8.0,0.0,5.0
2020-08-15,989.0,53.0,863.0,73.0,0.0,0.0,0.0
2020-08-16,989.0,53.0,863.0,73.0,0.0,0.0,0.0
2020-08-17,1005.0,53.0,869.0,83.0,16.0,0.0,6.0
2020-08-18,1005.0,53.0,869.0,83.0,0.0,0.0,0.0
2020-08-19,1024.0,53.0,875.0,96.0,19.0,0.0,6.0
2020-08-20,1024.0,53.0,875.0,96.0,0.0,0.0,0.0
2020-08-21,1045.0,53.0,875.0,117.0,21.0,0.0,0.0
2020-08-22,1045.0,53.0,875.0,117.0,0.0,0.0,0.0
2020-08-23,1045.0,53.0,875.0,117.0,0.0,0.0,0.0
2020-08-24,1060.0,53.0,877.0,130.0,15.0,0.0,2.0
2020-08-25,1060.0,53.0,877.0,130.0,0.0,0.0,0.0
2020-08-26,1098.0,53.0,893.0,152.0,38.0,0.0,16.0
2020-08-27,1098.0,53.0,893.0,152.0,0.0,0.0,0.0
2020-08-28,1124.0,53.0,902.0,169.0,26.0,0.0,9.0
2020-08-29,1124.0,53.0,902.0,169.0,0.0,0.0,0.0
2020-08-30,1124.0,53.0,902.0,169.0,0.0,0.0,0.0
2020-08-31,1176.0,53.0,908.0,215.0,52.0,0.0,6.0
2020-09-01,1184.0,53.0,908.0,223.0,8.0,0.0,0.0
2020-09-02,1199.0,53.0,909.0,237.0,15.0,0.0,1.0
2020-09-03,1199.0,53.0,909.0,237.0,0.0,0.0,0.0
2020-09-04,1215.0,53.0,928.0,234.0,16.0,0.0,19.0
2020-09-05,1215.0,53.0,928.0,234.0,0.0,0.0,0.0
2020-09-06,1215.0,53.0,928.0,234.0,0.0,0.0,0.0
2020-09-07,1261.0,53.0,934.0,274.0,46.0,0.0,6.0
2020-09-08,1261.0,53.0,934.0,274.0,0.0,0.0,0.0
2020-09-09,1301.0,53.0,938.0,310.0,40.0,0.0,4.0
2020-09-10,1301.0,53.0,938.0,310.0,0.0,0.0,0.0
2020-09-11,1344.0,53.0,943.0,348.0,43.0,0.0,5.0
2020-09-12,1344.0,53.0,943.0,348.0,0.0,0.0,0.0
2020-09-13,1344.0,53.0,943.0,348.0,0.0,0.0,0.0
2020-09-14,1438.0,53.0,945.0,440.0,94.0,0.0,2.0
2020-09-15,1438.0,53.0,945.0,440.0,0.0,0.0,0.0
2020-09-16,1483.0,53.0,1054.0,376.0,45.0,0.0,109.0
2020-09-17,1483.0,53.0,1054.0,376.0,0.0,0.0,0.0
2020-09-18,1564.0,53.0,1164.0,347.0,81.0,0.0,110.0
2020-09-19,1564.0,53.0,1164.0,347.0,0.0,0.0,0.0
2020-09-20,1564.0,53.0,1164.0,347.0,0.0,0.0,0.0
2020-09-21,1681.0,53.0,1199.0,429.0,117.0,0.0,35.0
2020-09-22,1681.0,53.0,1199.0,429.0,0.0,0.0,0.0
2020-09-23,1753.0,53.0,1203.0,497.0,72.0,0.0,4.0
2020-09-24,1753.0,53.0,1203.0,497.0,0.0,0.0,0.0
2020-09-25,1836.0,53.0,1263.0,520.0,83.0,0.0,60.0
2020-09-26,1836.0,53.0,1263.0,520.0,0.0,0.0,0.0
2020-09-27,1836.0,53.0,1263.0,520.0,0.0,0.0,0.0
2020-09-28,1966.0,53.0,1265.0,648.0,130.0,0.0,2.0
2020-09-29,1966.0,53.0,1265.0,648.0,0.0,0.0,0.0
2020-09-30,2050.0,53.0,1432.0,565.0,84.0,0.0,167.0
2020-10-01,2050.0,53.0,1432.0,565.0,0.0,0.0,0.0
2020-10-02,2110.0,53.0,1540.0,517.0,60.0,0.0,108.0
2020-10-03,2110.0,53.0,1540.0,517.0,0.0,0.0,0.0
2020-10-04,2110.0,53.0,1540.0,517.0,0.0,0.0,0.0
2020-10-05,2370.0,53.0,1615.0,702.0,260.0,0.0,75.0
2020-10-06,2370.0,53.0,1615.0,702.0,0.0,0.0,0.0
2020-10-07,2568.0,53.0,1715.0,800.0,198.0,0.0,100.0
2020-10-08,2568.0,54.0,1715.0,799.0,0.0,1.0,0.0
2020-10-09,2696.0,55.0,1814.0,827.0,128.0,1.0,99.0
2020-10-10,2696.0,55.0,1814.0,827.0,0.0,0.0,0.0
2020-10-11,2696.0,55.0,1814.0,827.0,0.0,0.0,0.0
2020-10-12,2995.0,57.0,1928.0,1010.0,299.0,2.0,114.0
2020-10-13,2995.0,57.0,1928.0,1010.0,0.0,0.0,0.0
2020-10-14,3190.0,59.0,2011.0,1120.0,195.0,2.0,83.0
2020-10-15,3190.0,59.0,2011.0,1120.0,0.0,0.0,0.0
2020-10-16,3377.0,59.0,2057.0,1261.0,187.0,0.0,46.0
2020-10-17,3377.0,59.0,2057.0,1261.0,0.0,0.0,0.0
2020-10-18,3377.0,59.0,2057.0,1261.0,0.0,0.0,0.0
2020-10-19,3623.0,62.0,2273.0,1288.0,246.0,3.0,216.0
2020-10-20,3623.0,62.0,2273.0,1288.0,0.0,0.0,0.0
2020-10-21,3811.0,63.0,2470.0,1278.0,188.0,1.0,197.0
2020-10-22,3811.0,63.0,2470.0,1278.0,0.0,0.0,0.0
2020-10-23,4038.0,69.0,2729.0,1240.0,227.0,6.0,259.0
2020-10-24,4038.0,69.0,2729.0,1240.0,0.0,0.0,0.0
2020-10-25,4038.0,69.0,2729.0,1240.0,0.0,0.0,0.0
2020-10-26,4325.0,72.0,2957.0,1296.0,287.0,3.0,228.0
2020-10-27,4410.0,72.0,3029.0,1309.0,85.0,0.0,72.0
2020-10-28,4517.0,72.0,3144.0,1301.0,107.0,0.0,115.0
2020-10-29,4567.0,73.0,3260.0,1234.0,50.0,1.0,116.0
2020-10-30,4665.0,75.0,3377.0,1213.0,98.0,2.0,117.0
2020-10-31,4756.0,75.0,3475.0,1206.0,91.0,0.0,98.0
2020-11-01,4825.0,75.0,3475.0,1275.0,69.0,0.0,0.0
2020-11-02,4888.0,75.0,3548.0,1265.0,63.0,0.0,73.0
2020-11-03,4910.0,75.0,3627.0,1208.0,22.0,0.0,79.0
2020-11-04,5045.0,75.0,3734.0,1236.0,135.0,0.0,107.0
2020-11-05,5135.0,75.0,3858.0,1202.0,90.0,0.0,124.0
