date,confirmed,deaths,recovered,active,new_confirmed,new_deaths,new_recovered
2020-03-01,1.0,0.0,0.0,1.0,,,
2020-03-02,1.0,0.0,0.0,1.0,0.0,0.0,0.0
2020-03-03,1.0,0.0,0.0,1.0,0.0,0.0,0.0
2020-03-04,1.0,0.0,0.0,1.0,0.0,0.0,0.0
2020-03-05,1.0,0.0,0.0,1.0,0.0,0.0,0.0
2020-03-06,1.0,0.0,0.0,1.0,0.0,0.0,0.0
2020-03-07,1.0,0.0,0.0,1.0,0.0,0.0,0.0
2020-03-08,1.0,0.0,0.0,1.0,0.0,0.0,0.0
2020-03-09,1.0,0.0,0.0,1.0,0.0,0.0,0.0
2020-03-10,1.0,0.0,0.0,1.0,0.0,0.0,0.0
2020-03-11,1.0,0.0,0.0,1.0,0.0,0.0,0.0
2020-03-12,4.0,0.0,0.0,4.0,3.0,0.0,0.0
2020-03-13,8.0,0.0,0.0,8.0,4.0,0.0,0.0
2020-03-14,18.0,0.0,0.0,18.0,10.0,0.0,0.0
2020-03-15,26.0,0.0,0.0,26.0,8.0,0.0,0.0
2020-03-16,52.0,0.0,0.0,52.0,26.0,0.0,0.0
2020-03-17,78.0,0.0,1.0,77.0,26.0,0.0,1.0
2020-03-18,84.0,0.0,1.0,83.0,6.0,0.0,0.0
2020-03-19,115.0,0.0,1.0,114.0,31.0,0.0,0.0
2020-03-20,136.0,0.0,1.0,135.0,21.0,0.0,0.0
2020-03-21,160.0,0.0,1.0,159.0,24.0,0.0,0.0
2020-03-22,194.0,0.0,2.0,192.0,34.0,0.0,1.0
2020-03-23,235.0,0.0,2.0,233.0,41.0,0.0,0.0
2020-03-24,249.0,0.0,14.0,235.0,14.0,0.0,12.0
2020-03-25,265.0,0.0,16.0,249.0,16.0,0.0,2.0
2020-03-26,290.0,1.0,18.0,271.0,25.0,1.0,2.0
2020-03-27,329.0,1.0,28.0,300.0,39.0,0.0,10.0
2020-03-28,407.0,1.0,30.0,376.0,78.0,0.0,2.0
2020-03-29,424.0,3.0,30.0,391.0,17.0,2.0,0.0
2020-03-30,482.0,3.0,30.0,449.0,58.0,0.0,0.0
2020-03-31,532.0,3.0,30.0,499.0,50.0,0.0,0.0
2020-04-01,571.0,4.0,31.0,536.0,39.0,1.0,1.0
2020-04-02,663.0,7.0,33.0,623.0,92.0,3.0,2.0
2020-04-03,736.0,7.0,43.0,686.0,73.0,0.0,10.0
2020-04-04,770.0,7.0,43.0,720.0,34.0,0.0,0.0
2020-04-05,822.0,7.0,57.0,758.0,52.0,0.0,14.0
2020-04-06,833.0,8.0,62.0,763.0,11.0,1.0,5.0
2020-04-07,853.0,8.0,87.0,758.0,20.0,0.0,25.0
2020-04-08,881.0,9.0,114.0,758.0,28.0,1.0,27.0
2020-04-09,921.0,10.0,138.0,773.0,40.0,1.0,24.0
2020-04-10,937.0,12.0,149.0,776.0,16.0,2.0,11.0
2020-04-11,967.0,13.0,173.0,781.0,30.0,1.0,24.0
2020-04-12,1013.0,13.0,197.0,803.0,46.0,0.0,24.0
2020-04-13,1039.0,14.0,211.0,814.0,26.0,1.0,14.0
2020-04-14,1067.0,16.0,265.0,786.0,28.0,2.0,54.0
2020-04-15,1111.0,17.0,297.0,797.0,44.0,1.0,32.0
2020-04-16,1159.0,18.0,358.0,783.0,48.0,1.0,61.0
2020-04-17,1201.0,19.0,402.0,780.0,42.0,1.0,44.0
2020-04-18,1248.0,20.0,523.0,705.0,47.0,1.0,121.0
2020-04-19,1291.0,20.0,545.0,726.0,43.0,0.0,22.0
2020-04-20,1339.0,22.0,580.0,737.0,48.0,2.0,35.0
2020-04-21,1401.0,24.0,609.0,768.0,62.0,2.0,29.0
2020-04-22,1473.0,24.0,633.0,816.0,72.0,0.0,24.0
2020-04-23,1523.0,24.0,659.0,840.0,50.0,0.0,26.0
2020-04-24,1596.0,27.0,728.0,841.0,73.0,3.0,69.0
2020-04-25,1677.0,28.0,803.0,846.0,81.0,1.0,75.0
2020-04-26,1746.0,28.0,833.0,885.0,69.0,0.0,30.0
2020-04-27,1808.0,29.0,848.0,931.0,62.0,1.0,15.0
2020-04-28,1867.0,30.0,866.0,971.0,59.0,1.0,18.0
2020-04-29,1932.0,30.0,900.0,1002.0,65.0,0.0,34.0
2020-04-30,2066.0,32.0,929.0,1105.0,134.0,2.0,29.0
2020-05-01,2148.0,33.0,977.0,1138.0,82.0,1.0,48.0
2020-05-02,2273.0,33.0,1010.0,1230.0,125.0,0.0,33.0
2020-05-03,2386.0,35.0,1035.0,1316.0,113.0,2.0,25.0
2020-05-04,2507.0,39.0,1071.0,1397.0,121.0,4.0,36.0
2020-05-05,2619.0,40.0,1111.0,1468.0,112.0,1.0,40.0
2020-05-06,2782.0,40.0,1135.0,1607.0,163.0,0.0,24.0
2020-05-07,2884.0,42.0,1185.0,1657.0,102.0,2.0,50.0
2020-05-08,3029.0,43.0,1218.0,1768.0,145.0,1.0,33.0
2020-05-09,3175.0,44.0,1267.0,1864.0,146.0,1.0,49.0
2020-05-10,3313.0,45.0,1325.0,1943.0,138.0,1.0,58.0
2020-05-11,3392.0,46.0,1359.0,1987.0,79.0,1.0,34.0
2020-05-12,3538.0,47.0,1430.0,2061.0,146.0,1.0,71.0
2020-05-13,3718.0,48.0,1500.0,2170.0,180.0,1.0,70.0
2020-05-14,3860.0,49.0,1572.0,2239.0,142.0,1.0,72.0
2020-05-15,4044.0,52.0,1666.0,2326.0,184.0,3.0,94.0
2020-05-16,4283.0,55.0,1791.0,2437.0,239.0,3.0,125.0
2020-05-17,4472.0,60.0,1925.0,2487.0,189.0,5.0,134.0
2020-05-18,4823.0,61.0,2019.0,2743.0,351.0,1.0,94.0
2020-05-19,5041.0,64.0,2164.0,2813.0,218.0,3.0,145.0
2020-05-20,5271.0,67.0,2419.0,2785.0,230.0,3.0,255.0
2020-05-21,5606.0,70.0,2581.0,2955.0,335.0,3.0,162.0
2020-05-22,5928.0,74.0,2874.0,2980.0,322.0,4.0,293.0
2020-05-23,6302.0,77.0,2936.0,3289.0,374.0,3.0,62.0
2020-05-24,6661.0,81.0,3064.0,3516.0,359.0,4.0,128.0
2020-05-25,7113.0,87.0,3145.0,3881.0,452.0,6.0,81.0
2020-05-26,7402.0,91.0,3220.0,4091.0,289.0,4.0,75.0
2020-05-27,7774.0,98.0,3255.0,4421.0,372.0,7.0,35.0
2020-05-28,8216.0,113.0,3287.0,4816.0,442.0,15.0,32.0
2020-05-29,8676.0,120.0,3297.0,5259.0,460.0,7.0,10.0
2020-05-30,8927.0,127.0,3317.0,5483.0,251.0,7.0,20.0
2020-05-31,9282.0,131.0,3386.0,5765.0,355.0,4.0,69.0
2020-06-01,9492.0,139.0,3402.0,5951.0,210.0,8.0,16.0
2020-06-02,10009.0,158.0,3427.0,6424.0,517.0,19.0,25.0
2020-06-03,10524.0,170.0,3454.0,6900.0,515.0,12.0,27.0
2020-06-04,11221.0,176.0,3468.0,7577.0,697.0,6.0,14.0
2020-06-05,11817.0,183.0,3513.0,8121.0,596.0,7.0,45.0
2020-06-06,12364.0,190.0,3720.0,8454.0,547.0,7.0,207.0
2020-06-07,13130.0,200.0,4014.0,8916.0,766.0,10.0,294.0
2020-06-08,13325.0,211.0,4099.0,9015.0,195.0,11.0,85.0
2020-06-09,13675.0,217.0,4451.0,9007.0,350.0,6.0,352.0
2020-06-10,14103.0,227.0,5226.0,8650.0,428.0,10.0,775.0
2020-06-11,14669.0,245.0,5466.0,8958.0,566.0,18.0,240.0
2020-06-12,15281.0,258.0,5639.0,9384.0,612.0,13.0,173.0
2020-06-13,16004.0,264.0,6081.0,9659.0,723.0,6.0,442.0
2020-06-14,16667.0,269.0,6214.0,10184.0,663.0,5.0,133.0
2020-06-15,17064.0,285.0,6276.0,10503.0,397.0,16.0,62.0
2020-06-16,17489.0,293.0,6571.0,10625.0,425.0,8.0,295.0
2020-06-17,18033.0,302.0,6814.0,10917.0,544.0,9.0,243.0
2020-06-18,18698.0,309.0,7560.0,10829.0,665.0,7.0,746.0
2020-06-19,19157.0,319.0,8266.0,10572.0,459.0,10.0,706.0
2020-06-20,19708.0,332.0,8854.0,10522.0,551.0,13.0,588.0
2020-06-21,20268.0,350.0,9002.0,10916.0,560.0,18.0,148.0
2020-06-22,20588.0,360.0,9131.0,11097.0,320.0,10.0,129.0
2020-06-23,21006.0,372.0,10144.0,10490.0,418.0,12.0,1013.0
2020-06-24,21717.0,386.0,10797.0,10534.0,711.0,14.0,653.0
2020-06-25,22488.0,397.0,11335.0,10756.0,771.0,11.0,538.0
2020-06-26,23247.0,410.0,12149.0,10688.0,759.0,13.0,814.0
2020-06-27,23909.0,421.0,12911.0,10577.0,662.0,11.0,762.0
2020-06-28,24645.0,426.0,13116.0,11103.0,736.0,5.0,205.0
2020-06-29,25127.0,433.0,13297.0,11397.0,482.0,7.0,181.0
2020-06-30,25542.0,443.0,14048.0,11051.0,415.0,10.0,751.0
2020-07-01,26065.0,453.0,14563.0,11049.0,523.0,10.0,515.0
2020-07-02,26658.0,459.0,15036.0,11163.0,593.0,6.0,473.0
2020-07-03,27320.0,469.0,15484.0,11367.0,662.0,10.0,448.0
2020-07-04,27900.0,477.0,15935.0,11488.0,580.0,8.0,451.0
2020-07-05,28606.0,484.0,16140.0,11982.0,706.0,7.0,205.0
2020-07-06,28936.0,491.0,16302.0,12143.0,330.0,7.0,162.0
2020-07-07,29285.0,503.0,16907.0,11875.0,349.0,12.0,605.0
2020-07-08,29820.0,521.0,17427.0,11872.0,535.0,18.0,520.0
2020-07-09,30346.0,535.0,18000.0,11811.0,526.0,14.0,573.0
2020-07-10,30903.0,546.0,18709.0,11648.0,557.0,11.0,709.0
2020-07-11,31392.0,559.0,19419.0,11414.0,489.0,13.0,710.0
2020-07-12,31969.0,565.0,19633.0,11771.0,577.0,6.0,214.0
2020-07-13,32151.0,573.0,19865.0,11713.0,182.0,8.0,232.0
2020-07-14,32490.0,581.0,20729.0,11180.0,339.0,8.0,864.0
2020-07-15,33005.0,592.0,21348.0,11065.0,515.0,11.0,619.0
2020-07-16,33559.0,607.0,21931.0,11021.0,554.0,15.0,583.0
2020-07-17,34001.0,620.0,22492.0,10889.0,442.0,13.0,561.0
2020-07-18,34462.0,631.0,23123.0,10708.0,461.0,11.0,631.0
2020-07-19,34877.0,641.0,23294.0,10942.0,415.0,10.0,171.0
2020-07-20,34981.0,650.0,23502.0,10829.0,104.0,9.0,208.0
2020-07-21,35254.0,662.0,24206.0,10386.0,273.0,12.0,704.0
2020-07-22,35693.0,678.0,24766.0,10249.0,439.0,16.0,560.0
2020-07-23,36162.0,688.0,25244.0,10230.0,469.0,10.0,478.0
2020-07-24,36613.0,692.0,25734.0,10187.0,451.0,4.0,490.0
2020-07-25,36996.0,700.0,26243.0,10053.0,383.0,8.0,509.0
2020-07-26,37317.0,705.0,26478.0,10134.0,321.0,5.0,235.0
2020-07-27,37390.0,711.0,26665.0,10014.0,73.0,6.0,187.0
2020-07-28,37629.0,719.0,27357.0,9553.0,239.0,8.0,692.0
2020-07-29,37937.0,723.0,27824.0,9390.0,308.0,4.0,467.0
2020-07-30,38196.0,728.0,28366.0,9102.0,259.0,5.0,542.0
2020-07-31,38550.0,738.0,28997.0,8815.0,354.0,10.0,631.0
2020-08-01,38841.0,749.0,29557.0,8535.0,291.0,11.0,560.0
2020-08-02,39050.0,754.0,29750.0,8546.0,209.0,5.0,193.0
2020-08-03,39102.0,762.0,29861.0,8479.0,52.0,8.0,111.0
2020-08-04,39298.0,768.0,30372.0,8158.0,196.0,6.0,511.0
2020-08-05,39586.0,770.0,30850.0,7966.0,288.0,2.0,478.0
2020-08-06,39819.0,772.0,31556.0,7491.0,233.0,2.0,706.0
2020-08-07,39985.0,777.0,32008.0,7200.0,166.0,5.0,452.0
2020-08-08,40185.0,785.0,32395.0,7005.0,200.0,8.0,387.0
2020-08-09,40410.0,791.0,32520.0,7099.0,225.0,6.0,125.0
2020-08-10,40433.0,796.0,32616.0,7021.0,23.0,5.0,96.0
2020-08-11,40593.0,803.0,33157.0,6633.0,160.0,7.0,541.0
2020-08-12,40794.0,806.0,33492.0,6496.0,201.0,3.0,335.0
2020-08-13,41023.0,809.0,33897.0,6317.0,229.0,3.0,405.0
2020-08-14,41299.0,814.0,34164.0,6321.0,276.0,5.0,267.0
2020-08-15,41495.0,817.0,34484.0,6194.0,196.0,3.0,320.0
2020-08-16,41663.0,818.0,34584.0,6261.0,168.0,1.0,100.0
2020-08-17,41701.0,824.0,34655.0,6222.0,38.0,6.0,71.0
2020-08-18,41846.0,832.0,34982.0,6032.0,145.0,8.0,327.0
2020-08-19,42056.0,833.0,35226.0,5997.0,210.0,1.0,244.0
2020-08-20,42319.0,836.0,35476.0,6007.0,263.0,3.0,250.0
2020-08-21,42477.0,842.0,35693.0,5942.0,158.0,6.0,217.0
