date,confirmed,deaths,recovered,active,new_confirmed,new_deaths,new_recovered
2020-02-25,2.0,0.0,0.0,2.0,,,
2020-02-26,2.0,0.0,0.0,2.0,0.0,0.0,0.0
2020-02-27,3.0,0.0,0.0,3.0,1.0,0.0,0.0
2020-02-28,3.0,0.0,0.0,3.0,0.0,0.0,0.0
2020-02-29,9.0,0.0,0.0,9.0,6.0,0.0,0.0
2020-03-01,14.0,0.0,0.0,14.0,5.0,0.0,0.0
2020-03-02,18.0,0.0,0.0,18.0,4.0,0.0,0.0
2020-03-03,21.0,0.0,0.0,21.0,3.0,0.0,0.0
2020-03-04,29.0,0.0,0.0,29.0,8.0,0.0,0.0
2020-03-05,41.0,0.0,0.0,41.0,12.0,0.0,0.0
2020-03-06,55.0,0.0,0.0,55.0,14.0,0.0,0.0
2020-03-07,79.0,0.0,0.0,79.0,24.0,0.0,0.0
2020-03-08,104.0,0.0,0.0,104.0,25.0,0.0,0.0
2020-03-09,131.0,0.0,2.0,129.0,27.0,0.0,2.0
2020-03-10,182.0,0.0,4.0,178.0,51.0,0.0,2.0
2020-03-11,246.0,0.0,4.0,242.0,64.0,0.0,0.0
2020-03-12,302.0,1.0,4.0,297.0,56.0,1.0,0.0
2020-03-13,504.0,1.0,6.0,497.0,202.0,0.0,2.0
2020-03-14,655.0,1.0,6.0,648.0,151.0,0.0,0.0
2020-03-15,860.0,1.0,6.0,853.0,205.0,0.0,0.0
2020-03-16,1018.0,3.0,6.0,1009.0,158.0,2.0,0.0
2020-03-17,1332.0,3.0,1.0,1328.0,314.0,0.0,-5.0
2020-03-18,1646.0,4.0,9.0,1633.0,314.0,1.0,8.0
2020-03-19,2013.0,6.0,9.0,1998.0,367.0,2.0,0.0
2020-03-20,2388.0,6.0,9.0,2373.0,375.0,0.0,0.0
2020-03-21,2814.0,8.0,9.0,2797.0,426.0,2.0,0.0
2020-03-22,3580.0,16.0,9.0,3555.0,766.0,8.0,0.0
2020-03-23,4474.0,21.0,9.0,4444.0,894.0,5.0,0.0
2020-03-24,5283.0,28.0,9.0,5246.0,809.0,7.0,0.0
2020-03-25,5588.0,30.0,9.0,5549.0,305.0,2.0,0.0
2020-03-26,6909.0,49.0,112.0,6748.0,1321.0,19.0,103.0
2020-03-27,7657.0,58.0,225.0,7374.0,748.0,9.0,113.0
2020-03-28,8271.0,68.0,225.0,7978.0,614.0,10.0,0.0
2020-03-29,8788.0,86.0,479.0,8223.0,517.0,18.0,254.0
2020-03-30,9618.0,108.0,636.0,8874.0,830.0,22.0,157.0
2020-03-31,10180.0,128.0,1095.0,8957.0,562.0,20.0,459.0
2020-04-01,10711.0,146.0,1436.0,9129.0,531.0,18.0,341.0
2020-04-02,11129.0,158.0,1749.0,9222.0,418.0,12.0,313.0
2020-04-03,11524.0,168.0,2022.0,9334.0,395.0,10.0,273.0
2020-04-04,11781.0,186.0,2507.0,9088.0,257.0,18.0,485.0
2020-04-05,12051.0,204.0,2998.0,8849.0,270.0,18.0,491.0
2020-04-06,12297.0,220.0,3463.0,8614.0,246.0,16.0,465.0
2020-04-07,12639.0,243.0,4046.0,8350.0,342.0,23.0,583.0
2020-04-08,12942.0,273.0,4512.0,8157.0,303.0,30.0,466.0
2020-04-09,13244.0,295.0,5240.0,7709.0,302.0,22.0,728.0
2020-04-10,13555.0,319.0,6064.0,7172.0,311.0,24.0,824.0
2020-04-11,13806.0,337.0,6604.0,6865.0,251.0,18.0,540.0
2020-04-12,13945.0,350.0,6987.0,6608.0,139.0,13.0,383.0
2020-04-13,14041.0,368.0,7343.0,6330.0,96.0,18.0,356.0
2020-04-14,14226.0,384.0,7633.0,6209.0,185.0,16.0,290.0
2020-04-15,14336.0,393.0,8098.0,5845.0,110.0,9.0,465.0
2020-04-16,14476.0,410.0,8986.0,5080.0,140.0,17.0,888.0
2020-04-17,14595.0,431.0,9704.0,4460.0,119.0,21.0,718.0
2020-04-18,14671.0,443.0,10214.0,4014.0,76.0,12.0,510.0
2020-04-19,14749.0,452.0,10501.0,3796.0,78.0,9.0,287.0
2020-04-20,14795.0,470.0,10631.0,3694.0,46.0,18.0,130.0
2020-04-21,14873.0,491.0,10971.0,3411.0,78.0,21.0,340.0
2020-04-22,14925.0,510.0,11328.0,3087.0,52.0,19.0,357.0
2020-04-23,15002.0,522.0,11694.0,2786.0,77.0,12.0,366.0
2020-04-24,15071.0,530.0,11872.0,2669.0,69.0,8.0,178.0
2020-04-25,15148.0,536.0,12103.0,2509.0,77.0,6.0,231.0
2020-04-26,15225.0,542.0,12282.0,2401.0,77.0,6.0,179.0
2020-04-27,15274.0,549.0,12362.0,2363.0,49.0,7.0,80.0
2020-04-28,15357.0,569.0,12580.0,2208.0,83.0,20.0,218.0
2020-04-29,15402.0,580.0,12779.0,2043.0,45.0,11.0,199.0
2020-04-30,15452.0,584.0,12907.0,1961.0,50.0,4.0,128.0
2020-05-01,15531.0,589.0,13110.0,1832.0,79.0,5.0,203.0
2020-05-02,15558.0,596.0,13180.0,1782.0,27.0,7.0,70.0
2020-05-03,15597.0,598.0,13228.0,1771.0,39.0,2.0,48.0
2020-05-04,15621.0,600.0,13316.0,1705.0,24.0,2.0,88.0
2020-05-05,15650.0,606.0,13462.0,1582.0,29.0,6.0,146.0
2020-05-06,15684.0,608.0,13639.0,1437.0,34.0,2.0,177.0
2020-05-07,15752.0,609.0,13698.0,1445.0,68.0,1.0,59.0
2020-05-08,15774.0,614.0,13836.0,1324.0,22.0,5.0,138.0
2020-05-09,15833.0,615.0,13928.0,1290.0,59.0,1.0,92.0
2020-05-10,15871.0,618.0,13991.0,1262.0,38.0,3.0,63.0
2020-05-11,15882.0,620.0,14061.0,1201.0,11.0,2.0,70.0
2020-05-12,15961.0,623.0,14148.0,1190.0,79.0,3.0,87.0
2020-05-13,15997.0,624.0,14304.0,1069.0,36.0,1.0,156.0
2020-05-14,16058.0,626.0,14405.0,1027.0,61.0,2.0,101.0
2020-05-15,16109.0,628.0,14471.0,1010.0,51.0,2.0,66.0
2020-05-16,16201.0,629.0,14524.0,1048.0,92.0,1.0,53.0
2020-05-17,16242.0,629.0,14563.0,1050.0,41.0,0.0,39.0
2020-05-18,16269.0,629.0,14614.0,1026.0,27.0,0.0,51.0
2020-05-19,16321.0,632.0,14678.0,1011.0,52.0,3.0,64.0
2020-05-20,16353.0,633.0,14882.0,838.0,32.0,1.0,204.0
2020-05-21,16404.0,633.0,14951.0,820.0,51.0,0.0,69.0
2020-05-22,16436.0,635.0,15005.0,796.0,32.0,2.0,54.0
2020-05-23,16486.0,639.0,15037.0,810.0,50.0,4.0,32.0
2020-05-24,16503.0,640.0,15063.0,800.0,17.0,1.0,26.0
2020-05-25,16539.0,641.0,15138.0,760.0,36.0,1.0,75.0
2020-05-26,16557.0,643.0,15182.0,732.0,18.0,2.0,44.0
2020-05-27,16591.0,645.0,15228.0,718.0,34.0,2.0,46.0
2020-05-28,16628.0,668.0,15286.0,674.0,37.0,23.0,58.0
2020-05-29,16655.0,668.0,15347.0,640.0,27.0,0.0,61.0
2020-05-30,16685.0,668.0,15520.0,497.0,30.0,0.0,173.0
2020-05-31,16731.0,668.0,15593.0,470.0,46.0,0.0,73.0
2020-06-01,16733.0,668.0,15596.0,469.0,2.0,0.0,3.0
2020-06-02,16759.0,669.0,15629.0,461.0,26.0,1.0,33.0
2020-06-03,16771.0,670.0,15672.0,429.0,12.0,1.0,43.0
2020-06-04,16805.0,670.0,15717.0,418.0,34.0,0.0,45.0
2020-06-05,16843.0,672.0,15742.0,429.0,38.0,2.0,25.0
2020-06-06,16898.0,672.0,15789.0,437.0,55.0,0.0,47.0
2020-06-07,16902.0,672.0,15793.0,437.0,4.0,0.0,4.0
2020-06-08,16968.0,672.0,15839.0,457.0,66.0,0.0,46.0
2020-06-09,16979.0,672.0,15875.0,432.0,11.0,0.0,36.0
2020-06-10,17005.0,673.0,15910.0,422.0,26.0,1.0,35.0
2020-06-11,17034.0,674.0,15949.0,411.0,29.0,1.0,39.0
2020-06-12,17064.0,675.0,15985.0,404.0,30.0,1.0,36.0
2020-06-13,17078.0,677.0,16012.0,389.0,14.0,2.0,27.0
2020-06-14,17109.0,677.0,16059.0,373.0,31.0,0.0,47.0
2020-06-15,17135.0,678.0,16066.0,391.0,26.0,1.0,7.0
2020-06-16,17189.0,681.0,16089.0,419.0,54.0,3.0,23.0
2020-06-17,17203.0,687.0,16099.0,417.0,14.0,6.0,10.0
2020-06-18,17223.0,688.0,16101.0,434.0,20.0,1.0,2.0
2020-06-19,17271.0,688.0,16141.0,442.0,48.0,0.0,40.0
2020-06-20,17323.0,688.0,16175.0,460.0,52.0,0.0,34.0
2020-06-21,17341.0,690.0,16197.0,454.0,18.0,2.0,22.0
2020-06-22,17380.0,690.0,16241.0,449.0,39.0,0.0,44.0
2020-06-23,17408.0,693.0,16261.0,454.0,28.0,3.0,20.0
2020-06-24,17449.0,693.0,16282.0,474.0,41.0,0.0,21.0
2020-06-25,17477.0,698.0,16320.0,459.0,28.0,5.0,38.0
2020-06-26,17522.0,698.0,16348.0,476.0,45.0,0.0,28.0
2020-06-27,17580.0,700.0,16371.0,509.0,58.0,2.0,23.0
2020-06-28,17654.0,702.0,16401.0,551.0,74.0,2.0,30.0
2020-06-29,17723.0,703.0,16420.0,600.0,69.0,1.0,19.0
2020-06-30,17766.0,705.0,16478.0,583.0,43.0,2.0,58.0
2020-07-01,17873.0,705.0,16491.0,677.0,107.0,0.0,13.0
2020-07-02,17941.0,705.0,16514.0,722.0,68.0,0.0,23.0
2020-07-03,18050.0,705.0,16558.0,787.0,109.0,0.0,44.0
2020-07-04,18165.0,705.0,16607.0,853.0,115.0,0.0,49.0
2020-07-05,18280.0,706.0,16615.0,959.0,115.0,1.0,8.0
2020-07-06,18365.0,706.0,16647.0,1012.0,85.0,0.0,32.0
2020-07-07,18421.0,706.0,16686.0,1029.0,56.0,0.0,39.0
2020-07-08,18513.0,706.0,16721.0,1086.0,92.0,0.0,35.0
2020-07-09,18615.0,706.0,16758.0,1151.0,102.0,0.0,37.0
2020-07-10,18709.0,706.0,16808.0,1195.0,94.0,0.0,50.0
2020-07-11,18783.0,706.0,16864.0,1213.0,74.0,0.0,56.0
2020-07-12,18897.0,708.0,16952.0,1237.0,114.0,2.0,88.0
2020-07-13,18948.0,708.0,17000.0,1240.0,51.0,0.0,48.0
2020-07-14,19021.0,709.0,17073.0,1239.0,73.0,1.0,73.0
2020-07-15,19154.0,710.0,17175.0,1269.0,133.0,1.0,102.0
2020-07-16,19270.0,711.0,17244.0,1315.0,116.0,1.0,69.0
2020-07-17,19439.0,711.0,17335.0,1393.0,169.0,0.0,91.0
2020-07-18,19573.0,711.0,17501.0,1361.0,134.0,0.0,166.0
2020-07-19,19655.0,711.0,17599.0,1345.0,82.0,0.0,98.0
2020-07-20,19743.0,711.0,17659.0,1373.0,88.0,0.0,60.0
2020-07-21,19827.0,710.0,17716.0,1401.0,84.0,-1.0,57.0
2020-07-22,19929.0,711.0,17849.0,1369.0,102.0,1.0,133.0
2020-07-23,20099.0,711.0,17943.0,1445.0,170.0,0.0,94.0
2020-07-24,20214.0,711.0,18042.0,1461.0,115.0,0.0,99.0
2020-07-25,20338.0,712.0,18124.0,1502.0,124.0,1.0,82.0
2020-07-26,20472.0,712.0,18209.0,1551.0,134.0,0.0,85.0
2020-07-27,20558.0,713.0,18246.0,1599.0,86.0,1.0,37.0
2020-07-28,20677.0,713.0,18379.0,1585.0,119.0,0.0,133.0
2020-07-29,20850.0,716.0,18528.0,1606.0,173.0,3.0,149.0
2020-07-30,20955.0,718.0,18628.0,1609.0,105.0,2.0,100.0
2020-07-31,21130.0,718.0,18758.0,1654.0,175.0,0.0,130.0
2020-08-01,21212.0,718.0,18911.0,1583.0,82.0,0.0,153.0
2020-08-02,21304.0,718.0,18984.0,1602.0,92.0,0.0,73.0
2020-08-03,21385.0,718.0,19063.0,1604.0,81.0,0.0,79.0
2020-08-04,21481.0,719.0,19336.0,1426.0,96.0,1.0,273.0
2020-08-05,21566.0,719.0,19464.0,1383.0,85.0,0.0,128.0
2020-08-06,21696.0,719.0,19596.0,1381.0,130.0,0.0,132.0
2020-08-07,21837.0,720.0,19690.0,1427.0,141.0,1.0,94.0
2020-08-08,21919.0,721.0,19812.0,1386.0,82.0,1.0,122.0
2020-08-09,22033.0,721.0,19923.0,1389.0,114.0,0.0,111.0
2020-08-10,22106.0,723.0,20010.0,1373.0,73.0,2.0,87.0
2020-08-11,22245.0,723.0,20123.0,1399.0,139.0,0.0,113.0
2020-08-12,22439.0,724.0,20268.0,1447.0,194.0,1.0,145.0
2020-08-13,22594.0,725.0,20346.0,1523.0,155.0,1.0,78.0
2020-08-14,22876.0,725.0,20499.0,1652.0,282.0,0.0,153.0
2020-08-15,23179.0,728.0,20627.0,1824.0,303.0,3.0,128.0
2020-08-16,23370.0,728.0,20681.0,1961.0,191.0,0.0,54.0
2020-08-17,23534.0,729.0,20765.0,2040.0,164.0,1.0,84.0
2020-08-18,23829.0,729.0,20870.0,2230.0,295.0,0.0,105.0
2020-08-19,24084.0,729.0,20958.0,2397.0,255.0,0.0,88.0
2020-08-20,24431.0,729.0,21093.0,2609.0,347.0,0.0,135.0
2020-08-21,24762.0,730.0,21260.0,2772.0,331.0,1.0,167.0
2020-08-22,25062.0,732.0,21406.0,2924.0,300.0,2.0,146.0
2020-08-23,25253.0,732.0,21558.0,2963.0,191.0,0.0,152.0
2020-08-24,25495.0,733.0,21657.0,3105.0,242.0,1.0,99.0
2020-08-25,25706.0,733.0,21888.0,3085.0,211.0,0.0,231.0
2020-08-26,26033.0,733.0,22145.0,3155.0,327.0,0.0,257.0
2020-08-27,26361.0,733.0,22317.0,3311.0,328.0,0.0,172.0
2020-08-28,26590.0,733.0,22594.0,3263.0,229.0,0.0,277.0
2020-08-29,26985.0,733.0,22866.0,3386.0,395.0,0.0,272.0
2020-08-30,27166.0,733.0,23070.0,3363.0,181.0,0.0,204.0
2020-08-31,27438.0,733.0,23226.0,3479.0,272.0,0.0,156.0
2020-09-01,27642.0,734.0,23565.0,3343.0,204.0,1.0,339.0
2020-09-02,27969.0,734.0,23820.0,3415.0,327.0,0.0,255.0
2020-09-03,28372.0,735.0,24171.0,3466.0,403.0,1.0,351.0
2020-09-04,28729.0,735.0,24513.0,3481.0,357.0,0.0,342.0
2020-09-05,29087.0,735.0,24828.0,3524.0,358.0,0.0,315.0
2020-09-06,29271.0,736.0,25043.0,3492.0,184.0,1.0,215.0
2020-09-07,29561.0,746.0,25300.0,3515.0,290.0,10.0,257.0
2020-09-08,30081.0,747.0,25629.0,3705.0,520.0,1.0,329.0
2020-09-09,30583.0,747.0,25764.0,4072.0,502.0,0.0,135.0
2020-09-10,31247.0,748.0,26043.0,4456.0,664.0,1.0,279.0
2020-09-11,31827.0,750.0,26257.0,4820.0,580.0,2.0,214.0
2020-09-12,32696.0,754.0,26579.0,5363.0,869.0,4.0,322.0
2020-09-13,33159.0,756.0,26760.0,5643.0,463.0,2.0,181.0
2020-09-14,33541.0,757.0,27010.0,5774.0,382.0,1.0,250.0
2020-09-15,34305.0,757.0,27354.0,6194.0,764.0,0.0,344.0
2020-09-16,35073.0,758.0,27655.0,6660.0,768.0,1.0,301.0
2020-09-17,35853.0,758.0,28044.0,7051.0,780.0,0.0,389.0
2020-09-18,36661.0,763.0,28451.0,7447.0,808.0,5.0,407.0
2020-09-19,37474.0,765.0,28961.0,7748.0,813.0,2.0,510.0
2020-09-20,38095.0,766.0,29229.0,8100.0,621.0,1.0,268.0
2020-09-21,38658.0,767.0,29516.0,8375.0,563.0,1.0,287.0
2020-09-22,39303.0,771.0,30312.0,8220.0,645.0,4.0,796.0
2020-09-23,39984.0,777.0,30949.0,8258.0,681.0,6.0,637.0
2020-09-24,40816.0,783.0,31661.0,8372.0,832.0,6.0,712.0
2020-09-25,41500.0,786.0,32301.0,8413.0,684.0,3.0,640.0
2020-09-26,42214.0,787.0,33154.0,8273.0,714.0,1.0,853.0
2020-09-27,42876.0,787.0,33589.0,8500.0,662.0,0.0,435.0
2020-09-28,43432.0,790.0,34052.0,8590.0,556.0,3.0,463.0
2020-09-29,44041.0,796.0,34916.0,8329.0,609.0,6.0,864.0
2020-09-30,44813.0,799.0,35644.0,8370.0,772.0,3.0,728.0
2020-10-01,45686.0,802.0,36476.0,8408.0,873.0,3.0,832.0
2020-10-02,46374.0,803.0,37186.0,8385.0,688.0,1.0,710.0
2020-10-03,47432.0,809.0,38045.0,8578.0,1058.0,6.0,859.0
2020-10-04,48146.0,813.0,38629.0,8704.0,714.0,4.0,584.0
2020-10-05,48896.0,818.0,39058.0,9020.0,750.0,5.0,429.0
2020-10-06,49819.0,822.0,39790.0,9207.0,923.0,4.0,732.0
2020-10-07,50848.0,830.0,40499.0,9519.0,1029.0,8.0,709.0
2020-10-08,52057.0,838.0,41289.0,9930.0,1209.0,8.0,790.0
2020-10-09,53188.0,842.0,42039.0,10307.0,1131.0,4.0,750.0
2020-10-10,54423.0,852.0,42829.0,10742.0,1235.0,10.0,790.0
2020-10-11,55319.0,851.0,43448.0,11020.0,896.0,-1.0,619.0
2020-10-12,56298.0,855.0,44065.0,11378.0,979.0,4.0,617.0
2020-10-13,57326.0,861.0,44949.0,11516.0,1028.0,6.0,884.0
2020-10-14,58672.0,872.0,45846.0,11954.0,1346.0,11.0,897.0
2020-10-15,60224.0,877.0,46798.0,12549.0,1552.0,5.0,952.0
2020-10-16,61387.0,882.0,47618.0,12887.0,1163.0,5.0,820.0
2020-10-17,63134.0,889.0,48771.0,13474.0,1747.0,7.0,1153.0
2020-10-18,64806.0,893.0,49561.0,14352.0,1672.0,4.0,790.0
2020-10-19,65927.0,904.0,50359.0,14664.0,1121.0,11.0,798.0
2020-10-20,67451.0,914.0,51407.0,15130.0,1524.0,10.0,1048.0
2020-10-21,69409.0,925.0,52617.0,15867.0,1958.0,11.0,1210.0
2020-10-22,71844.0,941.0,53970.0,16933.0,2435.0,16.0,1353.0
2020-10-23,74415.0,954.0,55195.0,18266.0,2571.0,13.0,1225.0
2020-10-24,78029.0,965.0,56791.0,20273.0,3614.0,11.0,1596.0
2020-10-25,80811.0,979.0,57858.0,21974.0,2782.0,14.0,1067.0
2020-10-26,83267.0,992.0,59036.0,23239.0,2456.0,13.0,1178.0
2020-10-27,86102.0,1005.0,60308.0,24789.0,2835.0,13.0,1272.0
2020-10-28,89496.0,1027.0,61684.0,26785.0,3394.0,22.0,1376.0
2020-10-29,93949.0,1056.0,63366.0,29527.0,4453.0,29.0,1682.0
2020-10-30,99576.0,1082.0,64987.0,33507.0,5627.0,26.0,1621.0
2020-10-31,104925.0,1109.0,67226.0,36590.0,5349.0,27.0,2239.0
2020-11-01,109881.0,1130.0,69336.0,39415.0,4956.0,21.0,2110.0
2020-11-02,114016.0,1159.0,71691.0,41166.0,4135.0,29.0,2355.0
2020-11-03,118198.0,1192.0,74292.0,42714.0,4182.0,33.0,2601.0
2020-11-04,125099.0,1227.0,77036.0,46836.0,6901.0,35.0,2744.0
2020-11-05,132515.0,1268.0,80604.0,50643.0,7416.0,41.0,3568.0
2020-11-06,138979.0,1340.0,83707.0,53932.0,6464.0,72.0,3103.0
