date,confirmed,deaths,recovered,active,new_confirmed,new_deaths,new_recovered
2020-02-28,1.0,0.0,0.0,1.0,,,
2020-03-01,3.0,0.0,0.0,3.0,2.0,0.0,0.0
2020-03-02,3.0,0.0,0.0,3.0,0.0,0.0,0.0
2020-03-03,3.0,0.0,0.0,3.0,0.0,0.0,0.0
2020-03-04,3.0,0.0,0.0,3.0,0.0,0.0,0.0
2020-03-05,6.0,0.0,0.0,6.0,3.0,0.0,0.0
2020-03-06,6.0,0.0,0.0,6.0,0.0,0.0,0.0
2020-03-07,9.0,0.0,0.0,9.0,3.0,0.0,0.0
2020-03-08,9.0,0.0,0.0,9.0,0.0,0.0,0.0
2020-03-09,9.0,0.0,0.0,9.0,0.0,0.0,0.0
2020-03-10,11.0,0.0,0.0,11.0,2.0,0.0,0.0
2020-03-11,11.0,0.0,3.0,8.0,0.0,0.0,3.0
2020-03-12,11.0,0.0,3.0,8.0,0.0,0.0,0.0
2020-03-13,15.0,1.0,3.0,11.0,4.0,1.0,0.0
2020-03-14,15.0,1.0,3.0,11.0,0.0,0.0,0.0
2020-03-15,23.0,1.0,6.0,16.0,8.0,0.0,3.0
2020-03-16,15.0,1.0,6.0,8.0,-8.0,0.0,0.0
2020-03-17,28.0,1.0,6.0,21.0,13.0,0.0,0.0
2020-03-18,28.0,1.0,6.0,21.0,0.0,0.0,0.0
2020-03-19,44.0,1.0,6.0,37.0,16.0,0.0,0.0
2020-03-20,44.0,1.0,6.0,37.0,0.0,0.0,0.0
2020-03-21,53.0,1.0,11.0,41.0,9.0,0.0,5.0
2020-03-22,65.0,1.0,11.0,53.0,12.0,0.0,0.0
2020-03-23,72.0,1.0,10.0,61.0,7.0,0.0,-1.0
2020-03-24,87.0,1.0,10.0,76.0,15.0,0.0,0.0
2020-03-25,93.0,2.0,10.0,81.0,6.0,1.0,0.0
2020-03-26,122.0,3.0,15.0,104.0,29.0,1.0,5.0
2020-03-27,165.0,3.0,15.0,147.0,43.0,0.0,0.0
2020-03-28,182.0,4.0,15.0,163.0,17.0,1.0,0.0
2020-03-29,209.0,4.0,15.0,190.0,27.0,0.0,0.0
2020-03-30,273.0,4.0,26.0,243.0,64.0,0.0,11.0
2020-03-31,298.0,5.0,26.0,267.0,25.0,1.0,0.0
2020-04-01,359.0,5.0,26.0,328.0,61.0,0.0,0.0
2020-04-02,400.0,5.0,26.0,369.0,41.0,0.0,0.0
2020-04-03,443.0,5.0,32.0,406.0,43.0,0.0,6.0
2020-04-04,521.0,5.0,32.0,484.0,78.0,0.0,0.0
2020-04-05,584.0,7.0,32.0,545.0,63.0,2.0,0.0
2020-04-06,641.0,7.0,44.0,590.0,57.0,0.0,12.0
2020-04-07,717.0,8.0,44.0,665.0,76.0,1.0,0.0
2020-04-08,822.0,8.0,63.0,751.0,105.0,0.0,19.0
2020-04-09,926.0,9.0,101.0,816.0,104.0,1.0,38.0
2020-04-10,991.0,10.0,159.0,822.0,65.0,1.0,58.0
2020-04-11,1058.0,11.0,200.0,847.0,67.0,1.0,41.0
2020-04-12,1098.0,11.0,250.0,837.0,40.0,0.0,50.0
2020-04-13,1148.0,12.0,289.0,847.0,50.0,1.0,39.0
2020-04-14,1197.0,13.0,351.0,833.0,49.0,1.0,62.0
2020-04-15,1253.0,13.0,404.0,836.0,56.0,0.0,53.0
2020-04-16,1283.0,15.0,460.0,808.0,30.0,2.0,56.0
2020-04-17,1340.0,15.0,528.0,797.0,57.0,0.0,68.0
2020-04-18,1373.0,18.0,590.0,765.0,33.0,3.0,62.0
2020-04-19,1398.0,19.0,712.0,667.0,25.0,1.0,122.0
2020-04-20,1436.0,19.0,791.0,626.0,38.0,0.0,79.0
2020-04-21,1480.0,20.0,865.0,595.0,44.0,1.0,74.0
2020-04-22,1518.0,20.0,907.0,591.0,38.0,0.0,42.0
2020-04-23,1548.0,20.0,948.0,580.0,30.0,0.0,41.0
2020-04-24,1592.0,21.0,1013.0,558.0,44.0,1.0,65.0
2020-04-25,1617.0,21.0,1080.0,516.0,25.0,0.0,67.0
2020-04-26,1645.0,21.0,1139.0,485.0,28.0,0.0,59.0
2020-04-27,1678.0,22.0,1162.0,494.0,33.0,1.0,23.0
2020-04-28,1717.0,22.0,1221.0,474.0,39.0,0.0,59.0
2020-04-29,1766.0,23.0,1267.0,476.0,49.0,1.0,46.0
2020-04-30,1804.0,24.0,1325.0,455.0,38.0,1.0,58.0
2020-05-01,1854.0,25.0,1365.0,464.0,50.0,1.0,40.0
2020-05-02,1894.0,25.0,1411.0,458.0,40.0,0.0,46.0
2020-05-03,1932.0,25.0,1441.0,466.0,38.0,0.0,30.0
2020-05-04,1984.0,26.0,1480.0,478.0,52.0,1.0,39.0
2020-05-05,2060.0,26.0,1508.0,526.0,76.0,0.0,28.0
2020-05-06,2127.0,28.0,1536.0,563.0,67.0,2.0,28.0
2020-05-07,2204.0,28.0,1551.0,625.0,77.0,0.0,15.0
2020-05-08,2279.0,28.0,1576.0,675.0,75.0,0.0,25.0
2020-05-09,2422.0,31.0,1620.0,771.0,143.0,3.0,44.0
2020-05-10,2519.0,32.0,1650.0,837.0,97.0,1.0,30.0
2020-05-11,2589.0,32.0,1680.0,877.0,70.0,0.0,30.0
2020-05-12,2693.0,33.0,1680.0,980.0,104.0,1.0,0.0
2020-05-13,2758.0,35.0,1789.0,934.0,65.0,2.0,109.0
2020-05-14,2879.0,35.0,1833.0,1011.0,121.0,0.0,44.0
2020-05-15,2980.0,36.0,1886.0,1058.0,101.0,1.0,53.0
2020-05-16,3138.0,36.0,1944.0,1158.0,158.0,0.0,58.0
2020-05-17,3274.0,39.0,2015.0,1220.0,136.0,3.0,71.0
2020-05-18,3387.0,40.0,2055.0,1292.0,113.0,1.0,40.0
2020-05-19,3518.0,41.0,2198.0,1279.0,131.0,1.0,143.0
2020-05-20,3631.0,43.0,2253.0,1335.0,113.0,2.0,55.0
2020-05-21,3749.0,44.0,2340.0,1365.0,118.0,1.0,87.0
2020-05-22,3855.0,46.0,2399.0,1410.0,106.0,2.0,59.0
2020-05-23,3982.0,49.0,2506.0,1427.0,127.0,3.0,107.0
2020-05-24,4122.0,49.0,2607.0,1466.0,140.0,0.0,101.0
2020-05-25,4271.0,51.0,2741.0,1479.0,149.0,2.0,134.0
2020-05-26,4403.0,52.0,2819.0,1532.0,132.0,1.0,78.0
2020-05-27,4568.0,54.0,2897.0,1617.0,165.0,2.0,78.0
2020-05-28,4759.0,56.0,3022.0,1681.0,191.0,2.0,125.0
2020-05-29,4989.0,58.0,3125.0,1806.0,230.0,2.0,103.0
2020-05-30,5246.0,61.0,3327.0,1858.0,257.0,3.0,202.0
2020-05-31,5494.0,63.0,3428.0,2003.0,248.0,2.0,101.0
2020-06-01,5662.0,68.0,3508.0,2086.0,168.0,5.0,80.0
2020-06-02,5935.0,71.0,3564.0,2300.0,273.0,3.0,56.0
2020-06-03,6260.0,76.0,3665.0,2519.0,325.0,5.0,101.0
2020-06-04,6522.0,78.0,3737.0,2707.0,262.0,2.0,72.0
2020-06-05,6860.0,82.0,3871.0,2907.0,338.0,4.0,134.0
2020-06-06,7239.0,84.0,4024.0,3131.0,379.0,2.0,153.0
2020-06-07,7553.0,88.0,4149.0,3316.0,314.0,4.0,125.0
2020-06-08,7876.0,93.0,4377.0,3406.0,323.0,5.0,228.0
2020-06-09,8191.0,98.0,4606.0,3487.0,315.0,5.0,229.0
2020-06-10,8530.0,102.0,4720.0,3708.0,339.0,4.0,114.0
2020-06-11,8882.0,108.0,4930.0,3844.0,352.0,6.0,210.0
2020-06-12,9218.0,113.0,5116.0,3989.0,336.0,5.0,186.0
2020-06-13,9570.0,115.0,5309.0,4146.0,352.0,2.0,193.0
2020-06-14,9957.0,119.0,5583.0,4255.0,387.0,4.0,274.0
2020-06-15,10324.0,122.0,5739.0,4463.0,367.0,3.0,156.0
2020-06-16,10662.0,126.0,5948.0,4588.0,338.0,4.0,209.0
2020-06-17,10991.0,133.0,6075.0,4783.0,329.0,7.0,127.0
2020-06-18,11329.0,139.0,6192.0,4998.0,338.0,6.0,117.0
2020-06-19,11767.0,143.0,6325.0,5299.0,438.0,4.0,133.0
2020-06-20,12238.0,148.0,6516.0,5574.0,471.0,5.0,191.0
2020-06-21,12729.0,154.0,6799.0,5776.0,491.0,6.0,283.0
2020-06-22,13207.0,161.0,7168.0,5878.0,478.0,7.0,369.0
2020-06-23,13715.0,167.0,7503.0,6045.0,508.0,6.0,335.0
2020-06-24,14305.0,174.0,7768.0,6363.0,590.0,7.0,265.0
2020-06-25,14852.0,180.0,8059.0,6613.0,547.0,6.0,291.0
2020-06-26,15369.0,187.0,8364.0,6818.0,517.0,7.0,305.0
2020-06-27,15890.0,193.0,8719.0,6978.0,521.0,6.0,355.0
2020-06-28,16424.0,198.0,9026.0,7200.0,534.0,5.0,307.0
2020-06-29,16968.0,206.0,9369.0,7393.0,544.0,8.0,343.0
2020-06-30,17524.0,213.0,9715.0,7596.0,556.0,7.0,346.0
2020-07-01,18112.0,220.0,10061.0,7831.0,588.0,7.0,346.0
2020-07-02,18684.0,228.0,10425.0,8031.0,572.0,8.0,364.0
2020-07-03,19267.0,235.0,10820.0,8212.0,583.0,7.0,395.0
2020-07-04,19801.0,241.0,11291.0,8269.0,534.0,6.0,471.0
2020-07-05,20324.0,250.0,11742.0,8332.0,523.0,9.0,451.0
2020-07-06,20837.0,258.0,12182.0,8397.0,513.0,8.0,440.0
2020-07-07,21374.0,265.0,12635.0,8474.0,537.0,7.0,453.0
2020-07-08,21916.0,274.0,13100.0,8542.0,542.0,9.0,465.0
2020-07-09,22464.0,284.0,13591.0,8589.0,548.0,10.0,491.0
2020-07-10,22990.0,292.0,14093.0,8605.0,526.0,8.0,502.0
2020-07-11,23521.0,298.0,14607.0,8616.0,531.0,6.0,514.0
2020-07-12,24041.0,306.0,15093.0,8642.0,520.0,8.0,486.0
2020-07-13,24570.0,313.0,15640.0,8617.0,529.0,7.0,547.0
2020-07-14,25113.0,319.0,16150.0,8644.0,543.0,6.0,510.0
2020-07-15,25672.0,326.0,16695.0,8651.0,559.0,7.0,545.0
2020-07-16,26165.0,334.0,17256.0,8575.0,493.0,8.0,561.0
2020-07-17,26636.0,341.0,17805.0,8490.0,471.0,7.0,549.0
2020-07-18,27133.0,349.0,18450.0,8334.0,497.0,8.0,645.0
2020-07-19,27521.0,354.0,18967.0,8200.0,388.0,5.0,517.0
2020-07-20,27890.0,363.0,19490.0,8037.0,369.0,9.0,523.0
2020-07-21,28242.0,376.0,19939.0,7927.0,352.0,13.0,449.0
2020-07-22,28633.0,385.0,20443.0,7805.0,391.0,9.0,504.0
2020-07-23,28980.0,391.0,20974.0,7615.0,347.0,6.0,531.0
2020-07-24,29312.0,400.0,21547.0,7365.0,332.0,9.0,573.0
2020-07-25,29633.0,408.0,22082.0,7143.0,321.0,8.0,535.0
2020-07-26,30050.0,417.0,22684.0,6949.0,417.0,9.0,602.0
2020-07-27,30446.0,423.0,23242.0,6781.0,396.0,6.0,558.0
2020-07-28,30858.0,430.0,23873.0,6555.0,412.0,7.0,631.0
2020-07-29,31221.0,438.0,24495.0,6288.0,363.0,8.0,622.0
2020-07-30,31560.0,441.0,25168.0,5951.0,339.0,3.0,673.0
2020-07-31,31878.0,448.0,25882.0,5548.0,318.0,7.0,714.0
2020-08-01,32157.0,454.0,26474.0,5229.0,279.0,6.0,592.0
2020-08-02,32443.0,462.0,27113.0,4868.0,286.0,8.0,639.0
2020-08-03,32684.0,468.0,27760.0,4456.0,241.0,6.0,647.0
2020-08-04,32910.0,473.0,28348.0,4089.0,226.0,5.0,588.0
2020-08-05,33103.0,476.0,28840.0,3787.0,193.0,3.0,492.0
2020-08-06,33247.0,479.0,29275.0,3493.0,144.0,3.0,435.0
2020-08-07,33376.0,483.0,29696.0,3197.0,129.0,4.0,421.0
2020-08-08,33481.0,488.0,30056.0,2937.0,105.0,5.0,360.0
2020-08-09,33568.0,490.0,30364.0,2714.0,87.0,2.0,308.0
2020-08-10,33647.0,492.0,30642.0,2513.0,79.0,2.0,278.0
2020-08-11,33731.0,495.0,30856.0,2380.0,84.0,3.0,214.0
2020-08-12,33824.0,497.0,31058.0,2269.0,93.0,2.0,202.0
2020-08-13,33915.0,500.0,31269.0,2146.0,91.0,3.0,211.0
2020-08-14,34018.0,504.0,31490.0,2024.0,103.0,4.0,221.0
2020-08-15,34107.0,506.0,31697.0,1904.0,89.0,2.0,207.0
2020-08-16,34219.0,506.0,31875.0,1838.0,112.0,0.0,178.0
2020-08-17,34343.0,508.0,32042.0,1793.0,124.0,2.0,167.0
2020-08-18,34474.0,509.0,32201.0,1764.0,131.0,1.0,159.0
2020-08-19,34620.0,510.0,32363.0,1747.0,146.0,1.0,162.0
2020-08-20,34759.0,510.0,32511.0,1738.0,139.0,0.0,148.0
2020-08-21,34921.0,512.0,32682.0,1727.0,162.0,2.0,171.0
2020-08-22,35105.0,515.0,32842.0,1748.0,184.0,3.0,160.0
2020-08-23,35274.0,518.0,32993.0,1763.0,169.0,3.0,151.0
2020-08-24,35426.0,519.0,33104.0,1803.0,152.0,1.0,111.0
2020-08-25,35559.0,521.0,33190.0,1848.0,133.0,2.0,86.0
2020-08-26,35707.0,522.0,33281.0,1904.0,148.0,1.0,91.0
2020-08-27,35844.0,524.0,33364.0,1956.0,137.0,2.0,83.0
2020-08-28,35986.0,527.0,33461.0,1998.0,142.0,3.0,97.0
2020-08-29,36174.0,529.0,33576.0,2069.0,188.0,2.0,115.0
2020-08-30,36309.0,531.0,33703.0,2075.0,135.0,2.0,127.0
2020-08-31,36435.0,534.0,33847.0,2054.0,126.0,3.0,144.0
2020-09-01,36578.0,536.0,33977.0,2065.0,143.0,2.0,130.0
2020-09-02,36732.0,538.0,34116.0,2078.0,154.0,2.0,139.0
2020-09-03,36899.0,541.0,34264.0,2094.0,167.0,3.0,148.0
2020-09-04,37031.0,543.0,34419.0,2069.0,132.0,2.0,155.0
2020-09-05,37192.0,545.0,34565.0,2082.0,161.0,2.0,146.0
2020-09-06,37329.0,548.0,34705.0,2076.0,137.0,3.0,140.0
2020-09-07,37418.0,551.0,34837.0,2030.0,89.0,3.0,132.0
2020-09-08,37557.0,552.0,34965.0,2040.0,139.0,1.0,128.0
2020-09-09,37732.0,555.0,35119.0,2058.0,175.0,3.0,154.0
2020-09-10,37874.0,556.0,35269.0,2049.0,142.0,1.0,150.0
2020-09-11,38037.0,557.0,35440.0,2040.0,163.0,1.0,171.0
2020-09-12,38172.0,559.0,35607.0,2006.0,135.0,2.0,167.0
2020-09-13,38327.0,562.0,35756.0,2009.0,155.0,3.0,149.0
2020-09-14,38403.0,564.0,35860.0,1979.0,76.0,2.0,104.0
2020-09-15,38517.0,566.0,35998.0,1953.0,114.0,2.0,138.0
2020-09-16,38658.0,569.0,36149.0,1940.0,141.0,3.0,151.0
2020-09-17,38777.0,571.0,36289.0,1917.0,119.0,2.0,140.0
2020-09-18,38894.0,572.0,36424.0,1898.0,117.0,1.0,135.0
2020-09-19,39042.0,574.0,36601.0,1867.0,148.0,2.0,177.0
2020-09-20,39188.0,575.0,36755.0,1858.0,146.0,1.0,154.0
2020-09-21,39280.0,576.0,36836.0,1868.0,92.0,1.0,81.0
2020-09-22,39378.0,578.0,36949.0,1851.0,98.0,2.0,113.0
2020-09-23,39524.0,580.0,37122.0,1822.0,146.0,2.0,173.0
2020-09-24,39686.0,581.0,37255.0,1850.0,162.0,1.0,133.0
2020-09-25,39787.0,583.0,37392.0,1812.0,101.0,2.0,137.0
2020-09-26,39895.0,585.0,37523.0,1787.0,108.0,2.0,131.0
2020-09-27,40023.0,586.0,37655.0,1782.0,128.0,1.0,132.0
2020-09-28,40061.0,588.0,37725.0,1748.0,38.0,2.0,70.0
2020-09-29,40119.0,590.0,37827.0,1702.0,58.0,2.0,102.0
2020-09-30,40229.0,591.0,37954.0,1684.0,110.0,1.0,127.0
2020-10-01,40309.0,593.0,38068.0,1648.0,80.0,2.0,114.0
2020-10-02,40453.0,594.0,38217.0,1642.0,144.0,1.0,149.0
2020-10-03,40561.0,595.0,38354.0,1612.0,108.0,1.0,137.0
2020-10-04,40691.0,596.0,38496.0,1599.0,130.0,1.0,142.0
2020-10-05,40788.0,598.0,38587.0,1603.0,97.0,2.0,91.0
2020-10-06,40931.0,600.0,38713.0,1618.0,143.0,2.0,126.0
2020-10-07,41113.0,602.0,38858.0,1653.0,182.0,2.0,145.0
2020-10-08,41304.0,603.0,39012.0,1689.0,191.0,1.0,154.0
2020-10-09,41519.0,605.0,39129.0,1785.0,215.0,2.0,117.0
2020-10-10,41752.0,608.0,39235.0,1909.0,233.0,3.0,106.0
2020-10-11,41982.0,609.0,39357.0,2016.0,230.0,1.0,122.0
2020-10-12,42104.0,609.0,39404.0,2091.0,122.0,0.0,47.0
2020-10-13,42381.0,612.0,39468.0,2301.0,277.0,3.0,64.0
2020-10-14,42750.0,616.0,39570.0,2564.0,369.0,4.0,102.0
2020-10-15,43280.0,619.0,39671.0,2990.0,530.0,3.0,101.0
2020-10-16,43789.0,621.0,39800.0,3368.0,509.0,2.0,129.0
2020-10-17,44317.0,623.0,39903.0,3791.0,528.0,2.0,103.0
2020-10-18,44964.0,626.0,40037.0,4301.0,647.0,3.0,134.0
2020-10-19,45295.0,630.0,40144.0,4521.0,331.0,4.0,107.0
2020-10-20,45879.0,635.0,40272.0,4972.0,584.0,5.0,128.0
2020-10-21,46593.0,642.0,40448.0,5503.0,714.0,7.0,176.0
2020-10-22,47418.0,648.0,40619.0,6151.0,825.0,6.0,171.0
2020-10-23,48221.0,656.0,40831.0,6734.0,803.0,8.0,212.0
2020-10-24,49013.0,664.0,41051.0,7298.0,792.0,8.0,220.0
2020-10-25,49959.0,671.0,41279.0,8009.0,946.0,7.0,228.0
2020-10-26,50486.0,679.0,41410.0,8397.0,527.0,8.0,131.0
2020-10-27,51149.0,688.0,41693.0,8768.0,663.0,9.0,283.0
2020-10-28,52137.0,699.0,42033.0,9405.0,988.0,11.0,340.0
2020-10-29,53152.0,708.0,42516.0,9928.0,1015.0,9.0,483.0
2020-10-30,54174.0,718.0,42996.0,10460.0,1022.0,10.0,480.0
2020-10-31,55269.0,730.0,43543.0,10996.0,1095.0,12.0,547.0
2020-11-01,56444.0,740.0,44157.0,11547.0,1175.0,10.0,614.0
2020-11-02,57040.0,753.0,44479.0,11808.0,596.0,13.0,322.0
