date,confirmed,deaths,recovered,active,new_confirmed,new_deaths,new_recovered
2020-03-16,1.0,0.0,0.0,1.0,,,
2020-03-17,1.0,0.0,0.0,1.0,0.0,0.0,0.0
2020-03-18,1.0,0.0,0.0,1.0,0.0,0.0,0.0
2020-03-19,3.0,0.0,0.0,3.0,2.0,0.0,0.0
2020-03-20,3.0,0.0,0.0,3.0,0.0,0.0,0.0
2020-03-21,4.0,0.0,0.0,4.0,1.0,0.0,0.0
2020-03-22,4.0,0.0,0.0,4.0,0.0,0.0,0.0
2020-03-23,4.0,0.0,0.0,4.0,0.0,0.0,0.0
2020-03-24,5.0,0.0,1.0,4.0,1.0,0.0,1.0
2020-03-25,5.0,0.0,1.0,4.0,0.0,0.0,0.0
2020-03-26,9.0,0.0,1.0,8.0,4.0,0.0,0.0
2020-03-27,10.0,0.0,1.0,9.0,1.0,0.0,0.0
2020-03-28,10.0,0.0,1.0,9.0,0.0,0.0,0.0
2020-03-29,11.0,0.0,1.0,10.0,1.0,0.0,0.0
2020-03-30,14.0,0.0,1.0,13.0,3.0,0.0,0.0
2020-03-31,14.0,0.0,1.0,13.0,0.0,0.0,0.0
2020-04-01,21.0,1.0,1.0,19.0,7.0,1.0,0.0
2020-04-02,24.0,1.0,1.0,22.0,3.0,0.0,0.0
2020-04-03,24.0,1.0,1.0,22.0,0.0,0.0,0.0
2020-04-04,28.0,4.0,0.0,24.0,4.0,3.0,-1.0
2020-04-05,28.0,4.0,0.0,24.0,0.0,0.0,0.0
2020-04-06,29.0,5.0,4.0,20.0,1.0,1.0,4.0
2020-04-07,33.0,6.0,5.0,22.0,4.0,1.0,1.0
2020-04-08,40.0,7.0,5.0,28.0,7.0,1.0,0.0
2020-04-09,41.0,8.0,5.0,28.0,1.0,1.0,0.0
2020-04-10,42.0,8.0,5.0,29.0,1.0,0.0,0.0
2020-04-11,46.0,8.0,5.0,33.0,4.0,0.0,0.0
2020-04-12,46.0,8.0,5.0,33.0,0.0,0.0,0.0
2020-04-13,47.0,8.0,6.0,33.0,1.0,0.0,1.0
2020-04-14,49.0,8.0,6.0,35.0,2.0,0.0,0.0
2020-04-15,49.0,8.0,6.0,35.0,0.0,0.0,0.0
2020-04-16,53.0,8.0,6.0,39.0,4.0,0.0,0.0
2020-04-17,54.0,9.0,6.0,39.0,1.0,1.0,0.0
2020-04-18,55.0,9.0,10.0,36.0,1.0,0.0,4.0
2020-04-19,55.0,9.0,10.0,36.0,0.0,0.0,0.0
2020-04-20,60.0,9.0,11.0,40.0,5.0,0.0,1.0
2020-04-21,65.0,9.0,12.0,44.0,5.0,0.0,1.0
2020-04-22,65.0,9.0,12.0,44.0,0.0,0.0,0.0
2020-04-23,72.0,11.0,14.0,47.0,7.0,2.0,2.0
2020-04-24,73.0,11.0,15.0,47.0,1.0,0.0,1.0
2020-04-25,78.0,11.0,15.0,52.0,5.0,0.0,0.0
2020-04-26,80.0,11.0,22.0,47.0,2.0,0.0,7.0
2020-04-27,80.0,11.0,22.0,47.0,0.0,0.0,0.0
2020-04-28,80.0,11.0,23.0,46.0,0.0,0.0,1.0
2020-04-29,80.0,11.0,23.0,46.0,0.0,0.0,0.0
2020-04-30,81.0,11.0,25.0,45.0,1.0,0.0,2.0
2020-05-01,81.0,11.0,24.0,46.0,0.0,0.0,-1.0
2020-05-02,83.0,11.0,24.0,48.0,2.0,0.0,0.0
2020-05-03,83.0,11.0,24.0,48.0,0.0,0.0,0.0
2020-05-04,83.0,11.0,25.0,47.0,0.0,0.0,1.0
2020-05-05,89.0,11.0,26.0,52.0,6.0,0.0,1.0
2020-05-06,92.0,11.0,26.0,55.0,3.0,0.0,0.0
2020-05-07,92.0,11.0,26.0,55.0,0.0,0.0,0.0
2020-05-08,92.0,11.0,31.0,50.0,0.0,0.0,5.0
2020-05-09,92.0,11.0,37.0,44.0,0.0,0.0,6.0
2020-05-10,92.0,11.0,37.0,44.0,0.0,0.0,0.0
2020-05-11,93.0,11.0,39.0,43.0,1.0,0.0,2.0
2020-05-12,93.0,11.0,39.0,43.0,0.0,0.0,0.0
2020-05-13,94.0,11.0,41.0,42.0,1.0,0.0,2.0
2020-05-14,96.0,11.0,41.0,44.0,2.0,0.0,0.0
2020-05-15,96.0,11.0,41.0,44.0,0.0,0.0,0.0
2020-05-16,96.0,11.0,42.0,43.0,0.0,0.0,1.0
2020-05-17,96.0,11.0,42.0,43.0,0.0,0.0,0.0
2020-05-18,96.0,11.0,43.0,42.0,0.0,0.0,1.0
2020-05-19,96.0,11.0,43.0,42.0,0.0,0.0,0.0
2020-05-20,97.0,11.0,43.0,43.0,1.0,0.0,0.0
2020-05-21,97.0,11.0,44.0,42.0,0.0,0.0,1.0
2020-05-22,97.0,11.0,44.0,42.0,0.0,0.0,0.0
2020-05-23,100.0,11.0,45.0,44.0,3.0,0.0,1.0
2020-05-24,100.0,11.0,45.0,44.0,0.0,0.0,0.0
2020-05-25,100.0,11.0,46.0,43.0,0.0,0.0,1.0
2020-05-26,100.0,11.0,46.0,43.0,0.0,0.0,0.0
2020-05-27,100.0,11.0,46.0,43.0,0.0,0.0,0.0
2020-05-28,101.0,11.0,47.0,43.0,1.0,0.0,1.0
2020-05-29,102.0,11.0,48.0,43.0,1.0,0.0,1.0
2020-05-30,102.0,11.0,48.0,43.0,0.0,0.0,0.0
2020-05-31,102.0,11.0,48.0,43.0,0.0,0.0,0.0
2020-06-01,102.0,11.0,49.0,42.0,0.0,0.0,1.0
2020-06-02,102.0,11.0,49.0,42.0,0.0,0.0,0.0
2020-06-03,102.0,11.0,55.0,36.0,0.0,0.0,6.0
2020-06-04,102.0,11.0,55.0,36.0,0.0,0.0,0.0
2020-06-05,102.0,11.0,55.0,36.0,0.0,0.0,0.0
2020-06-06,103.0,11.0,62.0,30.0,1.0,0.0,7.0
2020-06-07,103.0,11.0,62.0,30.0,0.0,0.0,0.0
2020-06-08,103.0,11.0,64.0,28.0,0.0,0.0,2.0
2020-06-09,103.0,11.0,64.0,28.0,0.0,0.0,0.0
2020-06-10,103.0,11.0,67.0,25.0,0.0,0.0,3.0
2020-06-11,103.0,11.0,68.0,24.0,0.0,0.0,1.0
2020-06-12,103.0,11.0,68.0,24.0,0.0,0.0,0.0
2020-06-13,103.0,11.0,68.0,24.0,0.0,0.0,0.0
2020-06-14,103.0,11.0,68.0,24.0,0.0,0.0,0.0
2020-06-15,103.0,11.0,68.0,24.0,0.0,0.0,0.0
2020-06-16,104.0,11.0,72.0,21.0,1.0,0.0,4.0
2020-06-17,104.0,11.0,72.0,21.0,0.0,0.0,0.0
2020-06-18,104.0,11.0,74.0,19.0,0.0,0.0,2.0
2020-06-19,104.0,11.0,74.0,19.0,0.0,0.0,0.0
2020-06-20,104.0,11.0,74.0,19.0,0.0,0.0,0.0
2020-06-21,104.0,11.0,77.0,16.0,0.0,0.0,3.0
2020-06-22,104.0,11.0,77.0,16.0,0.0,0.0,0.0
2020-06-23,104.0,11.0,83.0,10.0,0.0,0.0,6.0
2020-06-24,104.0,11.0,83.0,10.0,0.0,0.0,0.0
2020-06-25,104.0,11.0,84.0,9.0,0.0,0.0,1.0
2020-06-26,104.0,11.0,84.0,9.0,0.0,0.0,0.0
2020-06-27,104.0,11.0,87.0,6.0,0.0,0.0,3.0
2020-06-28,104.0,11.0,87.0,6.0,0.0,0.0,0.0
2020-06-29,104.0,11.0,87.0,6.0,0.0,0.0,0.0
2020-06-30,104.0,11.0,87.0,6.0,0.0,0.0,0.0
2020-07-01,104.0,11.0,89.0,4.0,0.0,0.0,2.0
2020-07-02,104.0,11.0,89.0,4.0,0.0,0.0,0.0
2020-07-03,104.0,11.0,89.0,4.0,0.0,0.0,0.0
2020-07-04,104.0,11.0,89.0,4.0,0.0,0.0,0.0
2020-07-05,104.0,11.0,89.0,4.0,0.0,0.0,0.0
2020-07-06,104.0,11.0,89.0,4.0,0.0,0.0,0.0
2020-07-07,104.0,11.0,89.0,4.0,0.0,0.0,0.0
2020-07-08,106.0,11.0,89.0,6.0,2.0,0.0,0.0
2020-07-09,107.0,11.0,89.0,7.0,1.0,0.0,0.0
2020-07-10,108.0,11.0,89.0,8.0,1.0,0.0,0.0
2020-07-11,111.0,11.0,89.0,11.0,3.0,0.0,0.0
2020-07-12,111.0,11.0,89.0,11.0,0.0,0.0,0.0
2020-07-13,113.0,11.0,91.0,11.0,2.0,0.0,2.0
2020-07-14,116.0,11.0,91.0,14.0,3.0,0.0,0.0
2020-07-15,119.0,11.0,91.0,17.0,3.0,0.0,0.0
2020-07-16,124.0,11.0,91.0,22.0,5.0,0.0,0.0
2020-07-17,129.0,11.0,91.0,27.0,5.0,0.0,0.0
2020-07-18,138.0,11.0,91.0,36.0,9.0,0.0,0.0
2020-07-19,153.0,11.0,91.0,51.0,15.0,0.0,0.0
2020-07-20,174.0,11.0,91.0,72.0,21.0,0.0,0.0
2020-07-21,194.0,11.0,91.0,92.0,20.0,0.0,0.0
2020-07-22,219.0,11.0,91.0,117.0,25.0,0.0,0.0
2020-07-23,274.0,11.0,91.0,172.0,55.0,0.0,0.0
2020-07-24,316.0,11.0,91.0,214.0,42.0,0.0,0.0
2020-07-25,326.0,11.0,91.0,224.0,10.0,0.0,0.0
2020-07-26,342.0,11.0,91.0,240.0,16.0,0.0,0.0
2020-07-27,382.0,11.0,91.0,280.0,40.0,0.0,0.0
2020-07-28,447.0,11.0,91.0,345.0,65.0,0.0,0.0
2020-07-29,484.0,11.0,91.0,382.0,37.0,0.0,0.0
2020-07-30,508.0,14.0,91.0,403.0,24.0,3.0,0.0
2020-07-31,574.0,14.0,91.0,469.0,66.0,0.0,0.0
2020-08-01,599.0,14.0,91.0,494.0,25.0,0.0,0.0
2020-08-02,648.0,14.0,91.0,543.0,49.0,0.0,0.0
2020-08-03,679.0,14.0,91.0,574.0,31.0,0.0,0.0
2020-08-04,715.0,14.0,91.0,610.0,36.0,0.0,0.0
2020-08-05,751.0,14.0,91.0,646.0,36.0,0.0,0.0
2020-08-06,761.0,14.0,91.0,656.0,10.0,0.0,0.0
2020-08-07,830.0,14.0,95.0,721.0,69.0,0.0,4.0
2020-08-08,878.0,14.0,99.0,765.0,48.0,0.0,4.0
2020-08-09,898.0,15.0,104.0,779.0,20.0,1.0,5.0
2020-08-10,945.0,15.0,113.0,817.0,47.0,0.0,9.0
2020-08-11,989.0,15.0,116.0,858.0,44.0,0.0,3.0
2020-08-12,1036.0,15.0,122.0,899.0,47.0,0.0,6.0
2020-08-13,1089.0,15.0,138.0,936.0,53.0,0.0,16.0
2020-08-14,1119.0,17.0,138.0,964.0,30.0,2.0,0.0
2020-08-15,1252.0,17.0,160.0,1075.0,133.0,0.0,22.0
2020-08-16,1315.0,18.0,189.0,1108.0,63.0,1.0,29.0
2020-08-17,1329.0,19.0,191.0,1119.0,14.0,1.0,2.0
2020-08-18,1424.0,20.0,203.0,1201.0,95.0,1.0,12.0
2020-08-19,1531.0,22.0,209.0,1300.0,107.0,2.0,6.0
2020-08-20,1610.0,23.0,211.0,1376.0,79.0,1.0,2.0
2020-08-21,1703.0,27.0,221.0,1455.0,93.0,4.0,10.0
2020-08-22,1703.0,27.0,221.0,1455.0,0.0,0.0,0.0
2020-08-23,1765.0,29.0,227.0,1509.0,62.0,2.0,6.0
2020-08-24,1765.0,29.0,227.0,1509.0,0.0,0.0,0.0
2020-08-25,1765.0,29.0,227.0,1509.0,0.0,0.0,0.0
2020-08-26,1765.0,29.0,227.0,1509.0,0.0,0.0,0.0
2020-08-27,1765.0,29.0,227.0,1509.0,0.0,0.0,0.0
2020-08-28,2057.0,50.0,755.0,1252.0,292.0,21.0,528.0
2020-08-29,2135.0,50.0,782.0,1303.0,78.0,0.0,27.0
2020-08-30,2167.0,50.0,782.0,1335.0,32.0,0.0,0.0
2020-08-31,2217.0,50.0,801.0,1366.0,50.0,0.0,19.0
2020-09-01,2276.0,50.0,801.0,1425.0,59.0,0.0,0.0
2020-09-02,2337.0,50.0,849.0,1438.0,61.0,0.0,48.0
2020-09-03,2386.0,50.0,893.0,1443.0,49.0,0.0,44.0
2020-09-04,2386.0,50.0,893.0,1443.0,0.0,0.0,0.0
2020-09-05,2476.0,55.0,948.0,1473.0,90.0,5.0,55.0
2020-09-06,2506.0,56.0,948.0,1502.0,30.0,1.0,0.0
2020-09-07,2546.0,58.0,976.0,1512.0,40.0,2.0,28.0
2020-09-08,2585.0,59.0,976.0,1550.0,39.0,1.0,0.0
2020-09-09,2721.0,63.0,1183.0,1475.0,136.0,4.0,207.0
2020-09-10,2721.0,63.0,1183.0,1475.0,0.0,0.0,0.0
2020-09-11,2814.0,65.0,1220.0,1529.0,93.0,2.0,37.0
2020-09-12,2928.0,67.0,1319.0,1542.0,114.0,2.0,99.0
2020-09-13,2928.0,67.0,1319.0,1542.0,0.0,0.0,0.0
2020-09-14,3008.0,68.0,1391.0,1549.0,80.0,1.0,72.0
2020-09-15,3032.0,69.0,1482.0,1481.0,24.0,1.0,91.0
2020-09-16,3087.0,69.0,1533.0,1485.0,55.0,0.0,51.0
2020-09-17,3177.0,69.0,1626.0,1482.0,90.0,0.0,93.0
2020-09-18,3177.0,69.0,1626.0,1482.0,0.0,0.0,0.0
2020-09-19,3214.0,73.0,1679.0,1462.0,37.0,4.0,53.0
2020-09-20,3315.0,74.0,1689.0,1552.0,101.0,1.0,10.0
2020-09-21,3418.0,75.0,1771.0,1572.0,103.0,1.0,82.0
2020-09-22,3467.0,77.0,1871.0,1519.0,49.0,2.0,100.0
2020-09-23,3618.0,80.0,1915.0,1623.0,151.0,3.0,44.0
2020-09-24,3699.0,86.0,1962.0,1651.0,81.0,6.0,47.0
2020-09-25,3790.0,89.0,1999.0,1702.0,91.0,3.0,37.0
2020-09-26,3790.0,89.0,1999.0,1702.0,0.0,0.0,0.0
2020-09-27,3838.0,89.0,2005.0,1744.0,48.0,0.0,6.0
2020-09-28,3838.0,89.0,2005.0,1744.0,0.0,0.0,0.0
2020-09-29,3903.0,91.0,2072.0,1740.0,65.0,2.0,67.0
2020-09-30,4123.0,96.0,2206.0,1821.0,220.0,5.0,134.0
2020-10-01,4123.0,96.0,2206.0,1821.0,0.0,0.0,0.0
