date,confirmed,deaths,recovered,active,new_confirmed,new_deaths,new_recovered
2020-03-08,3.0,0.0,0.0,3.0,,,
2020-03-09,3.0,0.0,0.0,3.0,0.0,0.0,0.0
2020-03-10,3.0,0.0,0.0,3.0,0.0,0.0,0.0
2020-03-11,3.0,0.0,0.0,3.0,0.0,0.0,0.0
2020-03-12,3.0,0.0,0.0,3.0,0.0,0.0,0.0
2020-03-13,3.0,0.0,0.0,3.0,0.0,0.0,0.0
2020-03-14,3.0,0.0,0.0,3.0,0.0,0.0,0.0
2020-03-15,5.0,0.0,0.0,5.0,2.0,0.0,0.0
2020-03-16,8.0,0.0,2.0,6.0,3.0,0.0,2.0
2020-03-17,10.0,0.0,3.0,7.0,2.0,0.0,1.0
2020-03-18,14.0,1.0,3.0,10.0,4.0,1.0,0.0
2020-03-19,17.0,1.0,3.0,13.0,3.0,0.0,0.0
2020-03-20,20.0,1.0,3.0,16.0,3.0,0.0,0.0
2020-03-21,25.0,2.0,3.0,20.0,5.0,1.0,0.0
2020-03-22,27.0,2.0,3.0,22.0,2.0,0.0,0.0
2020-03-23,33.0,3.0,5.0,25.0,6.0,1.0,2.0
2020-03-24,39.0,4.0,5.0,30.0,6.0,1.0,0.0
2020-03-25,39.0,5.0,7.0,27.0,0.0,1.0,2.0
2020-03-26,44.0,5.0,11.0,28.0,5.0,0.0,4.0
2020-03-27,48.0,5.0,11.0,32.0,4.0,0.0,0.0
2020-03-28,48.0,5.0,15.0,28.0,0.0,0.0,4.0
2020-03-29,48.0,5.0,15.0,28.0,0.0,0.0,0.0
2020-03-30,49.0,5.0,19.0,25.0,1.0,0.0,4.0
2020-03-31,51.0,5.0,25.0,21.0,2.0,0.0,6.0
2020-04-01,54.0,6.0,25.0,23.0,3.0,1.0,0.0
2020-04-02,56.0,6.0,25.0,25.0,2.0,0.0,0.0
2020-04-03,61.0,6.0,26.0,29.0,5.0,0.0,1.0
2020-04-04,70.0,8.0,30.0,32.0,9.0,2.0,4.0
2020-04-05,88.0,9.0,33.0,46.0,18.0,1.0,3.0
2020-04-06,123.0,12.0,33.0,78.0,35.0,3.0,0.0
2020-04-07,164.0,17.0,33.0,114.0,41.0,5.0,0.0
2020-04-08,218.0,20.0,33.0,165.0,54.0,3.0,0.0
2020-04-09,330.0,21.0,33.0,276.0,112.0,1.0,0.0
2020-04-10,424.0,27.0,33.0,364.0,94.0,6.0,0.0
2020-04-11,482.0,30.0,36.0,416.0,58.0,3.0,3.0
2020-04-12,621.0,34.0,39.0,548.0,139.0,4.0,3.0
2020-04-13,803.0,39.0,42.0,722.0,182.0,5.0,3.0
2020-04-14,1012.0,46.0,42.0,924.0,209.0,7.0,0.0
2020-04-15,1231.0,50.0,49.0,1132.0,219.0,4.0,7.0
2020-04-16,1572.0,60.0,49.0,1463.0,341.0,10.0,0.0
2020-04-17,1838.0,75.0,58.0,1705.0,266.0,15.0,9.0
2020-04-18,2144.0,84.0,66.0,1994.0,306.0,9.0,8.0
2020-04-19,2456.0,91.0,75.0,2290.0,312.0,7.0,9.0
2020-04-20,2948.0,101.0,85.0,2762.0,492.0,10.0,10.0
2020-04-21,3382.0,110.0,87.0,3185.0,434.0,9.0,2.0
2020-04-22,3772.0,120.0,92.0,3560.0,390.0,10.0,5.0
2020-04-23,4186.0,127.0,108.0,3951.0,414.0,7.0,16.0
2020-04-24,4689.0,131.0,112.0,4446.0,503.0,4.0,4.0
2020-04-25,4998.0,140.0,113.0,4745.0,309.0,9.0,1.0
2020-04-26,5416.0,145.0,122.0,5149.0,418.0,5.0,9.0
2020-04-27,5913.0,152.0,131.0,5630.0,497.0,7.0,9.0
2020-04-28,6462.0,155.0,139.0,6168.0,549.0,3.0,8.0
2020-04-29,7103.0,163.0,150.0,6790.0,641.0,8.0,11.0
2020-04-30,7667.0,168.0,160.0,7339.0,564.0,5.0,10.0
2020-05-01,8238.0,170.0,174.0,7894.0,571.0,2.0,14.0
2020-05-02,8790.0,175.0,177.0,8438.0,552.0,5.0,3.0
2020-05-03,9455.0,177.0,1063.0,8215.0,665.0,2.0,886.0
2020-05-04,10143.0,182.0,1209.0,8752.0,688.0,5.0,146.0
2020-05-05,10929.0,183.0,1403.0,9343.0,786.0,1.0,194.0
2020-05-06,11719.0,186.0,1403.0,10130.0,790.0,3.0,0.0
2020-05-07,12425.0,199.0,1910.0,10316.0,706.0,13.0,507.0
2020-05-08,13134.0,206.0,2101.0,10827.0,709.0,7.0,191.0
2020-05-09,13770.0,214.0,2414.0,11142.0,636.0,8.0,313.0
2020-05-10,14657.0,228.0,2650.0,11779.0,887.0,14.0,236.0
2020-05-11,15691.0,239.0,2902.0,12550.0,1034.0,11.0,252.0
2020-05-12,16660.0,250.0,3147.0,13263.0,969.0,11.0,245.0
2020-05-13,17822.0,269.0,3361.0,14192.0,1162.0,19.0,214.0
2020-05-14,18863.0,283.0,3361.0,15219.0,1041.0,14.0,0.0
2020-05-15,20065.0,298.0,3882.0,15885.0,1202.0,15.0,521.0
2020-05-16,20995.0,314.0,4117.0,16564.0,930.0,16.0,235.0
2020-05-17,22268.0,328.0,4373.0,17567.0,1273.0,14.0,256.0
2020-05-18,23870.0,349.0,4585.0,18936.0,1602.0,21.0,212.0
2020-05-19,25121.0,370.0,4993.0,19758.0,1251.0,21.0,408.0
2020-05-20,26738.0,386.0,5207.0,21145.0,1617.0,16.0,214.0
2020-05-21,28511.0,408.0,5602.0,22501.0,1773.0,22.0,395.0
2020-05-22,30205.0,432.0,6190.0,23583.0,1694.0,24.0,588.0
2020-05-23,32078.0,452.0,6486.0,25140.0,1873.0,20.0,296.0
2020-05-24,33610.0,480.0,6901.0,26229.0,1532.0,28.0,415.0
2020-05-25,35585.0,501.0,7334.0,27750.0,1975.0,21.0,433.0
2020-05-26,36751.0,522.0,7579.0,28650.0,1166.0,21.0,245.0
2020-05-27,38292.0,544.0,7925.0,29823.0,1541.0,22.0,346.0
2020-05-28,40321.0,559.0,8425.0,31337.0,2029.0,15.0,500.0
2020-05-29,42844.0,582.0,9015.0,33247.0,2523.0,23.0,590.0
2020-05-30,44608.0,610.0,9375.0,34623.0,1764.0,28.0,360.0
2020-05-31,47153.0,650.0,9781.0,36722.0,2545.0,40.0,406.0
2020-06-01,49534.0,672.0,10597.0,38265.0,2381.0,22.0,816.0
2020-06-02,52445.0,709.0,11120.0,40616.0,2911.0,37.0,523.0
2020-06-03,55140.0,746.0,11590.0,42804.0,2695.0,37.0,470.0
2020-06-04,57563.0,781.0,12161.0,44621.0,2423.0,35.0,571.0
2020-06-05,60391.0,811.0,12804.0,46776.0,2828.0,30.0,643.0
2020-06-06,63026.0,846.0,13325.0,48855.0,2635.0,35.0,521.0
2020-06-07,65769.0,888.0,13903.0,50978.0,2743.0,42.0,578.0
2020-06-08,68504.0,930.0,14560.0,53014.0,2735.0,42.0,657.0
2020-06-09,71675.0,975.0,15337.0,55363.0,3171.0,45.0,777.0
2020-06-10,74865.0,1012.0,15900.0,57953.0,3190.0,37.0,563.0
2020-06-11,78052.0,1049.0,16747.0,60256.0,3187.0,37.0,847.0
2020-06-12,81523.0,1095.0,17249.0,63179.0,3471.0,46.0,502.0
2020-06-13,84379.0,1139.0,17828.0,65412.0,2856.0,44.0,579.0
2020-06-14,87520.0,1171.0,18730.0,67619.0,3141.0,32.0,902.0
2020-06-15,90619.0,1209.0,18731.0,70679.0,3099.0,38.0,1.0
2020-06-16,94481.0,1262.0,36264.0,56955.0,3862.0,53.0,17533.0
2020-06-17,98489.0,1305.0,38189.0,58995.0,4008.0,43.0,1925.0
2020-06-18,102292.0,1343.0,40164.0,60785.0,3803.0,38.0,1975.0
2020-06-19,105535.0,1388.0,42945.0,61202.0,3243.0,45.0,2781.0
2020-06-20,108775.0,1425.0,43993.0,63357.0,3240.0,37.0,1048.0
2020-06-21,112306.0,1464.0,45077.0,65765.0,3531.0,39.0,1084.0
2020-06-22,115786.0,1502.0,46755.0,67529.0,3480.0,38.0,1678.0
2020-06-23,119198.0,1545.0,47635.0,70018.0,3412.0,43.0,880.0
2020-06-24,122660.0,1582.0,49666.0,71412.0,3462.0,37.0,2031.0
2020-06-25,126606.0,1621.0,51495.0,73490.0,3946.0,39.0,1829.0
2020-06-26,130474.0,1661.0,53133.0,75680.0,3868.0,40.0,1638.0
2020-06-27,133978.0,1695.0,54318.0,77965.0,3504.0,34.0,1185.0
2020-06-28,137787.0,1738.0,55727.0,80322.0,3809.0,43.0,1409.0
2020-06-29,141801.0,1783.0,57780.0,82238.0,4014.0,45.0,2053.0
2020-06-30,145483.0,1847.0,59624.0,84012.0,3682.0,64.0,1844.0
2020-07-01,149258.0,1888.0,62108.0,85262.0,3775.0,41.0,2484.0
2020-07-02,153277.0,1926.0,66442.0,84909.0,4019.0,38.0,4334.0
2020-07-03,156391.0,1968.0,68048.0,86375.0,3114.0,42.0,1606.0
2020-07-04,159679.0,1997.0,70721.0,86961.0,3288.0,29.0,2673.0
2020-07-05,162417.0,2052.0,72625.0,87740.0,2738.0,55.0,1904.0
2020-07-06,165618.0,2096.0,76149.0,87373.0,3201.0,44.0,3524.0
2020-07-07,168645.0,2151.0,78102.0,88392.0,3027.0,55.0,1953.0
2020-07-08,172134.0,2197.0,80838.0,89099.0,3489.0,46.0,2736.0
2020-07-09,175494.0,2238.0,84544.0,88712.0,3360.0,41.0,3706.0
2020-07-10,178443.0,2275.0,86406.0,89762.0,2949.0,37.0,1862.0
2020-07-11,181129.0,2305.0,88034.0,90790.0,2686.0,30.0,1628.0
2020-07-12,183795.0,2352.0,93614.0,87829.0,2666.0,47.0,5580.0
2020-07-13,186894.0,2391.0,98317.0,86186.0,3099.0,39.0,4703.0
2020-07-14,190057.0,2424.0,103227.0,84406.0,3163.0,33.0,4910.0
2020-07-15,193590.0,2457.0,105523.0,85610.0,3533.0,33.0,2296.0
2020-07-16,196323.0,2496.0,106963.0,86864.0,2733.0,39.0,1440.0
2020-07-17,199357.0,2547.0,108725.0,88085.0,3034.0,51.0,1762.0
2020-07-18,202066.0,2581.0,110098.0,89387.0,2709.0,34.0,1373.0
2020-07-19,204525.0,2618.0,111642.0,90265.0,2459.0,37.0,1544.0
2020-07-20,207453.0,2668.0,113556.0,91229.0,2928.0,50.0,1914.0
2020-07-21,210510.0,2709.0,115397.0,92404.0,3057.0,41.0,1841.0
2020-07-22,213254.0,2751.0,117202.0,93301.0,2744.0,42.0,1805.0
2020-07-23,216110.0,2801.0,119208.0,94101.0,2856.0,50.0,2006.0
2020-07-24,218658.0,2836.0,120976.0,94846.0,2548.0,35.0,1768.0
2020-07-25,221178.0,2874.0,122090.0,96214.0,2520.0,38.0,1114.0
2020-07-26,223453.0,2928.0,123882.0,96643.0,2275.0,54.0,1792.0
2020-07-27,226225.0,2965.0,125683.0,97577.0,2772.0,37.0,1801.0
2020-07-28,229185.0,3000.0,127414.0,98771.0,2960.0,35.0,1731.0
2020-07-29,232194.0,3035.0,130292.0,98867.0,3009.0,35.0,2878.0
2020-07-30,234889.0,3083.0,132960.0,98846.0,2695.0,48.0,2668.0
2020-07-31,237661.0,3111.0,135136.0,99414.0,2772.0,28.0,2176.0
2020-08-01,239860.0,3132.0,136253.0,100475.0,2199.0,21.0,1117.0
2020-08-02,240746.0,3154.0,136839.0,100753.0,886.0,22.0,586.0
2020-08-03,242102.0,3184.0,137905.0,101013.0,1356.0,30.0,1066.0
2020-08-04,244020.0,3234.0,139860.0,100926.0,1918.0,50.0,1955.0
2020-08-05,246674.0,3267.0,141750.0,101657.0,2654.0,33.0,1890.0
2020-08-06,249651.0,3306.0,143824.0,102521.0,2977.0,39.0,2074.0
2020-08-07,252502.0,3333.0,145584.0,103585.0,2851.0,27.0,1760.0
2020-08-08,255113.0,3365.0,146604.0,105144.0,2611.0,32.0,1020.0
2020-08-09,257600.0,3399.0,148370.0,105831.0,2487.0,34.0,1766.0
2020-08-10,260507.0,3438.0,150437.0,106632.0,2907.0,39.0,2067.0
2020-08-11,263503.0,3471.0,151972.0,108060.0,2996.0,33.0,1535.0
2020-08-12,266498.0,3513.0,153089.0,109896.0,2995.0,42.0,1117.0
2020-08-13,269115.0,3557.0,154871.0,110687.0,2617.0,44.0,1782.0
2020-08-14,271881.0,3591.0,156623.0,111667.0,2766.0,34.0,1752.0
2020-08-15,274525.0,3625.0,157635.0,113265.0,2644.0,34.0,1012.0
2020-08-16,276549.0,3657.0,158950.0,113942.0,2024.0,32.0,1315.0
2020-08-17,279144.0,3694.0,160591.0,114859.0,2595.0,37.0,1641.0
2020-08-18,282344.0,3740.0,162825.0,115779.0,3200.0,46.0,2234.0
2020-08-19,285091.0,3781.0,165738.0,115572.0,2747.0,41.0,2913.0
2020-08-20,287959.0,3822.0,168991.0,115146.0,2868.0,41.0,3253.0
2020-08-21,290360.0,3861.0,172615.0,113884.0,2401.0,39.0,3624.0
2020-08-22,292625.0,3907.0,175567.0,113151.0,2265.0,46.0,2952.0
2020-08-23,294598.0,3941.0,179091.0,111566.0,1973.0,34.0,3524.0
2020-08-24,297083.0,3983.0,182875.0,110225.0,2485.0,42.0,3784.0
2020-08-25,299628.0,4028.0,186756.0,108844.0,2545.0,45.0,3881.0
2020-08-26,302147.0,4082.0,190183.0,107882.0,2519.0,54.0,3427.0
2020-08-27,304583.0,4127.0,193458.0,106998.0,2436.0,45.0,3275.0
2020-08-28,306794.0,4174.0,196836.0,105784.0,2211.0,47.0,3378.0
2020-08-29,308925.0,4206.0,198863.0,105856.0,2131.0,32.0,2027.0
2020-08-30,310822.0,4248.0,201907.0,104667.0,1897.0,42.0,3044.0
2020-08-31,312996.0,4281.0,204887.0,103828.0,2174.0,33.0,2980.0
2020-09-01,314946.0,4316.0,208177.0,102453.0,1950.0,35.0,3290.0
2020-09-02,317528.0,4351.0,211016.0,102161.0,2582.0,35.0,2839.0
2020-09-03,319686.0,4383.0,213980.0,101323.0,2158.0,32.0,2964.0
2020-09-04,321615.0,4412.0,216191.0,101012.0,1929.0,29.0,2211.0
2020-09-05,323565.0,4447.0,217852.0,101266.0,1950.0,35.0,1661.0
2020-09-06,325157.0,4479.0,221275.0,99403.0,1592.0,32.0,3423.0
2020-09-07,327359.0,4516.0,224573.0,98270.0,2202.0,37.0,3298.0
2020-09-08,329251.0,4552.0,227809.0,96890.0,1892.0,36.0,3236.0
2020-09-09,331078.0,4593.0,230804.0,95681.0,1827.0,41.0,2995.0
2020-09-10,332970.0,4634.0,233550.0,94786.0,1892.0,41.0,2746.0
2020-09-11,334762.0,4668.0,236024.0,94070.0,1792.0,34.0,2474.0
2020-09-12,336044.0,4702.0,238271.0,93071.0,1282.0,34.0,2247.0
2020-09-13,337520.0,4733.0,240643.0,92144.0,1476.0,31.0,2372.0
2020-09-14,339332.0,4759.0,243155.0,91418.0,1812.0,26.0,2512.0
2020-09-15,341056.0,4802.0,245594.0,90660.0,1724.0,43.0,2439.0
2020-09-16,342671.0,4823.0,247969.0,89879.0,1615.0,21.0,2375.0
2020-09-17,344264.0,4859.0,250412.0,88993.0,1593.0,36.0,2443.0
2020-09-18,345805.0,4881.0,252335.0,88589.0,1541.0,22.0,1923.0
2020-09-19,347372.0,4913.0,254386.0,88073.0,1567.0,32.0,2051.0
2020-09-20,348918.0,4939.0,256565.0,87414.0,1546.0,26.0,2179.0
2020-09-21,350621.0,4979.0,258717.0,86925.0,1703.0,40.0,2152.0
2020-09-22,352178.0,5007.0,260790.0,86381.0,1557.0,28.0,2073.0
2020-09-23,353844.0,5044.0,262953.0,85847.0,1666.0,37.0,2163.0
2020-09-24,355384.0,5072.0,265092.0,85220.0,1540.0,28.0,2139.0
2020-09-25,356767.0,5093.0,267024.0,84650.0,1383.0,21.0,1932.0
2020-09-26,357873.0,5129.0,268777.0,83967.0,1106.0,36.0,1753.0
2020-09-27,359148.0,5161.0,270491.0,83496.0,1275.0,32.0,1714.0
2020-09-28,360555.0,5193.0,272073.0,83289.0,1407.0,32.0,1582.0
2020-09-29,362043.0,5219.0,273698.0,83126.0,1488.0,26.0,1625.0
2020-09-30,363479.0,5251.0,275487.0,82741.0,1436.0,32.0,1789.0
2020-10-01,364987.0,5272.0,277078.0,82637.0,1508.0,21.0,1591.0
2020-10-02,366383.0,5305.0,278627.0,82451.0,1396.0,33.0,1549.0
2020-10-03,367565.0,5325.0,280069.0,82171.0,1182.0,20.0,1442.0
2020-10-04,368690.0,5348.0,281656.0,81686.0,1125.0,23.0,1587.0
2020-10-05,370132.0,5375.0,283182.0,81575.0,1442.0,27.0,1526.0
2020-10-06,371631.0,5405.0,284833.0,81393.0,1499.0,30.0,1651.0
2020-10-07,373151.0,5440.0,286631.0,81080.0,1520.0,35.0,1798.0
2020-10-08,374592.0,5460.0,288316.0,80816.0,1441.0,20.0,1685.0
2020-10-09,375870.0,5477.0,289912.0,80481.0,1278.0,17.0,1596.0
2020-10-10,377073.0,5500.0,291365.0,80208.0,1203.0,23.0,1453.0
2020-10-11,378266.0,5524.0,292860.0,79882.0,1193.0,24.0,1495.0
2020-10-12,379738.0,5555.0,294391.0,79792.0,1472.0,31.0,1531.0
2020-10-13,381275.0,5577.0,295873.0,79825.0,1537.0,22.0,1482.0
2020-10-14,382959.0,5593.0,297449.0,79917.0,1684.0,16.0,1576.0
2020-10-15,384559.0,5608.0,299229.0,79722.0,1600.0,15.0,1780.0
2020-10-16,386086.0,5623.0,300738.0,79725.0,1527.0,15.0,1509.0
2020-10-17,387295.0,5646.0,302298.0,79351.0,1209.0,23.0,1560.0
2020-10-18,388569.0,5660.0,303972.0,78937.0,1274.0,14.0,1674.0
2020-10-19,390206.0,5681.0,305599.0,78926.0,1637.0,21.0,1627.0
2020-10-20,391586.0,5699.0,307141.0,78746.0,1380.0,18.0,1542.0
2020-10-21,393131.0,5723.0,308845.0,78563.0,1545.0,24.0,1704.0
2020-10-22,394827.0,5747.0,310532.0,78548.0,1696.0,24.0,1687.0
2020-10-23,396413.0,5761.0,312065.0,78587.0,1586.0,14.0,1533.0
2020-10-24,397507.0,5780.0,313563.0,78164.0,1094.0,19.0,1498.0
2020-10-25,398815.0,5803.0,315107.0,77905.0,1308.0,23.0,1544.0
2020-10-26,400251.0,5818.0,316600.0,77833.0,1436.0,15.0,1493.0
2020-10-27,401586.0,5838.0,318123.0,77625.0,1335.0,20.0,1523.0
2020-10-28,403079.0,5861.0,319733.0,77485.0,1493.0,23.0,1610.0
2020-10-29,404760.0,5886.0,321281.0,77593.0,1681.0,25.0,1548.0
2020-10-30,406364.0,5905.0,322703.0,77756.0,1604.0,19.0,1422.0
2020-10-31,407684.0,5923.0,324145.0,77616.0,1320.0,18.0,1442.0
2020-11-01,409252.0,5941.0,325940.0,77371.0,1568.0,18.0,1795.0
2020-11-02,410988.0,5966.0,327901.0,77121.0,1736.0,25.0,1961.0
