date,confirmed,deaths,recovered,active,new_confirmed,new_deaths,new_recovered
2020-03-06,1.0,0.0,0.0,1.0,,,
2020-03-07,1.0,0.0,0.0,1.0,0.0,0.0,0.0
2020-03-08,1.0,0.0,0.0,1.0,0.0,0.0,0.0
2020-03-09,1.0,0.0,0.0,1.0,0.0,0.0,0.0
2020-03-10,1.0,0.0,0.0,1.0,0.0,0.0,0.0
2020-03-11,1.0,0.0,0.0,1.0,0.0,0.0,0.0
2020-03-12,1.0,0.0,0.0,1.0,0.0,0.0,0.0
2020-03-13,1.0,0.0,0.0,1.0,0.0,0.0,0.0
2020-03-14,1.0,0.0,0.0,1.0,0.0,0.0,0.0
2020-03-15,1.0,0.0,0.0,1.0,0.0,0.0,0.0
2020-03-16,1.0,0.0,0.0,1.0,0.0,0.0,0.0
2020-03-17,1.0,0.0,0.0,1.0,0.0,0.0,0.0
2020-03-18,1.0,0.0,0.0,1.0,0.0,0.0,0.0
2020-03-19,1.0,0.0,0.0,1.0,0.0,0.0,0.0
2020-03-20,2.0,0.0,0.0,2.0,1.0,0.0,0.0
2020-03-21,2.0,0.0,0.0,2.0,0.0,0.0,0.0
2020-03-22,2.0,0.0,0.0,2.0,0.0,0.0,0.0
2020-03-23,2.0,0.0,0.0,2.0,0.0,0.0,0.0
2020-03-24,2.0,0.0,0.0,2.0,0.0,0.0,0.0
2020-03-25,2.0,0.0,0.0,2.0,0.0,0.0,0.0
2020-03-26,2.0,0.0,0.0,2.0,0.0,0.0,0.0
2020-03-27,3.0,0.0,0.0,3.0,1.0,0.0,0.0
2020-03-28,3.0,0.0,0.0,3.0,0.0,0.0,0.0
2020-03-29,4.0,0.0,0.0,4.0,1.0,0.0,0.0
2020-03-30,4.0,0.0,0.0,4.0,0.0,0.0,0.0
2020-03-31,4.0,0.0,0.0,4.0,0.0,0.0,0.0
2020-04-01,4.0,0.0,0.0,4.0,0.0,0.0,0.0
2020-04-02,5.0,0.0,1.0,4.0,1.0,0.0,1.0
2020-04-03,5.0,0.0,2.0,3.0,0.0,0.0,1.0
2020-04-04,5.0,0.0,2.0,3.0,0.0,0.0,0.0
2020-04-05,5.0,0.0,2.0,3.0,0.0,0.0,0.0
2020-04-06,5.0,0.0,2.0,3.0,0.0,0.0,0.0
2020-04-07,5.0,0.0,2.0,3.0,0.0,0.0,0.0
2020-04-08,5.0,0.0,2.0,3.0,0.0,0.0,0.0
2020-04-09,5.0,0.0,2.0,3.0,0.0,0.0,0.0
2020-04-10,5.0,0.0,2.0,3.0,0.0,0.0,0.0
2020-04-11,5.0,0.0,2.0,3.0,0.0,0.0,0.0
2020-04-12,5.0,0.0,2.0,3.0,0.0,0.0,0.0
2020-04-13,5.0,0.0,2.0,3.0,0.0,0.0,0.0
2020-04-14,5.0,0.0,2.0,3.0,0.0,0.0,0.0
2020-04-15,5.0,0.0,2.0,3.0,0.0,0.0,0.0
2020-04-16,5.0,0.0,2.0,3.0,0.0,0.0,0.0
2020-04-17,5.0,0.0,2.0,3.0,0.0,0.0,0.0
2020-04-18,5.0,0.0,2.0,3.0,0.0,0.0,0.0
2020-04-19,5.0,0.0,2.0,3.0,0.0,0.0,0.0
2020-04-20,5.0,0.0,2.0,3.0,0.0,0.0,0.0
2020-04-21,6.0,0.0,2.0,4.0,1.0,0.0,0.0
2020-04-22,6.0,0.0,2.0,4.0,0.0,0.0,0.0
2020-04-23,7.0,0.0,3.0,4.0,1.0,0.0,1.0
2020-04-24,7.0,0.0,3.0,4.0,0.0,0.0,0.0
2020-04-25,7.0,0.0,3.0,4.0,0.0,0.0,0.0
2020-04-26,7.0,0.0,4.0,3.0,0.0,0.0,1.0
2020-04-27,7.0,0.0,4.0,3.0,0.0,0.0,0.0
2020-04-28,7.0,0.0,5.0,2.0,0.0,0.0,1.0
2020-04-29,7.0,0.0,5.0,2.0,0.0,0.0,0.0
2020-04-30,7.0,0.0,5.0,2.0,0.0,0.0,0.0
2020-05-01,7.0,0.0,5.0,2.0,0.0,0.0,0.0
2020-05-02,7.0,0.0,5.0,2.0,0.0,0.0,0.0
2020-05-03,7.0,0.0,5.0,2.0,0.0,0.0,0.0
2020-05-04,7.0,0.0,5.0,2.0,0.0,0.0,0.0
2020-05-05,7.0,0.0,5.0,2.0,0.0,0.0,0.0
2020-05-06,7.0,0.0,5.0,2.0,0.0,0.0,0.0
2020-05-07,7.0,0.0,5.0,2.0,0.0,0.0,0.0
2020-05-08,7.0,0.0,5.0,2.0,0.0,0.0,0.0
2020-05-09,7.0,0.0,5.0,2.0,0.0,0.0,0.0
2020-05-10,7.0,0.0,5.0,2.0,0.0,0.0,0.0
2020-05-11,11.0,0.0,5.0,6.0,4.0,0.0,0.0
2020-05-12,11.0,0.0,5.0,6.0,0.0,0.0,0.0
2020-05-13,15.0,0.0,5.0,10.0,4.0,0.0,0.0
2020-05-14,20.0,0.0,5.0,15.0,5.0,0.0,0.0
2020-05-15,21.0,0.0,5.0,16.0,1.0,0.0,0.0
2020-05-16,21.0,0.0,5.0,16.0,0.0,0.0,0.0
2020-05-17,21.0,0.0,5.0,16.0,0.0,0.0,0.0
2020-05-18,21.0,0.0,5.0,16.0,0.0,0.0,0.0
2020-05-19,21.0,0.0,5.0,16.0,0.0,0.0,0.0
2020-05-20,21.0,0.0,5.0,16.0,0.0,0.0,0.0
2020-05-21,21.0,0.0,6.0,15.0,0.0,0.0,1.0
2020-05-22,21.0,0.0,6.0,15.0,0.0,0.0,0.0
2020-05-23,24.0,0.0,6.0,18.0,3.0,0.0,0.0
2020-05-24,24.0,0.0,6.0,18.0,0.0,0.0,0.0
2020-05-25,27.0,0.0,6.0,21.0,3.0,0.0,0.0
2020-05-26,27.0,0.0,6.0,21.0,0.0,0.0,0.0
2020-05-27,28.0,0.0,6.0,22.0,1.0,0.0,0.0
2020-05-28,31.0,0.0,6.0,25.0,3.0,0.0,0.0
2020-05-29,31.0,0.0,6.0,25.0,0.0,0.0,0.0
2020-05-30,33.0,0.0,6.0,27.0,2.0,0.0,0.0
2020-05-31,43.0,0.0,6.0,37.0,10.0,0.0,0.0
2020-06-01,43.0,0.0,6.0,37.0,0.0,0.0,0.0
2020-06-02,47.0,0.0,9.0,38.0,4.0,0.0,3.0
2020-06-03,47.0,0.0,9.0,38.0,0.0,0.0,0.0
2020-06-04,47.0,0.0,9.0,38.0,0.0,0.0,0.0
2020-06-05,48.0,0.0,11.0,37.0,1.0,0.0,2.0
2020-06-06,48.0,0.0,11.0,37.0,0.0,0.0,0.0
2020-06-07,59.0,0.0,11.0,48.0,11.0,0.0,0.0
2020-06-08,59.0,0.0,14.0,45.0,0.0,0.0,3.0
2020-06-09,59.0,0.0,17.0,42.0,0.0,0.0,3.0
2020-06-10,59.0,0.0,18.0,41.0,0.0,0.0,1.0
2020-06-11,62.0,0.0,19.0,43.0,3.0,0.0,1.0
2020-06-12,62.0,0.0,19.0,43.0,0.0,0.0,0.0
2020-06-13,66.0,0.0,21.0,45.0,4.0,0.0,2.0
2020-06-14,66.0,0.0,21.0,45.0,0.0,0.0,0.0
2020-06-15,67.0,0.0,22.0,45.0,1.0,0.0,1.0
2020-06-16,67.0,0.0,24.0,43.0,0.0,0.0,2.0
2020-06-17,67.0,0.0,24.0,43.0,0.0,0.0,0.0
2020-06-18,67.0,0.0,25.0,42.0,0.0,0.0,1.0
2020-06-19,68.0,0.0,28.0,40.0,1.0,0.0,3.0
2020-06-20,68.0,0.0,30.0,38.0,0.0,0.0,2.0
2020-06-21,68.0,0.0,30.0,38.0,0.0,0.0,0.0
2020-06-22,68.0,0.0,32.0,36.0,0.0,0.0,2.0
2020-06-23,70.0,0.0,34.0,36.0,2.0,0.0,2.0
2020-06-24,70.0,0.0,34.0,36.0,0.0,0.0,0.0
2020-06-25,70.0,0.0,34.0,36.0,0.0,0.0,0.0
2020-06-26,70.0,0.0,38.0,32.0,0.0,0.0,4.0
2020-06-27,75.0,0.0,38.0,37.0,5.0,0.0,0.0
2020-06-28,76.0,0.0,38.0,38.0,1.0,0.0,0.0
2020-06-29,77.0,0.0,44.0,33.0,1.0,0.0,6.0
2020-06-30,77.0,0.0,48.0,29.0,0.0,0.0,4.0
2020-07-01,77.0,0.0,50.0,27.0,0.0,0.0,2.0
2020-07-02,77.0,0.0,50.0,27.0,0.0,0.0,0.0
2020-07-03,77.0,0.0,50.0,27.0,0.0,0.0,0.0
2020-07-04,78.0,0.0,51.0,27.0,1.0,0.0,1.0
2020-07-05,80.0,0.0,53.0,27.0,2.0,0.0,2.0
2020-07-06,80.0,0.0,53.0,27.0,0.0,0.0,0.0
2020-07-07,80.0,0.0,55.0,25.0,0.0,0.0,2.0
2020-07-08,80.0,0.0,55.0,25.0,0.0,0.0,0.0
2020-07-09,80.0,0.0,55.0,25.0,0.0,0.0,0.0
2020-07-10,80.0,0.0,55.0,25.0,0.0,0.0,0.0
2020-07-11,82.0,0.0,57.0,25.0,2.0,0.0,2.0
2020-07-12,84.0,0.0,76.0,8.0,2.0,0.0,19.0
2020-07-13,84.0,0.0,76.0,8.0,0.0,0.0,0.0
2020-07-14,84.0,0.0,78.0,6.0,0.0,0.0,2.0
2020-07-15,84.0,0.0,78.0,6.0,0.0,0.0,0.0
2020-07-16,86.0,0.0,78.0,8.0,2.0,0.0,0.0
2020-07-17,87.0,0.0,78.0,9.0,1.0,0.0,0.0
2020-07-18,87.0,0.0,78.0,9.0,0.0,0.0,0.0
2020-07-19,89.0,0.0,82.0,7.0,2.0,0.0,4.0
2020-07-20,90.0,0.0,83.0,7.0,1.0,0.0,1.0
2020-07-21,92.0,0.0,83.0,9.0,2.0,0.0,0.0
2020-07-22,92.0,0.0,83.0,9.0,0.0,0.0,0.0
2020-07-23,92.0,0.0,83.0,9.0,0.0,0.0,0.0
2020-07-24,92.0,0.0,85.0,7.0,0.0,0.0,2.0
2020-07-25,92.0,0.0,85.0,7.0,0.0,0.0,0.0
2020-07-26,95.0,0.0,85.0,10.0,3.0,0.0,0.0
2020-07-27,99.0,0.0,86.0,13.0,4.0,0.0,1.0
2020-07-28,99.0,0.0,86.0,13.0,0.0,0.0,0.0
2020-07-29,99.0,0.0,86.0,13.0,0.0,0.0,0.0
2020-07-30,101.0,0.0,88.0,13.0,2.0,0.0,2.0
2020-07-31,101.0,0.0,89.0,12.0,0.0,0.0,1.0
2020-08-01,102.0,0.0,89.0,13.0,1.0,0.0,0.0
2020-08-02,102.0,0.0,89.0,13.0,0.0,0.0,0.0
2020-08-03,103.0,0.0,90.0,13.0,1.0,0.0,1.0
2020-08-04,105.0,0.0,93.0,12.0,2.0,0.0,3.0
2020-08-05,105.0,0.0,93.0,12.0,0.0,0.0,0.0
2020-08-06,108.0,0.0,96.0,12.0,3.0,0.0,3.0
2020-08-07,108.0,0.0,96.0,12.0,0.0,0.0,0.0
2020-08-08,108.0,0.0,96.0,12.0,0.0,0.0,0.0
2020-08-09,110.0,0.0,96.0,14.0,2.0,0.0,0.0
2020-08-10,110.0,0.0,96.0,14.0,0.0,0.0,0.0
2020-08-11,113.0,0.0,97.0,16.0,3.0,0.0,1.0
2020-08-12,113.0,0.0,97.0,16.0,0.0,0.0,0.0
2020-08-13,128.0,0.0,100.0,28.0,15.0,0.0,3.0
2020-08-14,133.0,0.0,102.0,31.0,5.0,0.0,2.0
2020-08-15,133.0,0.0,102.0,31.0,0.0,0.0,0.0
2020-08-16,138.0,0.0,102.0,36.0,5.0,0.0,0.0
2020-08-17,141.0,0.0,103.0,38.0,3.0,0.0,1.0
2020-08-18,147.0,0.0,103.0,44.0,6.0,0.0,0.0
2020-08-19,147.0,0.0,103.0,44.0,0.0,0.0,0.0
2020-08-20,153.0,0.0,108.0,45.0,6.0,0.0,5.0
2020-08-21,154.0,0.0,110.0,44.0,1.0,0.0,2.0
2020-08-22,155.0,0.0,112.0,43.0,1.0,0.0,2.0
2020-08-23,155.0,0.0,112.0,43.0,0.0,0.0,0.0
2020-08-24,156.0,0.0,117.0,39.0,1.0,0.0,5.0
2020-08-25,173.0,0.0,118.0,55.0,17.0,0.0,1.0
2020-08-26,173.0,0.0,118.0,55.0,0.0,0.0,0.0
2020-08-27,184.0,0.0,119.0,65.0,11.0,0.0,1.0
2020-08-28,195.0,0.0,120.0,75.0,11.0,0.0,1.0
2020-08-29,195.0,0.0,135.0,60.0,0.0,0.0,15.0
2020-08-30,224.0,0.0,140.0,84.0,29.0,0.0,5.0
2020-08-31,225.0,0.0,142.0,83.0,1.0,0.0,2.0
2020-09-01,227.0,0.0,142.0,85.0,2.0,0.0,0.0
2020-09-02,227.0,0.0,144.0,83.0,0.0,0.0,2.0
2020-09-03,227.0,0.0,150.0,77.0,0.0,0.0,6.0
2020-09-04,228.0,0.0,150.0,78.0,1.0,0.0,0.0
2020-09-05,228.0,0.0,150.0,78.0,0.0,0.0,0.0
2020-09-06,228.0,0.0,150.0,78.0,0.0,0.0,0.0
2020-09-07,233.0,0.0,151.0,82.0,5.0,0.0,1.0
2020-09-08,234.0,0.0,153.0,81.0,1.0,0.0,2.0
2020-09-09,234.0,0.0,155.0,79.0,0.0,0.0,2.0
2020-09-10,238.0,0.0,155.0,83.0,4.0,0.0,0.0
2020-09-11,241.0,0.0,158.0,83.0,3.0,0.0,3.0
2020-09-12,244.0,0.0,159.0,85.0,3.0,0.0,1.0
2020-09-13,245.0,0.0,161.0,84.0,1.0,0.0,2.0
2020-09-14,245.0,0.0,161.0,84.0,0.0,0.0,0.0
2020-09-15,246.0,0.0,175.0,71.0,1.0,0.0,14.0
2020-09-16,246.0,0.0,175.0,71.0,0.0,0.0,0.0
2020-09-17,246.0,0.0,175.0,71.0,0.0,0.0,0.0
2020-09-18,252.0,0.0,182.0,70.0,6.0,0.0,7.0
2020-09-19,259.0,0.0,190.0,69.0,7.0,0.0,8.0
2020-09-20,261.0,0.0,192.0,69.0,2.0,0.0,2.0
2020-09-21,261.0,0.0,194.0,67.0,0.0,0.0,2.0
2020-09-22,261.0,0.0,195.0,66.0,0.0,0.0,1.0
2020-09-23,261.0,0.0,196.0,65.0,0.0,0.0,1.0
2020-09-24,263.0,0.0,198.0,65.0,2.0,0.0,2.0
2020-09-25,263.0,0.0,199.0,64.0,0.0,0.0,1.0
2020-09-26,271.0,0.0,205.0,66.0,8.0,0.0,6.0
2020-09-27,273.0,0.0,210.0,63.0,2.0,0.0,5.0
2020-09-28,280.0,0.0,210.0,70.0,7.0,0.0,0.0
2020-09-29,281.0,0.0,219.0,62.0,1.0,0.0,9.0
2020-09-30,282.0,0.0,222.0,60.0,1.0,0.0,3.0
2020-10-01,282.0,0.0,225.0,57.0,0.0,0.0,3.0
2020-10-02,283.0,0.0,229.0,54.0,1.0,0.0,4.0
2020-10-03,283.0,0.0,230.0,53.0,0.0,0.0,1.0
2020-10-04,298.0,0.0,237.0,61.0,15.0,0.0,7.0
2020-10-05,299.0,0.0,248.0,51.0,1.0,0.0,11.0
2020-10-06,300.0,0.0,250.0,50.0,1.0,0.0,2.0
2020-10-07,304.0,0.0,252.0,52.0,4.0,0.0,2.0
2020-10-08,304.0,0.0,255.0,49.0,0.0,0.0,3.0
2020-10-09,306.0,0.0,282.0,24.0,2.0,0.0,27.0
2020-10-10,306.0,0.0,287.0,19.0,0.0,0.0,5.0
2020-10-11,309.0,0.0,288.0,21.0,3.0,0.0,1.0
2020-10-12,309.0,0.0,291.0,18.0,0.0,0.0,3.0
2020-10-13,313.0,0.0,293.0,20.0,4.0,0.0,2.0
2020-10-14,316.0,0.0,294.0,22.0,3.0,0.0,1.0
2020-10-15,316.0,0.0,296.0,20.0,0.0,0.0,2.0
2020-10-16,316.0,0.0,298.0,18.0,0.0,0.0,2.0
2020-10-17,325.0,0.0,299.0,26.0,9.0,0.0,1.0
2020-10-18,327.0,0.0,301.0,26.0,2.0,0.0,2.0
2020-10-19,330.0,0.0,301.0,29.0,3.0,0.0,0.0
2020-10-20,331.0,0.0,302.0,29.0,1.0,0.0,1.0
2020-10-21,332.0,0.0,306.0,26.0,1.0,0.0,4.0
2020-10-22,336.0,0.0,306.0,30.0,4.0,0.0,0.0
2020-10-23,336.0,0.0,306.0,30.0,0.0,0.0,0.0
2020-10-24,340.0,0.0,306.0,34.0,4.0,0.0,0.0
2020-10-25,342.0,0.0,307.0,35.0,2.0,0.0,1.0
2020-10-26,342.0,0.0,312.0,30.0,0.0,0.0,5.0
2020-10-27,345.0,0.0,314.0,31.0,3.0,0.0,2.0
2020-10-28,346.0,0.0,315.0,31.0,1.0,0.0,1.0
2020-10-29,346.0,0.0,316.0,30.0,0.0,0.0,1.0
2020-10-30,348.0,0.0,319.0,29.0,2.0,0.0,3.0
2020-10-31,349.0,0.0,324.0,25.0,1.0,0.0,5.0
2020-11-01,354.0,0.0,325.0,29.0,5.0,0.0,1.0
2020-11-02,356.0,0.0,326.0,30.0,2.0,0.0,1.0
2020-11-03,358.0,0.0,327.0,31.0,2.0,0.0,1.0
2020-11-04,358.0,0.0,329.0,29.0,0.0,0.0,2.0
2020-11-05,358.0,0.0,333.0,25.0,0.0,0.0,4.0
2020-11-06,358.0,0.0,338.0,20.0,0.0,0.0,5.0
2020-11-07,359.0,0.0,338.0,21.0,1.0,0.0,0.0
2020-11-08,359.0,0.0,338.0,21.0,0.0,0.0,0.0
2020-11-09,364.0,0.0,342.0,22.0,5.0,0.0,4.0
2020-11-10,364.0,0.0,343.0,21.0,0.0,0.0,1.0
2020-11-11,364.0,0.0,345.0,19.0,0.0,0.0,2.0
2020-11-12,369.0,0.0,345.0,24.0,5.0,0.0,0.0
2020-11-13,369.0,0.0,348.0,21.0,0.0,0.0,3.0
2020-11-14,375.0,0.0,353.0,22.0,6.0,0.0,5.0
2020-11-15,375.0,0.0,355.0,20.0,0.0,0.0,2.0
2020-11-16,377.0,0.0,355.0,22.0,2.0,0.0,0.0
2020-11-17,378.0,0.0,356.0,22.0,1.0,0.0,1.0
2020-11-18,378.0,0.0,357.0,21.0,0.0,0.0,1.0
2020-11-19,378.0,0.0,357.0,21.0,0.0,0.0,0.0
2020-11-20,378.0,0.0,358.0,20.0,0.0,0.0,1.0
2020-11-21,379.0,0.0,360.0,19.0,1.0,0.0,2.0
2020-11-22,382.0,0.0,360.0,22.0,3.0,0.0,0.0
