date,confirmed,deaths,recovered,active,new_confirmed,new_deaths,new_recovered
2020-03-11,2.0,0.0,0.0,2.0,,,
2020-03-12,2.0,0.0,0.0,2.0,0.0,0.0,0.0
2020-03-13,3.0,0.0,0.0,3.0,1.0,0.0,0.0
2020-03-14,10.0,0.0,0.0,10.0,7.0,0.0,0.0
2020-03-15,10.0,0.0,0.0,10.0,0.0,0.0,0.0
2020-03-16,11.0,0.0,0.0,11.0,1.0,0.0,0.0
2020-03-17,11.0,0.0,0.0,11.0,0.0,0.0,0.0
2020-03-18,12.0,0.0,0.0,12.0,1.0,0.0,0.0
2020-03-19,12.0,0.0,0.0,12.0,0.0,0.0,0.0
2020-03-20,15.0,0.0,0.0,15.0,3.0,0.0,0.0
2020-03-21,19.0,0.0,0.0,19.0,4.0,0.0,0.0
2020-03-22,24.0,0.0,0.0,24.0,5.0,0.0,0.0
2020-03-23,27.0,0.0,0.0,27.0,3.0,0.0,0.0
2020-03-24,29.0,0.0,0.0,29.0,2.0,0.0,0.0
2020-03-25,32.0,0.0,0.0,32.0,3.0,0.0,0.0
2020-03-26,43.0,0.0,0.0,43.0,11.0,0.0,0.0
2020-03-27,61.0,0.0,0.0,61.0,18.0,0.0,0.0
2020-03-28,74.0,0.0,0.0,74.0,13.0,0.0,0.0
2020-03-29,81.0,1.0,0.0,80.0,7.0,1.0,0.0
2020-03-30,97.0,4.0,0.0,93.0,16.0,3.0,0.0
2020-03-31,107.0,6.0,0.0,101.0,10.0,2.0,0.0
2020-04-01,115.0,7.0,1.0,107.0,8.0,1.0,1.0
2020-04-02,123.0,8.0,1.0,114.0,8.0,1.0,0.0
2020-04-03,132.0,9.0,1.0,122.0,9.0,1.0,0.0
2020-04-04,139.0,10.0,1.0,128.0,7.0,1.0,0.0
2020-04-05,157.0,10.0,2.0,145.0,18.0,0.0,1.0
2020-04-06,183.0,11.0,2.0,170.0,26.0,1.0,0.0
2020-04-07,194.0,14.0,2.0,178.0,11.0,3.0,0.0
2020-04-08,210.0,15.0,2.0,193.0,16.0,1.0,0.0
2020-04-09,264.0,18.0,2.0,244.0,54.0,3.0,0.0
2020-04-10,268.0,19.0,2.0,247.0,4.0,1.0,0.0
2020-04-11,275.0,20.0,2.0,253.0,7.0,1.0,0.0
2020-04-12,300.0,24.0,2.0,274.0,25.0,4.0,0.0
2020-04-13,330.0,27.0,2.0,301.0,30.0,3.0,0.0
2020-04-14,354.0,28.0,6.0,320.0,24.0,1.0,4.0
2020-04-15,397.0,28.0,7.0,362.0,43.0,0.0,1.0
2020-04-16,441.0,29.0,14.0,398.0,44.0,1.0,7.0
2020-04-17,465.0,31.0,26.0,408.0,24.0,2.0,12.0
2020-04-18,493.0,31.0,31.0,431.0,28.0,0.0,5.0
2020-04-19,520.0,32.0,31.0,457.0,27.0,1.0,0.0
2020-04-20,564.0,33.0,31.0,500.0,44.0,1.0,0.0
2020-04-21,598.0,34.0,37.0,527.0,34.0,1.0,6.0
2020-04-22,609.0,37.0,44.0,528.0,11.0,3.0,7.0
2020-04-23,703.0,43.0,44.0,616.0,94.0,6.0,0.0
2020-04-24,807.0,44.0,54.0,709.0,104.0,1.0,10.0
2020-04-25,866.0,46.0,54.0,766.0,59.0,2.0,0.0
2020-04-26,950.0,50.0,80.0,820.0,84.0,4.0,26.0
2020-04-27,1014.0,53.0,98.0,863.0,64.0,3.0,18.0
2020-04-28,1014.0,53.0,98.0,863.0,0.0,0.0,0.0
2020-04-29,1110.0,59.0,117.0,934.0,96.0,6.0,19.0
2020-04-30,1110.0,59.0,117.0,934.0,0.0,0.0,0.0
2020-05-01,1229.0,66.0,134.0,1029.0,119.0,7.0,17.0
2020-05-02,1229.0,66.0,134.0,1029.0,0.0,0.0,0.0
2020-05-03,1594.0,76.0,166.0,1352.0,365.0,10.0,32.0
2020-05-04,1681.0,82.0,174.0,1425.0,87.0,6.0,8.0
2020-05-05,1802.0,86.0,187.0,1529.0,121.0,4.0,13.0
2020-05-06,1886.0,91.0,198.0,1597.0,84.0,5.0,11.0
2020-05-07,2081.0,102.0,219.0,1760.0,195.0,11.0,21.0
2020-05-08,2266.0,106.0,237.0,1923.0,185.0,4.0,18.0
2020-05-09,2437.0,114.0,258.0,2065.0,171.0,8.0,21.0
2020-05-10,2556.0,118.0,273.0,2165.0,119.0,4.0,15.0
2020-05-11,2831.0,122.0,299.0,2410.0,275.0,4.0,26.0
2020-05-12,2964.0,128.0,313.0,2523.0,133.0,6.0,14.0
2020-05-13,3148.0,142.0,339.0,2667.0,184.0,14.0,26.0
2020-05-14,3372.0,152.0,356.0,2864.0,224.0,10.0,17.0
2020-05-15,3577.0,164.0,434.0,2979.0,205.0,12.0,78.0
2020-05-16,3826.0,165.0,473.0,3188.0,249.0,1.0,39.0
2020-05-17,4088.0,169.0,493.0,3426.0,262.0,4.0,20.0
2020-05-18,4263.0,174.0,503.0,3586.0,175.0,5.0,10.0
2020-05-19,4481.0,189.0,533.0,3759.0,218.0,15.0,30.0
2020-05-20,4919.0,199.0,553.0,4167.0,438.0,10.0,20.0
2020-05-21,5187.0,215.0,561.0,4411.0,268.0,16.0,8.0
2020-05-22,5579.0,230.0,575.0,4774.0,392.0,15.0,14.0
2020-05-23,5915.0,240.0,609.0,5066.0,336.0,10.0,34.0
2020-05-24,6263.0,250.0,629.0,5384.0,348.0,10.0,20.0
2020-05-25,6660.0,261.0,647.0,5752.0,397.0,11.0,18.0
2020-05-26,7136.0,274.0,677.0,6185.0,476.0,13.0,30.0
2020-05-27,7768.0,280.0,689.0,6799.0,632.0,6.0,12.0
2020-05-28,8387.0,293.0,738.0,7356.0,619.0,13.0,49.0
2020-05-29,8731.0,300.0,749.0,7682.0,344.0,7.0,11.0
2020-05-30,9592.0,310.0,889.0,8393.0,861.0,10.0,140.0
2020-05-31,9982.0,313.0,968.0,8701.0,390.0,3.0,79.0
2020-06-01,10531.0,343.0,1137.0,9051.0,549.0,30.0,169.0
2020-06-02,10991.0,376.0,1298.0,9317.0,460.0,33.0,161.0
2020-06-03,11638.0,400.0,1507.0,9731.0,647.0,24.0,209.0
2020-06-04,12245.0,415.0,1658.0,10172.0,607.0,15.0,151.0
2020-06-05,12728.0,427.0,1739.0,10562.0,483.0,12.0,81.0
2020-06-06,13358.0,454.0,1902.0,11002.0,630.0,27.0,163.0
2020-06-07,13643.0,465.0,2086.0,11092.0,285.0,11.0,184.0
2020-06-08,13949.0,475.0,2159.0,11315.0,306.0,10.0,73.0
2020-06-09,14644.0,487.0,2190.0,11967.0,695.0,12.0,31.0
2020-06-10,15281.0,512.0,2261.0,12508.0,637.0,25.0,71.0
2020-06-11,16165.0,533.0,2372.0,13260.0,884.0,21.0,111.0
2020-06-12,16929.0,559.0,2431.0,13939.0,764.0,26.0,59.0
2020-06-13,17842.0,585.0,2768.0,14489.0,913.0,26.0,337.0
2020-06-14,18459.0,611.0,3113.0,14735.0,617.0,26.0,345.0
2020-06-15,19073.0,632.0,3430.0,15011.0,614.0,21.0,317.0
2020-06-16,19883.0,659.0,3752.0,15472.0,810.0,27.0,322.0
2020-06-17,20685.0,679.0,4002.0,16004.0,802.0,20.0,250.0
2020-06-18,21499.0,697.0,4002.0,16800.0,814.0,18.0,0.0
2020-06-19,22476.0,715.0,4670.0,17091.0,977.0,18.0,668.0
2020-06-20,23512.0,740.0,5086.0,17686.0,1036.0,25.0,416.0
2020-06-21,24388.0,773.0,5454.0,18161.0,876.0,33.0,368.0
2020-06-22,25493.0,820.0,5857.0,18816.0,1105.0,47.0,403.0
2020-06-23,26389.0,846.0,6300.0,19243.0,896.0,26.0,443.0
2020-06-24,27487.0,876.0,6795.0,19816.0,1098.0,30.0,495.0
2020-06-25,28503.0,913.0,7338.0,20252.0,1016.0,37.0,543.0
2020-06-26,29423.0,934.0,7736.0,20753.0,920.0,21.0,398.0
2020-06-27,30676.0,970.0,8158.0,21548.0,1253.0,36.0,422.0
2020-06-28,31524.0,1014.0,8517.0,21993.0,848.0,44.0,359.0
2020-06-29,32125.0,1071.0,8928.0,22126.0,601.0,57.0,411.0
2020-06-30,33219.0,1123.0,9340.0,22756.0,1094.0,52.0,412.0
2020-07-01,34227.0,1201.0,9764.0,23262.0,1008.0,78.0,424.0
2020-07-02,35528.0,1271.0,10358.0,23899.0,1301.0,70.0,594.0
2020-07-03,36818.0,1320.0,10766.0,24732.0,1290.0,49.0,408.0
2020-07-04,38071.0,1378.0,11272.0,25421.0,1253.0,58.0,506.0
2020-07-05,39297.0,1434.0,11667.0,26196.0,1226.0,56.0,395.0
2020-07-06,40509.0,1476.0,11929.0,27104.0,1212.0,42.0,262.0
2020-07-07,41545.0,1530.0,12398.0,27617.0,1036.0,54.0,469.0
2020-07-08,42984.0,1577.0,12883.0,28524.0,1439.0,47.0,485.0
2020-07-09,44113.0,1638.0,13354.0,29121.0,1129.0,61.0,471.0
2020-07-10,45565.0,1702.0,13918.0,29945.0,1452.0,64.0,564.0
2020-07-11,47200.0,1754.0,14333.0,31113.0,1635.0,52.0,415.0
2020-07-12,48187.0,1807.0,14843.0,31537.0,987.0,53.0,510.0
2020-07-13,49250.0,1866.0,15294.0,32090.0,1063.0,59.0,451.0
2020-07-14,50867.0,1898.0,15819.0,33150.0,1617.0,32.0,525.0
2020-07-15,52218.0,1942.0,16357.0,33919.0,1351.0,44.0,538.0
2020-07-16,54156.0,1984.0,16979.0,35193.0,1938.0,42.0,622.0
2020-07-17,56102.0,2049.0,17882.0,36171.0,1946.0,65.0,903.0
2020-07-18,58138.0,2106.0,18200.0,37832.0,2036.0,57.0,318.0
2020-07-19,59582.0,2151.0,18553.0,38878.0,1444.0,45.0,353.0
2020-07-20,60991.0,2218.0,18875.0,39898.0,1409.0,67.0,322.0
2020-07-21,62357.0,2273.0,19290.0,40794.0,1366.0,55.0,415.0
2020-07-22,64135.0,2328.0,19721.0,42086.0,1778.0,55.0,431.0
2020-07-23,65252.0,2407.0,20030.0,42815.0,1117.0,79.0,309.0
2020-07-24,66456.0,2473.0,20614.0,43369.0,1204.0,66.0,584.0
2020-07-25,68281.0,2535.0,20951.0,44795.0,1825.0,62.0,337.0
2020-07-26,69429.0,2583.0,21169.0,45677.0,1148.0,48.0,218.0
2020-07-27,71181.0,2647.0,21478.0,47056.0,1752.0,64.0,309.0
2020-07-28,72327.0,2720.0,21971.0,47636.0,1146.0,73.0,493.0
2020-07-29,73534.0,2808.0,22506.0,48220.0,1207.0,88.0,535.0
2020-07-30,75234.0,2894.0,23305.0,49035.0,1700.0,86.0,799.0
2020-07-31,76789.0,2977.0,23582.0,50230.0,1555.0,83.0,277.0
2020-08-01,78793.0,3064.0,23968.0,51761.0,2004.0,87.0,386.0
2020-08-02,80153.0,3153.0,24156.0,52844.0,1360.0,89.0,188.0
2020-08-03,81846.0,3228.0,24510.0,54108.0,1693.0,75.0,354.0
2020-08-04,83361.0,3320.0,25390.0,54651.0,1515.0,92.0,880.0
2020-08-05,85141.0,3385.0,26437.0,55319.0,1780.0,65.0,1047.0
2020-08-06,86423.0,3465.0,27373.0,55585.0,1282.0,80.0,936.0
2020-08-07,87891.0,3524.0,28139.0,56228.0,1468.0,59.0,766.0
2020-08-08,89055.0,3587.0,28904.0,56564.0,1164.0,63.0,765.0
2020-08-09,89999.0,3640.0,29808.0,56551.0,944.0,53.0,904.0
2020-08-10,91635.0,3712.0,30823.0,57100.0,1636.0,72.0,1015.0
2020-08-11,93328.0,3761.0,31753.0,57814.0,1693.0,49.0,930.0
2020-08-12,95071.0,3827.0,32830.0,58414.0,1743.0,66.0,1077.0
2020-08-13,96459.0,3884.0,33720.0,58855.0,1388.0,57.0,890.0
2020-08-14,97950.0,3939.0,34723.0,59288.0,1491.0,55.0,1003.0
2020-08-15,99146.0,4003.0,35638.0,59505.0,1196.0,64.0,915.0
2020-08-16,100344.0,4058.0,36491.0,59795.0,1198.0,55.0,853.0
2020-08-17,101223.0,4123.0,37471.0,59629.0,879.0,65.0,980.0
2020-08-18,103019.0,4172.0,38623.0,60224.0,1796.0,49.0,1152.0
2020-08-19,105050.0,4233.0,39965.0,60852.0,2031.0,61.0,1342.0
2020-08-20,106065.0,4305.0,41111.0,60649.0,1015.0,72.0,1146.0
2020-08-21,107435.0,4366.0,42141.0,60928.0,1370.0,61.0,1030.0
2020-08-22,108427.0,4442.0,43887.0,60098.0,992.0,76.0,1746.0
2020-08-23,109149.0,4509.0,45396.0,59244.0,722.0,67.0,1509.0
2020-08-24,110148.0,4578.0,47050.0,58520.0,999.0,69.0,1654.0
2020-08-25,110999.0,4664.0,48875.0,57460.0,851.0,86.0,1825.0
2020-08-26,112094.0,4726.0,50397.0,56971.0,1095.0,62.0,1522.0
2020-08-27,113129.0,4791.0,52521.0,55817.0,1035.0,65.0,2124.0
2020-08-28,114409.0,4846.0,54914.0,54649.0,1280.0,55.0,2393.0
2020-08-29,115354.0,4938.0,56749.0,53667.0,945.0,92.0,1835.0
2020-08-30,115968.0,4966.0,58497.0,52505.0,614.0,28.0,1748.0
2020-08-31,116598.0,5027.0,60408.0,51163.0,630.0,61.0,1911.0
2020-09-01,117267.0,5101.0,62124.0,50042.0,669.0,74.0,1716.0
2020-09-02,117928.0,5203.0,64074.0,48651.0,661.0,102.0,1950.0
2020-09-03,118781.0,5288.0,65884.0,47609.0,853.0,85.0,1810.0
2020-09-04,119580.0,5343.0,67844.0,46393.0,799.0,55.0,1960.0
2020-09-05,120241.0,5398.0,69566.0,45277.0,661.0,55.0,1722.0
2020-09-06,120769.0,5398.0,71489.0,43882.0,528.0,0.0,1923.0
2020-09-07,121604.0,7054.0,73150.0,41400.0,835.0,1656.0,1661.0
2020-09-08,122308.0,7097.0,75098.0,40113.0,704.0,43.0,1948.0
2020-09-09,123345.0,7146.0,77216.0,38983.0,1037.0,49.0,2118.0
2020-09-10,124205.0,7193.0,79483.0,37529.0,860.0,47.0,2267.0
2020-09-11,125172.0,7250.0,81240.0,36682.0,967.0,57.0,1757.0
2020-09-12,125982.0,7297.0,82796.0,35889.0,810.0,47.0,1556.0
2020-09-13,126791.0,7344.0,84286.0,35161.0,809.0,47.0,1490.0
2020-09-14,127619.0,7394.0,85198.0,35027.0,828.0,50.0,912.0
2020-09-15,128286.0,7447.0,86216.0,34623.0,667.0,53.0,1018.0
2020-09-16,128872.0,7478.0,87031.0,34363.0,586.0,31.0,815.0
2020-09-17,129419.0,7511.0,87716.0,34192.0,547.0,33.0,685.0
2020-09-18,130051.0,7550.0,88457.0,34044.0,632.0,39.0,741.0
