date,confirmed,deaths,recovered,active,new_confirmed,new_deaths,new_recovered
2020-03-08,4.0,0.0,0.0,4.0,,,
2020-03-09,4.0,0.0,0.0,4.0,0.0,0.0,0.0
2020-03-10,4.0,0.0,0.0,4.0,0.0,0.0,0.0
2020-03-11,7.0,1.0,0.0,6.0,3.0,1.0,0.0
2020-03-12,7.0,1.0,0.0,6.0,0.0,0.0,0.0
2020-03-13,23.0,1.0,0.0,22.0,16.0,0.0,0.0
2020-03-14,41.0,2.0,0.0,39.0,18.0,1.0,0.0
2020-03-15,51.0,2.0,0.0,49.0,10.0,0.0,0.0
2020-03-16,52.0,2.0,0.0,50.0,1.0,0.0,0.0
2020-03-17,67.0,2.0,0.0,65.0,15.0,0.0,0.0
2020-03-18,92.0,2.0,0.0,90.0,25.0,0.0,0.0
2020-03-19,94.0,3.0,0.0,91.0,2.0,1.0,0.0
2020-03-20,127.0,3.0,0.0,124.0,33.0,0.0,0.0
2020-03-21,163.0,3.0,3.0,157.0,36.0,0.0,3.0
2020-03-22,187.0,3.0,3.0,181.0,24.0,0.0,0.0
2020-03-23,201.0,3.0,3.0,195.0,14.0,0.0,0.0
2020-03-24,218.0,3.0,3.0,212.0,17.0,0.0,0.0
2020-03-25,242.0,3.0,4.0,235.0,24.0,0.0,1.0
2020-03-26,264.0,3.0,8.0,253.0,22.0,0.0,4.0
2020-03-27,293.0,3.0,9.0,281.0,29.0,0.0,1.0
2020-03-28,331.0,7.0,11.0,313.0,38.0,4.0,2.0
2020-03-29,346.0,8.0,14.0,324.0,15.0,1.0,3.0
2020-03-30,359.0,8.0,17.0,334.0,13.0,0.0,3.0
2020-03-31,399.0,8.0,17.0,374.0,40.0,0.0,0.0
2020-04-01,422.0,10.0,20.0,392.0,23.0,2.0,3.0
2020-04-02,457.0,10.0,25.0,422.0,35.0,0.0,5.0
2020-04-03,485.0,14.0,30.0,441.0,28.0,4.0,5.0
2020-04-04,503.0,17.0,34.0,452.0,18.0,3.0,4.0
2020-04-05,531.0,20.0,37.0,474.0,28.0,3.0,3.0
2020-04-06,549.0,22.0,39.0,488.0,18.0,2.0,2.0
2020-04-07,577.0,23.0,42.0,512.0,28.0,1.0,3.0
2020-04-08,593.0,24.0,42.0,527.0,16.0,1.0,0.0
2020-04-09,618.0,24.0,48.0,546.0,25.0,0.0,6.0
2020-04-10,635.0,25.0,54.0,556.0,17.0,1.0,6.0
2020-04-11,661.0,28.0,62.0,571.0,26.0,3.0,8.0
2020-04-12,675.0,29.0,68.0,578.0,14.0,1.0,6.0
2020-04-13,685.0,32.0,71.0,582.0,10.0,3.0,3.0
2020-04-14,713.0,35.0,81.0,597.0,28.0,3.0,10.0
2020-04-15,747.0,36.0,105.0,606.0,34.0,1.0,24.0
2020-04-16,800.0,38.0,122.0,640.0,53.0,2.0,17.0
2020-04-17,846.0,41.0,141.0,664.0,46.0,3.0,19.0
2020-04-18,878.0,41.0,153.0,684.0,32.0,0.0,12.0
2020-04-19,894.0,42.0,161.0,691.0,16.0,1.0,8.0
2020-04-20,929.0,43.0,167.0,719.0,35.0,1.0,6.0
2020-04-21,975.0,45.0,170.0,760.0,46.0,2.0,3.0
2020-04-22,1024.0,49.0,174.0,801.0,49.0,4.0,4.0
2020-04-23,1097.0,52.0,190.0,855.0,73.0,3.0,16.0
2020-04-24,1234.0,54.0,197.0,983.0,137.0,2.0,7.0
2020-04-25,1247.0,55.0,197.0,995.0,13.0,1.0,0.0
2020-04-26,1300.0,56.0,205.0,1039.0,53.0,1.0,8.0
2020-04-27,1363.0,58.0,206.0,1099.0,63.0,2.0,1.0
2020-04-28,1399.0,58.0,222.0,1119.0,36.0,0.0,16.0
2020-04-29,1447.0,64.0,243.0,1140.0,48.0,6.0,21.0
2020-04-30,1506.0,66.0,266.0,1174.0,59.0,2.0,23.0
2020-05-01,1555.0,68.0,276.0,1211.0,49.0,2.0,10.0
2020-05-02,1594.0,72.0,287.0,1235.0,39.0,4.0,11.0
2020-05-03,1618.0,73.0,308.0,1237.0,24.0,1.0,21.0
2020-05-04,1652.0,78.0,321.0,1253.0,34.0,5.0,13.0
2020-05-05,1704.0,80.0,342.0,1282.0,52.0,2.0,21.0
2020-05-06,1778.0,84.0,360.0,1334.0,74.0,4.0,18.0
2020-05-07,1829.0,84.0,384.0,1361.0,51.0,0.0,24.0
2020-05-08,1872.0,86.0,401.0,1385.0,43.0,2.0,17.0
2020-05-09,1921.0,90.0,422.0,1409.0,49.0,4.0,21.0
2020-05-10,1965.0,91.0,444.0,1430.0,44.0,1.0,22.0
2020-05-11,1990.0,93.0,461.0,1436.0,25.0,2.0,17.0
2020-05-12,2023.0,95.0,476.0,1452.0,33.0,2.0,15.0
2020-05-13,2069.0,96.0,499.0,1474.0,46.0,1.0,23.0
2020-05-14,2100.0,99.0,531.0,1470.0,31.0,3.0,32.0
2020-05-15,2138.0,102.0,545.0,1491.0,38.0,3.0,14.0
2020-05-16,2175.0,105.0,573.0,1497.0,37.0,3.0,28.0
2020-05-17,2211.0,108.0,598.0,1505.0,36.0,3.0,25.0
2020-05-18,2235.0,110.0,612.0,1513.0,24.0,2.0,14.0
2020-05-19,2259.0,112.0,646.0,1501.0,24.0,2.0,34.0
2020-05-20,2292.0,116.0,684.0,1492.0,33.0,4.0,38.0
2020-05-21,2331.0,120.0,727.0,1484.0,39.0,4.0,43.0
2020-05-22,2372.0,125.0,769.0,1478.0,41.0,5.0,42.0
2020-05-23,2408.0,126.0,808.0,1474.0,36.0,1.0,39.0
2020-05-24,2427.0,130.0,840.0,1457.0,19.0,4.0,32.0
2020-05-25,2433.0,130.0,862.0,1441.0,6.0,0.0,22.0
2020-05-26,2443.0,130.0,880.0,1433.0,10.0,0.0,18.0
2020-05-27,2460.0,133.0,912.0,1415.0,17.0,3.0,32.0
2020-05-28,2477.0,134.0,965.0,1378.0,17.0,1.0,53.0
2020-05-29,2485.0,136.0,1016.0,1333.0,8.0,2.0,51.0
2020-05-30,2499.0,139.0,1064.0,1296.0,14.0,3.0,48.0
2020-05-31,2513.0,140.0,1074.0,1299.0,14.0,1.0,10.0
2020-06-01,2519.0,140.0,1090.0,1289.0,6.0,0.0,16.0
2020-06-02,2538.0,144.0,1123.0,1271.0,19.0,4.0,33.0
2020-06-03,2560.0,146.0,1206.0,1208.0,22.0,2.0,83.0
2020-06-04,2585.0,147.0,1322.0,1116.0,25.0,1.0,116.0
2020-06-05,2627.0,159.0,1390.0,1078.0,42.0,12.0,68.0
2020-06-06,2711.0,160.0,1545.0,1006.0,84.0,1.0,155.0
2020-06-07,2727.0,160.0,1548.0,1019.0,16.0,0.0,3.0
2020-06-08,2810.0,164.0,1587.0,1059.0,83.0,4.0,39.0
2020-06-09,2889.0,167.0,1623.0,1099.0,79.0,3.0,36.0
2020-06-10,2993.0,167.0,1664.0,1162.0,104.0,0.0,41.0
2020-06-11,3086.0,168.0,1688.0,1230.0,93.0,1.0,24.0
2020-06-12,3191.0,172.0,1716.0,1303.0,105.0,4.0,28.0
2020-06-13,3266.0,172.0,1723.0,1371.0,75.0,0.0,7.0
2020-06-14,3290.0,174.0,1730.0,1386.0,24.0,2.0,7.0
2020-06-15,3341.0,176.0,1784.0,1381.0,51.0,2.0,54.0
2020-06-16,3453.0,181.0,1817.0,1455.0,112.0,5.0,33.0
2020-06-17,3542.0,184.0,1880.0,1478.0,89.0,3.0,63.0
2020-06-18,3674.0,190.0,1941.0,1543.0,132.0,6.0,61.0
2020-06-19,3755.0,193.0,2008.0,1554.0,81.0,3.0,67.0
2020-06-20,3872.0,199.0,2027.0,1646.0,117.0,6.0,19.0
2020-06-21,3905.0,199.0,2074.0,1632.0,33.0,0.0,47.0
2020-06-22,3984.0,207.0,2171.0,1606.0,79.0,8.0,97.0
2020-06-23,4114.0,208.0,2217.0,1689.0,130.0,1.0,46.0
2020-06-24,4242.0,209.0,2263.0,1770.0,128.0,1.0,46.0
2020-06-25,4408.0,211.0,2370.0,1827.0,166.0,2.0,107.0
2020-06-26,4513.0,215.0,2457.0,1841.0,105.0,4.0,87.0
2020-06-27,4625.0,216.0,2475.0,1934.0,112.0,1.0,18.0
2020-06-28,4691.0,219.0,2508.0,1964.0,66.0,3.0,33.0
2020-06-29,4831.0,223.0,2582.0,2026.0,140.0,4.0,74.0
2020-06-30,4989.0,230.0,2676.0,2083.0,158.0,7.0,94.0
2020-07-01,5154.0,232.0,2722.0,2200.0,165.0,2.0,46.0
2020-07-02,5315.0,232.0,2802.0,2281.0,161.0,0.0,80.0
2020-07-03,5497.0,239.0,2892.0,2366.0,182.0,7.0,90.0
2020-07-04,5677.0,241.0,2898.0,2538.0,180.0,2.0,6.0
2020-07-05,5740.0,246.0,2915.0,2579.0,63.0,5.0,17.0
2020-07-06,5914.0,250.0,3000.0,2664.0,174.0,4.0,85.0
2020-07-07,6102.0,254.0,3037.0,2811.0,188.0,4.0,37.0
2020-07-08,6342.0,259.0,3166.0,2917.0,240.0,5.0,129.0
2020-07-09,6672.0,262.0,3229.0,3181.0,330.0,3.0,63.0
2020-07-10,6964.0,267.0,3308.0,3389.0,292.0,5.0,79.0
2020-07-11,7175.0,267.0,3311.0,3597.0,211.0,0.0,3.0
2020-07-12,7252.0,268.0,3319.0,3665.0,77.0,1.0,8.0
2020-07-13,7411.0,276.0,3517.0,3618.0,159.0,8.0,198.0
2020-07-14,7645.0,283.0,3663.0,3699.0,234.0,7.0,146.0
2020-07-15,7877.0,289.0,3841.0,3747.0,232.0,6.0,178.0
2020-07-16,8144.0,293.0,3927.0,3924.0,267.0,4.0,86.0
2020-07-17,8442.0,297.0,4033.0,4112.0,298.0,4.0,106.0
2020-07-18,8638.0,299.0,4081.0,4258.0,196.0,2.0,48.0
2020-07-19,8733.0,300.0,4106.0,4327.0,95.0,1.0,25.0
2020-07-20,8929.0,308.0,4205.0,4416.0,196.0,8.0,99.0
2020-07-21,9254.0,313.0,4521.0,4420.0,325.0,5.0,316.0
2020-07-22,9584.0,321.0,4643.0,4620.0,330.0,8.0,122.0
2020-07-23,9853.0,329.0,5031.0,4493.0,269.0,8.0,388.0
2020-07-24,10123.0,337.0,5252.0,4534.0,270.0,8.0,221.0
2020-07-25,10312.0,338.0,5306.0,4668.0,189.0,1.0,54.0
2020-07-26,10427.0,340.0,5355.0,4732.0,115.0,2.0,49.0
2020-07-27,10621.0,347.0,5585.0,4689.0,194.0,7.0,230.0
2020-07-28,10871.0,355.0,5766.0,4750.0,250.0,8.0,181.0
2020-07-29,11155.0,368.0,5971.0,4816.0,284.0,13.0,205.0
2020-07-30,11420.0,374.0,6173.0,4873.0,265.0,6.0,202.0
2020-07-31,11690.0,383.0,6319.0,4988.0,270.0,9.0,146.0
2020-08-01,11836.0,385.0,6396.0,5055.0,146.0,2.0,77.0
2020-08-02,11955.0,388.0,6420.0,5147.0,119.0,3.0,24.0
2020-08-03,12159.0,404.0,6684.0,5071.0,204.0,16.0,264.0
2020-08-04,12414.0,415.0,6964.0,5035.0,255.0,11.0,280.0
2020-08-05,12717.0,424.0,7154.0,5139.0,303.0,9.0,190.0
2020-08-06,13014.0,435.0,7374.0,5205.0,297.0,11.0,220.0
2020-08-07,13209.0,442.0,7622.0,5145.0,195.0,7.0,248.0
2020-08-08,13343.0,445.0,7718.0,5180.0,134.0,3.0,96.0
2020-08-09,13396.0,447.0,7772.0,5177.0,53.0,2.0,54.0
2020-08-10,13512.0,459.0,7980.0,5073.0,116.0,12.0,208.0
2020-08-11,13722.0,471.0,8154.0,5097.0,210.0,12.0,174.0
2020-08-12,13893.0,482.0,8479.0,4932.0,171.0,11.0,325.0
2020-08-13,13893.0,482.0,8479.0,4932.0,0.0,0.0,0.0
2020-08-14,14243.0,492.0,9114.0,4637.0,350.0,10.0,635.0
2020-08-15,14333.0,495.0,9161.0,4677.0,90.0,3.0,47.0
2020-08-16,14365.0,498.0,9186.0,4681.0,32.0,3.0,25.0
2020-08-17,14500.0,512.0,9442.0,4546.0,135.0,14.0,256.0
2020-08-18,14669.0,519.0,9699.0,4451.0,169.0,7.0,257.0
2020-08-19,14820.0,527.0,9931.0,4362.0,151.0,8.0,232.0
2020-08-20,14962.0,532.0,10087.0,4343.0,142.0,5.0,156.0
2020-08-21,15131.0,539.0,10282.0,4310.0,169.0,7.0,195.0
2020-08-22,15131.0,539.0,10282.0,4310.0,0.0,0.0,0.0
2020-08-23,15287.0,545.0,10338.0,4404.0,156.0,6.0,56.0
2020-08-24,15386.0,563.0,10497.0,4326.0,99.0,18.0,159.0
2020-08-25,15589.0,572.0,10601.0,4416.0,203.0,9.0,104.0
2020-08-26,15751.0,586.0,10750.0,4415.0,162.0,14.0,149.0
2020-08-27,15908.0,594.0,11044.0,4270.0,157.0,8.0,294.0
2020-08-28,16065.0,603.0,11231.0,4231.0,157.0,9.0,187.0
2020-08-29,16164.0,605.0,11253.0,4306.0,99.0,2.0,22.0
2020-08-30,16190.0,613.0,11313.0,4264.0,26.0,8.0,60.0
2020-08-31,16266.0,629.0,11483.0,4154.0,76.0,16.0,170.0
2020-09-01,16454.0,642.0,11615.0,4197.0,188.0,13.0,132.0
2020-09-02,16617.0,648.0,11760.0,4209.0,163.0,6.0,145.0
2020-09-03,16775.0,658.0,11935.0,4182.0,158.0,10.0,175.0
2020-09-04,16954.0,665.0,12046.0,4243.0,179.0,7.0,111.0
2020-09-05,17050.0,671.0,12132.0,4247.0,96.0,6.0,86.0
2020-09-06,17089.0,676.0,12157.0,4256.0,39.0,5.0,25.0
2020-09-07,17146.0,677.0,12189.0,4280.0,57.0,1.0,32.0
2020-09-08,17313.0,692.0,12297.0,4324.0,167.0,15.0,108.0
2020-09-09,17435.0,702.0,12474.0,4259.0,122.0,10.0,177.0
2020-09-10,17598.0,706.0,12619.0,4273.0,163.0,4.0,145.0
2020-09-11,17799.0,713.0,12750.0,4336.0,201.0,7.0,131.0
2020-09-12,17891.0,717.0,12758.0,4416.0,92.0,4.0,8.0
2020-09-13,17918.0,720.0,12767.0,4431.0,27.0,3.0,9.0
2020-09-14,18061.0,729.0,12930.0,4402.0,143.0,9.0,163.0
2020-09-15,18216.0,736.0,13057.0,4423.0,155.0,7.0,127.0
2020-09-16,18390.0,739.0,13241.0,4410.0,174.0,3.0,184.0
2020-09-17,18544.0,749.0,13391.0,4404.0,154.0,10.0,150.0
2020-09-18,18733.0,753.0,13510.0,4470.0,189.0,4.0,119.0
2020-09-19,18819.0,755.0,13558.0,4506.0,86.0,2.0,48.0
2020-09-20,18863.0,761.0,13580.0,4522.0,44.0,6.0,22.0
2020-09-21,19014.0,765.0,13727.0,4522.0,151.0,4.0,147.0
2020-09-22,19123.0,767.0,13748.0,4608.0,109.0,2.0,21.0
2020-09-23,19283.0,779.0,13867.0,4637.0,160.0,12.0,119.0
2020-09-24,19573.0,785.0,14013.0,4775.0,290.0,6.0,146.0
2020-09-25,19828.0,789.0,14132.0,4907.0,255.0,4.0,119.0
2020-09-26,19997.0,789.0,14160.0,5048.0,169.0,0.0,28.0
2020-09-27,20055.0,796.0,14176.0,5083.0,58.0,7.0,16.0
2020-09-28,20271.0,807.0,14339.0,5125.0,216.0,11.0,163.0
2020-09-29,20547.0,813.0,14489.0,5245.0,276.0,6.0,150.0
2020-09-30,20833.0,825.0,14634.0,5374.0,286.0,12.0,145.0
2020-10-01,20833.0,825.0,14634.0,5374.0,0.0,0.0,0.0
2020-10-02,21336.0,838.0,14939.0,5559.0,503.0,13.0,305.0
2020-10-03,21518.0,841.0,14984.0,5693.0,182.0,3.0,45.0
2020-10-04,21587.0,844.0,15014.0,5729.0,69.0,3.0,30.0
2020-10-05,21870.0,854.0,15179.0,5837.0,283.0,10.0,165.0
2020-10-06,22306.0,862.0,15310.0,6134.0,436.0,8.0,131.0
2020-10-07,22743.0,873.0,15448.0,6422.0,437.0,11.0,138.0
2020-10-08,23259.0,880.0,15563.0,6816.0,516.0,7.0,115.0
2020-10-09,23871.0,887.0,15713.0,7271.0,612.0,7.0,150.0
