date,confirmed,deaths,recovered,active,new_confirmed,new_deaths,new_recovered
2020-03-10,1.0,0.0,0.0,1.0,,,
2020-03-11,2.0,0.0,0.0,2.0,1.0,0.0,0.0
2020-03-12,2.0,0.0,0.0,2.0,0.0,0.0,0.0
2020-03-13,2.0,0.0,0.0,2.0,0.0,0.0,0.0
2020-03-14,2.0,0.0,0.0,2.0,0.0,0.0,0.0
2020-03-15,3.0,0.0,0.0,3.0,1.0,0.0,0.0
2020-03-16,15.0,0.0,0.0,15.0,12.0,0.0,0.0
2020-03-17,15.0,0.0,0.0,15.0,0.0,0.0,0.0
2020-03-18,20.0,1.0,0.0,19.0,5.0,1.0,0.0
2020-03-19,33.0,1.0,0.0,32.0,13.0,0.0,0.0
2020-03-20,40.0,1.0,0.0,39.0,7.0,0.0,0.0
2020-03-21,64.0,2.0,5.0,57.0,24.0,1.0,5.0
2020-03-22,75.0,4.0,5.0,66.0,11.0,2.0,0.0
2020-03-23,99.0,4.0,5.0,90.0,24.0,0.0,0.0
2020-03-24,114.0,4.0,7.0,103.0,15.0,0.0,2.0
2020-03-25,146.0,4.0,10.0,132.0,32.0,0.0,3.0
2020-03-26,152.0,7.0,10.0,135.0,6.0,3.0,0.0
2020-03-27,180.0,9.0,12.0,159.0,28.0,2.0,2.0
2020-03-28,207.0,11.0,21.0,175.0,27.0,2.0,9.0
2020-03-29,222.0,12.0,23.0,187.0,15.0,1.0,2.0
2020-03-30,246.0,12.0,31.0,203.0,24.0,0.0,8.0
2020-03-31,261.0,14.0,32.0,215.0,15.0,2.0,1.0
2020-04-01,282.0,16.0,46.0,220.0,21.0,2.0,14.0
2020-04-02,288.0,16.0,50.0,222.0,6.0,0.0,4.0
2020-04-03,302.0,16.0,50.0,236.0,14.0,0.0,0.0
2020-04-04,318.0,16.0,66.0,236.0,16.0,0.0,16.0
2020-04-05,345.0,17.0,90.0,238.0,27.0,1.0,24.0
2020-04-06,364.0,18.0,108.0,238.0,19.0,1.0,18.0
2020-04-07,384.0,19.0,127.0,238.0,20.0,1.0,19.0
2020-04-08,414.0,23.0,134.0,257.0,30.0,4.0,7.0
2020-04-09,443.0,24.0,146.0,273.0,29.0,1.0,12.0
2020-04-10,443.0,24.0,146.0,273.0,0.0,0.0,0.0
2020-04-11,484.0,27.0,155.0,302.0,41.0,3.0,9.0
2020-04-12,497.0,27.0,161.0,309.0,13.0,0.0,6.0
2020-04-13,497.0,27.0,161.0,309.0,0.0,0.0,0.0
2020-04-14,528.0,30.0,177.0,321.0,31.0,3.0,16.0
2020-04-15,542.0,32.0,226.0,284.0,14.0,2.0,49.0
2020-04-16,546.0,32.0,257.0,257.0,4.0,0.0,31.0
2020-04-17,557.0,35.0,294.0,228.0,11.0,3.0,37.0
2020-04-18,565.0,36.0,321.0,208.0,8.0,1.0,27.0
2020-04-19,576.0,36.0,338.0,202.0,11.0,0.0,17.0
2020-04-20,581.0,38.0,357.0,186.0,5.0,2.0,19.0
2020-04-21,600.0,38.0,362.0,200.0,19.0,0.0,5.0
2020-04-22,609.0,39.0,389.0,181.0,9.0,1.0,27.0
2020-04-23,616.0,41.0,410.0,165.0,7.0,2.0,21.0
2020-04-24,629.0,41.0,425.0,163.0,13.0,0.0,15.0
2020-04-25,629.0,41.0,442.0,146.0,0.0,0.0,17.0
2020-04-26,632.0,42.0,453.0,137.0,3.0,1.0,11.0
2020-04-27,635.0,42.0,469.0,124.0,3.0,0.0,16.0
2020-04-28,638.0,42.0,476.0,120.0,3.0,0.0,7.0
2020-04-29,641.0,43.0,498.0,100.0,3.0,1.0,22.0
2020-04-30,645.0,43.0,506.0,96.0,4.0,0.0,8.0
2020-05-01,649.0,44.0,517.0,88.0,4.0,1.0,11.0
2020-05-02,652.0,44.0,535.0,73.0,3.0,0.0,18.0
2020-05-03,662.0,45.0,540.0,77.0,10.0,1.0,5.0
2020-05-04,672.0,46.0,545.0,81.0,10.0,1.0,5.0
2020-05-05,688.0,48.0,548.0,92.0,16.0,2.0,3.0
2020-05-06,729.0,48.0,555.0,126.0,41.0,0.0,7.0
2020-05-07,736.0,48.0,562.0,126.0,7.0,0.0,7.0
2020-05-08,744.0,48.0,566.0,130.0,8.0,0.0,4.0
2020-05-09,748.0,48.0,569.0,131.0,4.0,0.0,3.0
2020-05-10,751.0,49.0,577.0,125.0,3.0,1.0,8.0
2020-05-11,760.0,50.0,584.0,126.0,9.0,1.0,7.0
2020-05-12,766.0,51.0,588.0,127.0,6.0,1.0,4.0
2020-05-13,773.0,51.0,592.0,130.0,7.0,0.0,4.0
2020-05-14,773.0,51.0,592.0,130.0,0.0,0.0,0.0
2020-05-15,780.0,51.0,595.0,134.0,7.0,0.0,3.0
2020-05-16,782.0,51.0,604.0,127.0,2.0,0.0,9.0
2020-05-17,796.0,51.0,644.0,101.0,14.0,0.0,40.0
2020-05-18,796.0,51.0,652.0,93.0,0.0,0.0,8.0
2020-05-19,796.0,51.0,652.0,93.0,0.0,0.0,0.0
2020-05-20,809.0,52.0,661.0,96.0,13.0,1.0,9.0
2020-05-21,812.0,52.0,669.0,91.0,3.0,0.0,8.0
2020-05-22,814.0,52.0,672.0,90.0,2.0,0.0,3.0
2020-05-23,814.0,52.0,672.0,90.0,0.0,0.0,0.0
2020-05-24,814.0,52.0,672.0,90.0,0.0,0.0,0.0
2020-05-25,832.0,52.0,672.0,108.0,18.0,0.0,0.0
2020-05-26,832.0,52.0,672.0,108.0,0.0,0.0,0.0
2020-05-27,845.0,53.0,672.0,120.0,13.0,1.0,0.0
2020-05-28,847.0,53.0,719.0,75.0,2.0,0.0,47.0
2020-05-29,847.0,53.0,720.0,74.0,0.0,0.0,1.0
2020-05-30,847.0,53.0,720.0,74.0,0.0,0.0,0.0
2020-05-31,847.0,53.0,720.0,74.0,0.0,0.0,0.0
2020-06-01,847.0,53.0,720.0,74.0,0.0,0.0,0.0
2020-06-02,881.0,53.0,720.0,108.0,34.0,0.0,0.0
2020-06-03,884.0,53.0,753.0,78.0,3.0,0.0,33.0
2020-06-04,885.0,53.0,760.0,72.0,1.0,0.0,7.0
2020-06-05,888.0,53.0,760.0,75.0,3.0,0.0,0.0
2020-06-06,888.0,53.0,765.0,70.0,0.0,0.0,5.0
2020-06-07,889.0,53.0,765.0,71.0,1.0,0.0,0.0
2020-06-08,890.0,53.0,765.0,72.0,1.0,0.0,0.0
2020-06-09,891.0,53.0,765.0,73.0,1.0,0.0,0.0
2020-06-10,891.0,53.0,765.0,73.0,0.0,0.0,0.0
2020-06-11,892.0,53.0,790.0,49.0,1.0,0.0,25.0
2020-06-12,892.0,53.0,791.0,48.0,0.0,0.0,1.0
2020-06-13,892.0,53.0,799.0,40.0,0.0,0.0,8.0
2020-06-14,894.0,53.0,799.0,42.0,2.0,0.0,0.0
2020-06-15,894.0,53.0,804.0,37.0,0.0,0.0,5.0
2020-06-16,895.0,53.0,807.0,35.0,1.0,0.0,3.0
2020-06-17,899.0,53.0,809.0,37.0,4.0,0.0,2.0
2020-06-18,899.0,53.0,810.0,36.0,0.0,0.0,1.0
2020-06-19,900.0,53.0,810.0,37.0,1.0,0.0,0.0
2020-06-20,901.0,53.0,810.0,38.0,1.0,0.0,0.0
2020-06-21,903.0,53.0,814.0,36.0,2.0,0.0,4.0
2020-06-22,903.0,53.0,814.0,36.0,0.0,0.0,0.0
2020-06-23,907.0,53.0,823.0,31.0,4.0,0.0,9.0
2020-06-24,919.0,53.0,825.0,41.0,12.0,0.0,2.0
2020-06-25,934.0,53.0,826.0,55.0,15.0,0.0,1.0
2020-06-26,941.0,53.0,830.0,58.0,7.0,0.0,4.0
2020-06-27,941.0,53.0,830.0,58.0,0.0,0.0,0.0
2020-06-28,959.0,53.0,830.0,76.0,18.0,0.0,0.0
2020-06-29,959.0,53.0,830.0,76.0,0.0,0.0,0.0
2020-06-30,962.0,53.0,838.0,71.0,3.0,0.0,8.0
2020-07-01,962.0,53.0,838.0,71.0,0.0,0.0,0.0
2020-07-02,967.0,53.0,846.0,68.0,5.0,0.0,8.0
2020-07-03,980.0,53.0,852.0,75.0,13.0,0.0,6.0
2020-07-04,987.0,53.0,854.0,80.0,7.0,0.0,2.0
2020-07-05,987.0,53.0,854.0,80.0,0.0,0.0,0.0
2020-07-06,1000.0,53.0,858.0,89.0,13.0,0.0,4.0
2020-07-07,1003.0,53.0,860.0,90.0,3.0,0.0,2.0
2020-07-08,1003.0,53.0,861.0,89.0,0.0,0.0,1.0
2020-07-09,1005.0,53.0,862.0,90.0,2.0,0.0,1.0
2020-07-10,1020.0,53.0,862.0,105.0,15.0,0.0,0.0
2020-07-11,1033.0,53.0,869.0,111.0,13.0,0.0,7.0
2020-07-12,1036.0,53.0,869.0,114.0,3.0,0.0,0.0
2020-07-13,1036.0,53.0,869.0,114.0,0.0,0.0,0.0
2020-07-14,1037.0,53.0,873.0,111.0,1.0,0.0,4.0
2020-07-15,1038.0,53.0,882.0,103.0,1.0,0.0,9.0
2020-07-16,1038.0,53.0,882.0,103.0,0.0,0.0,0.0
2020-07-17,1045.0,53.0,887.0,105.0,7.0,0.0,5.0
2020-07-18,1047.0,53.0,887.0,107.0,2.0,0.0,0.0
2020-07-19,1052.0,53.0,901.0,98.0,5.0,0.0,14.0
2020-07-20,1065.0,53.0,901.0,111.0,13.0,0.0,0.0
2020-07-21,1065.0,53.0,901.0,111.0,0.0,0.0,0.0
2020-07-22,1066.0,53.0,917.0,96.0,1.0,0.0,16.0
2020-07-23,1070.0,53.0,919.0,98.0,4.0,0.0,2.0
2020-07-24,1075.0,53.0,920.0,102.0,5.0,0.0,1.0
2020-07-25,1086.0,53.0,920.0,113.0,11.0,0.0,0.0
2020-07-26,1086.0,53.0,920.0,113.0,0.0,0.0,0.0
2020-07-27,1100.0,53.0,926.0,121.0,14.0,0.0,6.0
2020-07-28,1105.0,53.0,926.0,126.0,5.0,0.0,0.0
2020-07-29,1105.0,53.0,931.0,121.0,0.0,0.0,5.0
2020-07-30,1106.0,53.0,935.0,118.0,1.0,0.0,4.0
2020-07-31,1106.0,53.0,935.0,118.0,0.0,0.0,0.0
2020-08-01,1143.0,53.0,935.0,155.0,37.0,0.0,0.0
2020-08-02,1143.0,53.0,945.0,145.0,0.0,0.0,10.0
2020-08-03,1150.0,53.0,947.0,150.0,7.0,0.0,2.0
2020-08-04,1153.0,54.0,947.0,152.0,3.0,1.0,0.0
2020-08-05,1153.0,54.0,947.0,152.0,0.0,0.0,0.0
2020-08-06,1158.0,54.0,961.0,143.0,5.0,0.0,14.0
2020-08-07,1158.0,54.0,961.0,143.0,0.0,0.0,0.0
2020-08-08,1175.0,54.0,974.0,147.0,17.0,0.0,13.0
2020-08-09,1175.0,54.0,974.0,147.0,0.0,0.0,0.0
2020-08-10,1204.0,54.0,984.0,166.0,29.0,0.0,10.0
2020-08-11,1211.0,54.0,990.0,167.0,7.0,0.0,6.0
2020-08-12,1213.0,54.0,995.0,164.0,2.0,0.0,5.0
2020-08-13,1228.0,54.0,997.0,177.0,15.0,0.0,2.0
2020-08-14,1238.0,54.0,1005.0,179.0,10.0,0.0,8.0
2020-08-15,1240.0,54.0,1006.0,180.0,2.0,0.0,1.0
2020-08-16,1267.0,55.0,1013.0,199.0,27.0,1.0,7.0
2020-08-17,1280.0,55.0,1018.0,207.0,13.0,0.0,5.0
2020-08-18,1280.0,55.0,1018.0,207.0,0.0,0.0,0.0
2020-08-19,1285.0,55.0,1023.0,207.0,5.0,0.0,5.0
2020-08-20,1297.0,55.0,1034.0,208.0,12.0,0.0,11.0
2020-08-21,1297.0,55.0,1034.0,208.0,0.0,0.0,0.0
2020-08-22,1297.0,55.0,1034.0,208.0,0.0,0.0,0.0
2020-08-23,1320.0,55.0,1043.0,222.0,23.0,0.0,9.0
2020-08-24,1338.0,55.0,1050.0,233.0,18.0,0.0,7.0
2020-08-25,1338.0,55.0,1050.0,233.0,0.0,0.0,0.0
2020-08-26,1352.0,55.0,1058.0,239.0,14.0,0.0,8.0
2020-08-27,1352.0,55.0,1058.0,239.0,0.0,0.0,0.0
2020-08-28,1352.0,55.0,1058.0,239.0,0.0,0.0,0.0
2020-08-29,1352.0,55.0,1058.0,239.0,0.0,0.0,0.0
2020-08-30,1357.0,55.0,1058.0,244.0,5.0,0.0,0.0
2020-08-31,1368.0,55.0,1058.0,255.0,11.0,0.0,0.0
2020-09-01,1370.0,55.0,1075.0,240.0,2.0,0.0,17.0
2020-09-02,1370.0,55.0,1075.0,240.0,0.0,0.0,0.0
2020-09-03,1375.0,55.0,1075.0,245.0,5.0,0.0,0.0
2020-09-04,1408.0,55.0,1098.0,255.0,33.0,0.0,23.0
2020-09-05,1408.0,55.0,1098.0,255.0,0.0,0.0,0.0
2020-09-06,1452.0,55.0,1103.0,294.0,44.0,0.0,5.0
2020-09-07,1463.0,56.0,1112.0,295.0,11.0,1.0,9.0
2020-09-08,1466.0,56.0,1112.0,298.0,3.0,0.0,0.0
2020-09-09,1476.0,56.0,1118.0,302.0,10.0,0.0,6.0
2020-09-10,1486.0,56.0,1123.0,307.0,10.0,0.0,5.0
2020-09-11,1499.0,56.0,1127.0,316.0,13.0,0.0,4.0
2020-09-12,1514.0,56.0,1127.0,331.0,15.0,0.0,0.0
2020-09-13,1707.0,56.0,1135.0,516.0,193.0,0.0,8.0
2020-09-14,1717.0,56.0,1137.0,524.0,10.0,0.0,2.0
2020-09-15,1733.0,56.0,1141.0,536.0,16.0,0.0,4.0
2020-09-16,1748.0,56.0,1162.0,530.0,15.0,0.0,21.0
2020-09-17,1767.0,56.0,1166.0,545.0,19.0,0.0,4.0
2020-09-18,1797.0,56.0,1173.0,568.0,30.0,0.0,7.0
2020-09-19,1816.0,56.0,1176.0,584.0,19.0,0.0,3.0
2020-09-20,1846.0,56.0,1187.0,603.0,30.0,0.0,11.0
2020-09-21,1896.0,56.0,1189.0,651.0,50.0,0.0,2.0
2020-09-22,1907.0,56.0,1252.0,599.0,11.0,0.0,63.0
2020-09-23,1929.0,56.0,1252.0,621.0,22.0,0.0,0.0
2020-09-24,1950.0,56.0,1260.0,634.0,21.0,0.0,8.0
2020-09-25,1962.0,56.0,1263.0,643.0,12.0,0.0,3.0
2020-09-26,1973.0,56.0,1264.0,653.0,11.0,0.0,1.0
2020-09-27,2008.0,56.0,1276.0,676.0,35.0,0.0,12.0
2020-09-28,2028.0,57.0,1279.0,692.0,20.0,1.0,3.0
2020-09-29,2032.0,58.0,1309.0,665.0,4.0,1.0,30.0
2020-09-30,2056.0,58.0,1335.0,663.0,24.0,0.0,26.0
2020-10-01,2088.0,58.0,1363.0,667.0,32.0,0.0,28.0
2020-10-02,2123.0,59.0,1385.0,679.0,35.0,1.0,22.0
2020-10-03,2154.0,59.0,1397.0,698.0,31.0,0.0,12.0
2020-10-04,2167.0,59.0,1419.0,689.0,13.0,0.0,22.0
2020-10-05,2184.0,59.0,1420.0,705.0,17.0,0.0,1.0
2020-10-06,2197.0,59.0,1441.0,697.0,13.0,0.0,21.0
2020-10-07,2222.0,59.0,1478.0,685.0,25.0,0.0,37.0
2020-10-08,2241.0,60.0,1506.0,675.0,19.0,1.0,28.0
2020-10-09,2254.0,60.0,1516.0,678.0,13.0,0.0,10.0
2020-10-10,2271.0,61.0,1542.0,668.0,17.0,1.0,26.0
2020-10-11,2271.0,61.0,1542.0,668.0,0.0,0.0,0.0
2020-10-12,2294.0,63.0,1571.0,660.0,23.0,2.0,29.0
2020-10-13,2305.0,63.0,1581.0,661.0,11.0,0.0,10.0
2020-10-14,2305.0,63.0,1581.0,661.0,0.0,0.0,0.0
2020-10-15,2335.0,65.0,1645.0,625.0,30.0,2.0,64.0
2020-10-16,2343.0,65.0,1718.0,560.0,8.0,0.0,73.0
2020-10-17,2343.0,65.0,1718.0,560.0,0.0,0.0,0.0
2020-10-18,2381.0,65.0,1774.0,542.0,38.0,0.0,56.0
2020-10-19,2387.0,65.0,1802.0,520.0,6.0,0.0,28.0
2020-10-20,2406.0,65.0,1824.0,517.0,19.0,0.0,22.0
2020-10-21,2406.0,65.0,1824.0,517.0,0.0,0.0,0.0
2020-10-22,2414.0,65.0,1869.0,480.0,8.0,0.0,45.0
2020-10-23,2433.0,65.0,1996.0,372.0,19.0,0.0,127.0
2020-10-24,2444.0,65.0,1997.0,382.0,11.0,0.0,1.0
2020-10-25,2451.0,65.0,2019.0,367.0,7.0,0.0,22.0
2020-10-26,2459.0,67.0,2164.0,228.0,8.0,2.0,145.0
2020-10-27,2466.0,67.0,2181.0,218.0,7.0,0.0,17.0
2020-10-28,2466.0,67.0,2181.0,218.0,0.0,0.0,0.0
2020-10-29,2471.0,67.0,2211.0,193.0,5.0,0.0,30.0
2020-10-30,2477.0,67.0,2218.0,192.0,6.0,0.0,7.0
2020-10-31,2500.0,67.0,2250.0,183.0,23.0,0.0,32.0
2020-11-01,2500.0,67.0,2250.0,183.0,0.0,0.0,0.0
2020-11-02,2517.0,67.0,2281.0,169.0,17.0,0.0,31.0
2020-11-03,2530.0,67.0,2298.0,165.0,13.0,0.0,17.0
2020-11-04,2539.0,67.0,2319.0,153.0,9.0,0.0,21.0
2020-11-05,2550.0,67.0,2347.0,136.0,11.0,0.0,28.0
2020-11-06,2562.0,67.0,2366.0,129.0,12.0,0.0,19.0
2020-11-07,2565.0,67.0,2370.0,128.0,3.0,0.0,4.0
2020-11-08,2569.0,67.0,2381.0,121.0,4.0,0.0,11.0
2020-11-09,2581.0,67.0,2382.0,132.0,12.0,0.0,1.0
2020-11-10,2582.0,67.0,2410.0,105.0,1.0,0.0,28.0
2020-11-11,2586.0,67.0,2411.0,108.0,4.0,0.0,1.0
2020-11-12,2586.0,67.0,2411.0,108.0,0.0,0.0,0.0
2020-11-13,2609.0,68.0,2413.0,128.0,23.0,1.0,2.0
2020-11-14,2635.0,68.0,2426.0,141.0,26.0,0.0,13.0
2020-11-15,2641.0,68.0,2445.0,128.0,6.0,0.0,19.0
2020-11-16,2652.0,68.0,2454.0,130.0,11.0,0.0,9.0
2020-11-17,2652.0,68.0,2454.0,130.0,0.0,0.0,0.0
2020-11-18,2670.0,68.0,2472.0,130.0,18.0,0.0,18.0
2020-11-19,2686.0,68.0,2476.0,142.0,16.0,0.0,4.0
2020-11-20,2686.0,68.0,2476.0,142.0,0.0,0.0,0.0
2020-11-21,2703.0,68.0,2521.0,114.0,17.0,0.0,45.0
2020-11-22,2735.0,68.0,2532.0,135.0,32.0,0.0,11.0
2020-11-23,2754.0,68.0,2552.0,134.0,19.0,0.0,20.0
2020-11-24,2757.0,68.0,2557.0,132.0,3.0,0.0,5.0
2020-11-25,2777.0,68.0,2567.0,142.0,20.0,0.0,10.0
2020-11-26,2777.0,68.0,2567.0,142.0,0.0,0.0,0.0
