date,confirmed,deaths,recovered,active,new_confirmed,new_deaths,new_recovered
2020-03-20,1.0,0.0,0.0,1.0,,,
2020-03-21,3.0,0.0,0.0,3.0,2.0,0.0,0.0
2020-03-22,3.0,0.0,0.0,3.0,0.0,0.0,0.0
2020-03-23,3.0,0.0,0.0,3.0,0.0,0.0,0.0
2020-03-24,3.0,1.0,0.0,2.0,0.0,1.0,0.0
2020-03-25,4.0,1.0,0.0,3.0,1.0,0.0,0.0
2020-03-26,4.0,1.0,0.0,3.0,0.0,0.0,0.0
2020-03-27,5.0,1.0,0.0,4.0,1.0,0.0,0.0
2020-03-28,5.0,1.0,0.0,4.0,0.0,0.0,0.0
2020-03-29,6.0,1.0,0.0,5.0,1.0,0.0,0.0
2020-03-30,6.0,1.0,0.0,5.0,0.0,0.0,0.0
2020-03-31,6.0,1.0,0.0,5.0,0.0,0.0,0.0
2020-04-01,6.0,1.0,0.0,5.0,0.0,0.0,0.0
2020-04-02,6.0,1.0,0.0,5.0,0.0,0.0,0.0
2020-04-03,6.0,1.0,0.0,5.0,0.0,0.0,0.0
2020-04-04,7.0,1.0,0.0,6.0,1.0,0.0,0.0
2020-04-05,7.0,1.0,0.0,6.0,0.0,0.0,0.0
2020-04-06,7.0,1.0,1.0,5.0,0.0,0.0,1.0
2020-04-07,7.0,1.0,1.0,5.0,0.0,0.0,0.0
2020-04-08,7.0,1.0,1.0,5.0,0.0,0.0,0.0
2020-04-09,7.0,1.0,1.0,5.0,0.0,0.0,0.0
2020-04-10,7.0,1.0,1.0,5.0,0.0,0.0,0.0
2020-04-11,8.0,1.0,1.0,6.0,1.0,0.0,0.0
2020-04-12,8.0,1.0,1.0,6.0,0.0,0.0,0.0
2020-04-13,10.0,1.0,1.0,8.0,2.0,0.0,0.0
2020-04-14,11.0,1.0,1.0,9.0,1.0,0.0,0.0
2020-04-15,56.0,1.0,1.0,54.0,45.0,0.0,0.0
2020-04-16,56.0,1.0,1.0,54.0,0.0,0.0,0.0
2020-04-17,56.0,1.0,1.0,54.0,0.0,0.0,0.0
2020-04-18,58.0,1.0,1.0,56.0,2.0,0.0,0.0
2020-04-19,61.0,1.0,1.0,59.0,3.0,0.0,0.0
2020-04-20,67.0,1.0,1.0,65.0,6.0,0.0,0.0
2020-04-21,68.0,1.0,1.0,66.0,1.0,0.0,0.0
2020-04-22,73.0,1.0,1.0,71.0,5.0,0.0,0.0
2020-04-23,82.0,1.0,1.0,80.0,9.0,0.0,0.0
2020-04-24,88.0,1.0,1.0,86.0,6.0,0.0,0.0
2020-04-25,90.0,1.0,1.0,88.0,2.0,0.0,0.0
2020-04-26,106.0,1.0,1.0,104.0,16.0,0.0,0.0
2020-04-27,109.0,1.0,1.0,107.0,3.0,0.0,0.0
2020-04-28,114.0,1.0,2.0,111.0,5.0,0.0,1.0
2020-04-29,114.0,1.0,2.0,111.0,0.0,0.0,0.0
2020-04-30,121.0,1.0,4.0,116.0,7.0,0.0,2.0
2020-05-01,122.0,1.0,18.0,103.0,1.0,0.0,14.0
2020-05-02,152.0,2.0,18.0,132.0,30.0,1.0,0.0
2020-05-03,165.0,2.0,33.0,130.0,13.0,0.0,15.0
2020-05-04,175.0,2.0,37.0,136.0,10.0,0.0,4.0
2020-05-05,186.0,2.0,37.0,147.0,11.0,0.0,0.0
2020-05-06,191.0,2.0,38.0,151.0,5.0,0.0,1.0
2020-05-07,218.0,2.0,38.0,178.0,27.0,0.0,0.0
2020-05-08,230.0,2.0,44.0,184.0,12.0,0.0,6.0
2020-05-09,236.0,2.0,56.0,178.0,6.0,0.0,12.0
2020-05-10,246.0,2.0,56.0,188.0,10.0,0.0,0.0
2020-05-11,260.0,2.0,58.0,200.0,14.0,0.0,2.0
2020-05-12,267.0,2.0,58.0,207.0,7.0,0.0,0.0
2020-05-13,289.0,2.0,61.0,226.0,22.0,0.0,3.0
2020-05-14,315.0,2.0,67.0,246.0,26.0,0.0,6.0
2020-05-15,326.0,2.0,67.0,257.0,11.0,0.0,0.0
2020-05-16,328.0,3.0,84.0,241.0,2.0,1.0,17.0
2020-05-17,328.0,3.0,84.0,241.0,0.0,0.0,0.0
2020-05-18,328.0,3.0,85.0,240.0,0.0,0.0,1.0
2020-05-19,335.0,3.0,85.0,247.0,7.0,0.0,0.0
2020-05-20,349.0,3.0,85.0,261.0,14.0,0.0,0.0
2020-05-21,356.0,3.0,95.0,258.0,7.0,0.0,10.0
2020-05-22,362.0,3.0,95.0,264.0,6.0,0.0,0.0
2020-05-23,371.0,3.0,142.0,226.0,9.0,0.0,47.0
2020-05-24,380.0,3.0,155.0,222.0,9.0,0.0,13.0
2020-05-25,390.0,3.0,155.0,232.0,10.0,0.0,0.0
2020-05-26,390.0,4.0,155.0,231.0,0.0,1.0,0.0
2020-05-27,390.0,4.0,155.0,231.0,0.0,0.0,0.0
2020-05-28,390.0,4.0,155.0,231.0,0.0,0.0,0.0
2020-05-29,405.0,4.0,155.0,246.0,15.0,0.0,0.0
2020-05-30,421.0,4.0,167.0,250.0,16.0,0.0,12.0
2020-05-31,435.0,4.0,193.0,238.0,14.0,0.0,26.0
2020-06-01,458.0,4.0,193.0,261.0,23.0,0.0,0.0
2020-06-02,466.0,5.0,237.0,224.0,8.0,1.0,44.0
2020-06-03,477.0,5.0,238.0,234.0,11.0,0.0,1.0
2020-06-04,502.0,5.0,239.0,258.0,25.0,0.0,1.0
2020-06-05,536.0,5.0,239.0,292.0,34.0,0.0,0.0
2020-06-06,542.0,5.0,240.0,297.0,6.0,0.0,1.0
2020-06-07,554.0,5.0,240.0,309.0,12.0,0.0,0.0
2020-06-08,567.0,5.0,266.0,296.0,13.0,0.0,26.0
2020-06-09,585.0,5.0,270.0,310.0,18.0,0.0,4.0
2020-06-10,615.0,5.0,294.0,316.0,30.0,0.0,24.0
2020-06-11,657.0,6.0,294.0,357.0,42.0,1.0,0.0
2020-06-12,697.0,6.0,294.0,397.0,40.0,0.0,0.0
2020-06-13,726.0,6.0,294.0,426.0,29.0,0.0,0.0
2020-06-14,750.0,6.0,301.0,443.0,24.0,0.0,7.0
2020-06-15,760.0,7.0,340.0,413.0,10.0,1.0,39.0
2020-06-16,781.0,7.0,354.0,420.0,21.0,0.0,14.0
2020-06-17,792.0,7.0,377.0,408.0,11.0,0.0,23.0
2020-06-18,823.0,7.0,377.0,439.0,31.0,0.0,0.0
2020-06-19,848.0,8.0,377.0,463.0,25.0,1.0,0.0
2020-06-20,863.0,8.0,377.0,478.0,15.0,0.0,0.0
2020-06-21,890.0,8.0,413.0,469.0,27.0,0.0,36.0
2020-06-22,944.0,8.0,419.0,517.0,54.0,0.0,6.0
2020-06-23,982.0,8.0,426.0,548.0,38.0,0.0,7.0
2020-06-24,999.0,8.0,479.0,512.0,17.0,0.0,53.0
2020-06-25,1003.0,8.0,562.0,433.0,4.0,0.0,83.0
2020-06-26,1027.0,10.0,568.0,449.0,24.0,2.0,6.0
2020-06-27,1091.0,12.0,568.0,511.0,64.0,2.0,0.0
2020-06-28,1155.0,12.0,570.0,573.0,64.0,0.0,2.0
2020-06-29,1165.0,12.0,608.0,545.0,10.0,0.0,38.0
2020-06-30,1227.0,15.0,629.0,583.0,62.0,3.0,21.0
2020-07-01,1267.0,15.0,629.0,623.0,40.0,0.0,0.0
2020-07-02,1301.0,15.0,629.0,657.0,34.0,0.0,0.0
2020-07-03,1382.0,15.0,629.0,738.0,81.0,0.0,0.0
2020-07-04,1421.0,16.0,654.0,751.0,39.0,1.0,25.0
2020-07-05,1451.0,17.0,655.0,779.0,30.0,1.0,1.0
2020-07-06,1463.0,17.0,722.0,724.0,12.0,0.0,67.0
2020-07-07,1499.0,18.0,724.0,757.0,36.0,1.0,2.0
2020-07-08,1542.0,18.0,730.0,794.0,43.0,0.0,6.0
2020-07-09,1552.0,18.0,730.0,804.0,10.0,0.0,0.0
2020-07-10,1591.0,19.0,730.0,842.0,39.0,1.0,0.0
2020-07-11,1623.0,19.0,748.0,856.0,32.0,0.0,18.0
2020-07-12,1623.0,19.0,748.0,856.0,0.0,0.0,0.0
2020-07-13,1698.0,19.0,748.0,931.0,75.0,0.0,0.0
2020-07-14,1722.0,19.0,772.0,931.0,24.0,0.0,24.0
2020-07-15,1780.0,19.0,850.0,911.0,58.0,0.0,78.0
2020-07-16,1894.0,19.0,902.0,973.0,114.0,0.0,52.0
2020-07-17,1939.0,19.0,902.0,1018.0,45.0,0.0,0.0
2020-07-18,2014.0,21.0,913.0,1080.0,75.0,2.0,11.0
2020-07-19,2045.0,21.0,973.0,1051.0,31.0,0.0,60.0
2020-07-20,2071.0,21.0,1063.0,987.0,26.0,0.0,90.0
2020-07-21,2107.0,21.0,1100.0,986.0,36.0,0.0,37.0
2020-07-22,2154.0,21.0,1132.0,1001.0,47.0,0.0,32.0
2020-07-23,2190.0,21.0,1150.0,1019.0,36.0,0.0,18.0
2020-07-24,2220.0,22.0,1216.0,982.0,30.0,1.0,66.0
2020-07-25,2258.0,22.0,1363.0,873.0,38.0,0.0,147.0
2020-07-26,2307.0,22.0,1447.0,838.0,49.0,0.0,84.0
2020-07-27,2328.0,22.0,1550.0,756.0,21.0,0.0,103.0
2020-07-28,2354.0,22.0,1616.0,716.0,26.0,0.0,66.0
2020-07-29,2373.0,23.0,1694.0,656.0,19.0,1.0,78.0
2020-07-30,2418.0,23.0,1694.0,701.0,45.0,0.0,0.0
2020-07-31,2451.0,23.0,1824.0,604.0,33.0,0.0,130.0
2020-08-01,2480.0,24.0,1837.0,619.0,29.0,1.0,13.0
2020-08-02,2547.0,24.0,1860.0,663.0,67.0,0.0,23.0
2020-08-03,2583.0,25.0,1911.0,647.0,36.0,1.0,51.0
2020-08-04,2631.0,26.0,1930.0,675.0,48.0,1.0,19.0
2020-08-05,2689.0,27.0,1955.0,707.0,58.0,1.0,25.0
2020-08-06,2734.0,27.0,2010.0,697.0,45.0,0.0,55.0
2020-08-07,2780.0,29.0,2042.0,709.0,46.0,2.0,32.0
2020-08-08,2835.0,32.0,2073.0,730.0,55.0,3.0,31.0
2020-08-09,2858.0,32.0,2086.0,740.0,23.0,0.0,13.0
2020-08-10,2883.0,32.0,2128.0,723.0,25.0,0.0,42.0
2020-08-11,2920.0,33.0,2148.0,739.0,37.0,1.0,20.0
2020-08-12,3000.0,33.0,2172.0,795.0,80.0,0.0,24.0
2020-08-13,3073.0,33.0,2232.0,808.0,73.0,0.0,60.0
2020-08-14,3136.0,33.0,2254.0,849.0,63.0,0.0,22.0
2020-08-15,3163.0,34.0,2302.0,827.0,27.0,1.0,48.0
2020-08-16,3179.0,35.0,2317.0,827.0,16.0,1.0,15.0
2020-08-17,3203.0,36.0,2336.0,831.0,24.0,1.0,19.0
2020-08-18,3253.0,36.0,2390.0,827.0,50.0,0.0,54.0
2020-08-19,3321.0,36.0,2442.0,843.0,68.0,0.0,52.0
2020-08-20,3368.0,37.0,2462.0,869.0,47.0,1.0,20.0
2020-08-21,3412.0,37.0,2498.0,877.0,44.0,0.0,36.0
2020-08-22,3455.0,37.0,2538.0,880.0,43.0,0.0,40.0
2020-08-23,3509.0,37.0,2540.0,932.0,54.0,0.0,2.0
2020-08-24,3532.0,37.0,2599.0,896.0,23.0,0.0,59.0
2020-08-25,3568.0,37.0,2673.0,858.0,36.0,0.0,74.0
2020-08-26,3630.0,38.0,2713.0,879.0,62.0,1.0,40.0
2020-08-27,3699.0,38.0,2749.0,912.0,69.0,0.0,36.0
2020-08-28,3745.0,38.0,2807.0,900.0,46.0,0.0,58.0
2020-08-29,3778.0,39.0,2855.0,884.0,33.0,1.0,48.0
2020-08-30,3852.0,40.0,2867.0,945.0,74.0,1.0,12.0
2020-08-31,3884.0,40.0,2916.0,928.0,32.0,0.0,49.0
2020-09-01,3970.0,40.0,3423.0,507.0,86.0,0.0,507.0
2020-09-02,4048.0,41.0,3460.0,547.0,78.0,1.0,37.0
2020-09-03,4125.0,41.0,3502.0,582.0,77.0,0.0,42.0
2020-09-04,4200.0,41.0,3562.0,597.0,75.0,0.0,60.0
2020-09-05,4275.0,42.0,3611.0,622.0,75.0,1.0,49.0
2020-09-06,4330.0,42.0,3628.0,660.0,55.0,0.0,17.0
2020-09-07,4358.0,42.0,3790.0,526.0,28.0,0.0,162.0
2020-09-08,4400.0,42.0,3851.0,507.0,42.0,0.0,61.0
2020-09-09,4473.0,43.0,3915.0,515.0,73.0,1.0,64.0
2020-09-10,4557.0,43.0,3993.0,521.0,84.0,0.0,78.0
2020-09-11,4651.0,44.0,4076.0,531.0,94.0,1.0,83.0
2020-09-12,4711.0,44.0,4104.0,563.0,60.0,0.0,28.0
2020-09-13,4813.0,44.0,4119.0,650.0,102.0,0.0,15.0
2020-09-14,4839.0,45.0,4240.0,554.0,26.0,1.0,121.0
2020-09-15,4904.0,46.0,4294.0,564.0,65.0,1.0,54.0
2020-09-16,4978.0,47.0,4430.0,501.0,74.0,1.0,136.0
2020-09-17,5063.0,49.0,4465.0,549.0,85.0,2.0,35.0
2020-09-18,5141.0,50.0,4548.0,543.0,78.0,1.0,83.0
2020-09-19,5186.0,50.0,4581.0,555.0,45.0,0.0,33.0
2020-09-20,5257.0,51.0,4599.0,607.0,71.0,1.0,18.0
2020-09-21,5281.0,52.0,4674.0,555.0,24.0,1.0,75.0
2020-09-22,5337.0,52.0,4742.0,543.0,56.0,0.0,68.0
2020-09-23,5412.0,54.0,4837.0,521.0,75.0,2.0,95.0
2020-09-24,5479.0,55.0,4917.0,507.0,67.0,1.0,80.0
2020-09-25,5628.0,55.0,4982.0,591.0,149.0,0.0,65.0
2020-09-26,5701.0,56.0,5018.0,627.0,73.0,1.0,36.0
2020-09-27,5771.0,57.0,5031.0,683.0,70.0,1.0,13.0
2020-09-28,5817.0,59.0,5134.0,624.0,46.0,2.0,103.0
2020-09-29,5900.0,59.0,5228.0,613.0,83.0,0.0,94.0
2020-09-30,6024.0,60.0,5277.0,687.0,124.0,1.0,49.0
2020-10-01,6126.0,61.0,5338.0,727.0,102.0,1.0,61.0
2020-10-02,6205.0,62.0,5399.0,744.0,79.0,1.0,61.0
2020-10-03,6296.0,62.0,5409.0,825.0,91.0,0.0,10.0
2020-10-04,6360.0,65.0,5416.0,879.0,64.0,3.0,7.0
2020-10-05,6433.0,68.0,5524.0,841.0,73.0,3.0,108.0
2020-10-06,6518.0,69.0,5632.0,817.0,85.0,1.0,108.0
2020-10-07,6624.0,71.0,5684.0,869.0,106.0,2.0,52.0
2020-10-08,6717.0,71.0,5821.0,825.0,93.0,0.0,137.0
2020-10-09,6809.0,73.0,5932.0,804.0,92.0,2.0,111.0
2020-10-10,6913.0,74.0,5970.0,869.0,104.0,1.0,38.0
2020-10-11,7072.0,75.0,5981.0,1016.0,159.0,1.0,11.0
2020-10-12,7155.0,75.0,6075.0,1005.0,83.0,0.0,94.0
2020-10-13,7254.0,77.0,6210.0,967.0,99.0,2.0,135.0
2020-10-14,7371.0,79.0,6270.0,1022.0,117.0,2.0,60.0
2020-10-15,7444.0,79.0,6348.0,1017.0,73.0,0.0,78.0
2020-10-16,7526.0,82.0,6425.0,1019.0,82.0,3.0,77.0
2020-10-17,7638.0,85.0,6473.0,1080.0,112.0,3.0,48.0
2020-10-18,7752.0,86.0,6526.0,1140.0,114.0,1.0,53.0
2020-10-19,7800.0,87.0,6620.0,1093.0,48.0,1.0,94.0
2020-10-20,7901.0,87.0,6792.0,1022.0,101.0,0.0,172.0
2020-10-21,8033.0,90.0,6835.0,1108.0,132.0,3.0,43.0
2020-10-22,8122.0,91.0,6940.0,1091.0,89.0,1.0,105.0
2020-10-23,8198.0,94.0,7034.0,1070.0,76.0,3.0,94.0
2020-10-24,8322.0,94.0,7234.0,994.0,124.0,0.0,200.0
2020-10-25,8396.0,94.0,7285.0,1017.0,74.0,0.0,51.0
2020-10-26,8423.0,94.0,7455.0,874.0,27.0,0.0,170.0
2020-10-27,8472.0,94.0,7599.0,779.0,49.0,0.0,144.0
2020-10-28,8548.0,94.0,7701.0,753.0,76.0,0.0,102.0
2020-10-29,8603.0,95.0,7796.0,712.0,55.0,1.0,95.0
2020-10-30,8694.0,95.0,7913.0,686.0,91.0,0.0,117.0
2020-10-31,8793.0,95.0,7981.0,717.0,99.0,0.0,68.0
2020-11-01,8848.0,95.0,8012.0,741.0,55.0,0.0,31.0
2020-11-02,8882.0,95.0,8110.0,677.0,34.0,0.0,98.0
2020-11-03,8944.0,95.0,8155.0,694.0,62.0,0.0,45.0
2020-11-04,9053.0,95.0,8220.0,738.0,109.0,0.0,65.0
2020-11-05,9149.0,97.0,8289.0,763.0,96.0,2.0,69.0
2020-11-06,9224.0,100.0,8363.0,761.0,75.0,3.0,74.0
2020-11-07,9291.0,100.0,8431.0,760.0,67.0,0.0,68.0
2020-11-08,9369.0,100.0,8465.0,804.0,78.0,0.0,34.0
2020-11-09,9419.0,100.0,8717.0,602.0,50.0,0.0,252.0
2020-11-10,9499.0,101.0,8738.0,660.0,80.0,1.0,21.0
2020-11-11,9560.0,102.0,8829.0,629.0,61.0,1.0,91.0
