date,confirmed,deaths,recovered,active,new_confirmed,new_deaths,new_recovered
2020-01-27,1.0,0.0,0.0,0.0,,,
2020-01-28,1.0,0.0,0.0,0.0,0.0,0.0,0.0
2020-01-29,1.0,0.0,0.0,0.0,0.0,0.0,0.0
2020-01-30,1.0,0.0,0.0,0.0,0.0,0.0,0.0
2020-01-31,1.0,0.0,0.0,0.0,0.0,0.0,0.0
2020-02-01,1.0,0.0,0.0,1.0,0.0,0.0,0.0
2020-02-02,1.0,0.0,0.0,1.0,0.0,0.0,0.0
2020-02-03,1.0,0.0,0.0,1.0,0.0,0.0,0.0
2020-02-04,1.0,0.0,0.0,1.0,0.0,0.0,0.0
2020-02-05,1.0,0.0,0.0,1.0,0.0,0.0,0.0
2020-02-06,1.0,0.0,0.0,1.0,0.0,0.0,0.0
2020-02-07,1.0,0.0,0.0,1.0,0.0,0.0,0.0
2020-02-08,1.0,0.0,0.0,1.0,0.0,0.0,0.0
2020-02-09,1.0,0.0,0.0,1.0,0.0,0.0,0.0
2020-02-10,1.0,0.0,0.0,1.0,0.0,0.0,0.0
2020-02-11,1.0,0.0,0.0,1.0,0.0,0.0,0.0
2020-02-12,1.0,0.0,1.0,0.0,0.0,0.0,1.0
2020-02-13,1.0,0.0,1.0,0.0,0.0,0.0,0.0
2020-02-14,1.0,0.0,1.0,0.0,0.0,0.0,0.0
2020-02-15,1.0,0.0,1.0,0.0,0.0,0.0,0.0
2020-02-16,1.0,0.0,1.0,0.0,0.0,0.0,0.0
2020-02-17,1.0,0.0,1.0,0.0,0.0,0.0,0.0
2020-02-18,1.0,0.0,1.0,0.0,0.0,0.0,0.0
2020-02-19,1.0,0.0,1.0,0.0,0.0,0.0,0.0
2020-02-20,1.0,0.0,1.0,0.0,0.0,0.0,0.0
2020-02-21,1.0,0.0,1.0,0.0,0.0,0.0,0.0
2020-02-22,1.0,0.0,1.0,0.0,0.0,0.0,0.0
2020-02-23,1.0,0.0,1.0,0.0,0.0,0.0,0.0
2020-02-24,1.0,0.0,1.0,0.0,0.0,0.0,0.0
2020-02-25,1.0,0.0,1.0,0.0,0.0,0.0,0.0
2020-02-26,1.0,0.0,1.0,0.0,0.0,0.0,0.0
2020-02-27,1.0,0.0,1.0,0.0,0.0,0.0,0.0
2020-02-28,1.0,0.0,1.0,0.0,0.0,0.0,0.0
2020-02-29,1.0,0.0,1.0,0.0,0.0,0.0,0.0
2020-03-01,1.0,0.0,1.0,0.0,0.0,0.0,0.0
2020-03-02,1.0,0.0,1.0,0.0,0.0,0.0,0.0
2020-03-03,1.0,0.0,1.0,0.0,0.0,0.0,0.0
2020-03-04,1.0,0.0,1.0,0.0,0.0,0.0,0.0
2020-03-05,1.0,0.0,1.0,0.0,0.0,0.0,0.0
2020-03-06,1.0,0.0,1.0,0.0,0.0,0.0,0.0
2020-03-07,1.0,0.0,1.0,0.0,0.0,0.0,0.0
2020-03-08,2.0,0.0,1.0,1.0,1.0,0.0,0.0
2020-03-09,2.0,0.0,1.0,1.0,0.0,0.0,0.0
2020-03-10,2.0,0.0,1.0,1.0,0.0,0.0,0.0
2020-03-11,3.0,0.0,1.0,2.0,1.0,0.0,0.0
2020-03-12,3.0,0.0,1.0,2.0,0.0,0.0,0.0
2020-03-13,5.0,0.0,1.0,4.0,2.0,0.0,0.0
2020-03-14,7.0,0.0,1.0,6.0,2.0,0.0,0.0
2020-03-15,7.0,0.0,1.0,6.0,0.0,0.0,0.0
2020-03-16,7.0,0.0,1.0,6.0,0.0,0.0,0.0
2020-03-17,33.0,0.0,1.0,32.0,26.0,0.0,0.0
2020-03-18,35.0,0.0,1.0,34.0,2.0,0.0,0.0
2020-03-19,37.0,0.0,1.0,36.0,2.0,0.0,0.0
2020-03-20,51.0,0.0,1.0,50.0,14.0,0.0,0.0
2020-03-21,53.0,0.0,1.0,52.0,2.0,0.0,0.0
2020-03-22,84.0,0.0,2.0,82.0,31.0,0.0,1.0
2020-03-23,87.0,0.0,2.0,85.0,3.0,0.0,0.0
2020-03-24,91.0,0.0,4.0,87.0,4.0,0.0,2.0
2020-03-25,96.0,0.0,10.0,86.0,5.0,0.0,6.0
2020-03-26,96.0,0.0,10.0,86.0,0.0,0.0,0.0
2020-03-27,99.0,0.0,11.0,88.0,3.0,0.0,1.0
2020-03-28,99.0,0.0,13.0,86.0,0.0,0.0,2.0
2020-03-29,103.0,0.0,21.0,82.0,4.0,0.0,8.0
2020-03-30,107.0,0.0,21.0,86.0,4.0,0.0,0.0
2020-03-31,109.0,0.0,23.0,86.0,2.0,0.0,2.0
2020-04-01,109.0,0.0,25.0,84.0,0.0,0.0,2.0
2020-04-02,110.0,0.0,34.0,76.0,1.0,0.0,9.0
2020-04-03,114.0,0.0,35.0,79.0,4.0,0.0,1.0
2020-04-04,114.0,0.0,50.0,64.0,0.0,0.0,15.0
2020-04-05,114.0,0.0,50.0,64.0,0.0,0.0,0.0
2020-04-06,114.0,0.0,53.0,61.0,0.0,0.0,3.0
2020-04-07,115.0,0.0,58.0,57.0,1.0,0.0,5.0
2020-04-08,117.0,0.0,63.0,54.0,2.0,0.0,5.0
2020-04-09,119.0,0.0,62.0,57.0,2.0,0.0,-1.0
2020-04-10,119.0,0.0,72.0,47.0,0.0,0.0,10.0
2020-04-11,120.0,0.0,75.0,45.0,1.0,0.0,3.0
2020-04-12,122.0,0.0,77.0,45.0,2.0,0.0,2.0
2020-04-13,122.0,0.0,77.0,45.0,0.0,0.0,0.0
2020-04-14,122.0,0.0,91.0,31.0,0.0,0.0,14.0
2020-04-15,122.0,0.0,96.0,26.0,0.0,0.0,5.0
2020-04-16,122.0,0.0,98.0,24.0,0.0,0.0,2.0
2020-04-17,122.0,0.0,98.0,24.0,0.0,0.0,0.0
2020-04-18,122.0,0.0,103.0,19.0,0.0,0.0,5.0
2020-04-19,122.0,0.0,105.0,17.0,0.0,0.0,2.0
2020-04-20,122.0,0.0,107.0,15.0,0.0,0.0,2.0
2020-04-21,122.0,0.0,110.0,12.0,0.0,0.0,3.0
2020-04-22,122.0,0.0,110.0,12.0,0.0,0.0,0.0
2020-04-23,122.0,0.0,110.0,12.0,0.0,0.0,0.0
2020-04-24,122.0,0.0,117.0,5.0,0.0,0.0,7.0
2020-04-25,122.0,0.0,117.0,5.0,0.0,0.0,0.0
2020-04-26,122.0,0.0,117.0,5.0,0.0,0.0,0.0
2020-04-27,122.0,0.0,119.0,3.0,0.0,0.0,2.0
2020-04-28,122.0,0.0,119.0,3.0,0.0,0.0,0.0
2020-04-29,122.0,0.0,119.0,3.0,0.0,0.0,0.0
2020-04-30,122.0,0.0,119.0,3.0,0.0,0.0,0.0
2020-05-01,122.0,0.0,120.0,2.0,0.0,0.0,1.0
2020-05-02,122.0,0.0,120.0,2.0,0.0,0.0,0.0
2020-05-03,122.0,0.0,120.0,2.0,0.0,0.0,0.0
2020-05-04,122.0,0.0,120.0,2.0,0.0,0.0,0.0
2020-05-05,122.0,0.0,120.0,2.0,0.0,0.0,0.0
2020-05-06,122.0,0.0,120.0,2.0,0.0,0.0,0.0
2020-05-07,122.0,0.0,120.0,2.0,0.0,0.0,0.0
2020-05-08,122.0,0.0,120.0,2.0,0.0,0.0,0.0
2020-05-09,122.0,0.0,120.0,2.0,0.0,0.0,0.0
2020-05-10,122.0,0.0,120.0,2.0,0.0,0.0,0.0
2020-05-11,122.0,0.0,121.0,1.0,0.0,0.0,1.0
2020-05-12,122.0,0.0,121.0,1.0,0.0,0.0,0.0
2020-05-13,122.0,0.0,121.0,1.0,0.0,0.0,0.0
2020-05-14,122.0,0.0,121.0,1.0,0.0,0.0,0.0
2020-05-15,122.0,0.0,122.0,0.0,0.0,0.0,1.0
2020-05-16,122.0,0.0,122.0,0.0,0.0,0.0,0.0
2020-05-17,122.0,0.0,122.0,0.0,0.0,0.0,0.0
2020-05-18,122.0,0.0,122.0,0.0,0.0,0.0,0.0
2020-05-19,122.0,0.0,122.0,0.0,0.0,0.0,0.0
2020-05-20,122.0,0.0,122.0,0.0,0.0,0.0,0.0
2020-05-21,123.0,0.0,122.0,1.0,1.0,0.0,0.0
2020-05-22,123.0,0.0,122.0,1.0,0.0,0.0,0.0
2020-05-23,124.0,0.0,122.0,2.0,1.0,0.0,0.0
2020-05-24,124.0,0.0,122.0,2.0,0.0,0.0,0.0
2020-05-25,124.0,0.0,122.0,2.0,0.0,0.0,0.0
2020-05-26,124.0,0.0,122.0,2.0,0.0,0.0,0.0
2020-05-27,124.0,0.0,122.0,2.0,0.0,0.0,0.0
2020-05-28,124.0,0.0,122.0,2.0,0.0,0.0,0.0
2020-05-29,124.0,0.0,122.0,2.0,0.0,0.0,0.0
2020-05-30,125.0,0.0,123.0,2.0,1.0,0.0,1.0
2020-05-31,125.0,0.0,123.0,2.0,0.0,0.0,0.0
2020-06-01,125.0,0.0,123.0,2.0,0.0,0.0,0.0
2020-06-02,125.0,0.0,123.0,2.0,0.0,0.0,0.0
2020-06-03,125.0,0.0,123.0,2.0,0.0,0.0,0.0
2020-06-04,125.0,0.0,123.0,2.0,0.0,0.0,0.0
2020-06-05,125.0,0.0,123.0,2.0,0.0,0.0,0.0
2020-06-06,125.0,0.0,123.0,2.0,0.0,0.0,0.0
2020-06-07,126.0,0.0,123.0,3.0,1.0,0.0,0.0
2020-06-08,126.0,0.0,123.0,3.0,0.0,0.0,0.0
2020-06-09,126.0,0.0,125.0,1.0,0.0,0.0,2.0
2020-06-10,126.0,0.0,125.0,1.0,0.0,0.0,0.0
2020-06-11,126.0,0.0,125.0,1.0,0.0,0.0,0.0
2020-06-12,126.0,0.0,125.0,1.0,0.0,0.0,0.0
2020-06-13,128.0,0.0,125.0,3.0,2.0,0.0,0.0
2020-06-14,128.0,0.0,125.0,3.0,0.0,0.0,0.0
2020-06-15,128.0,0.0,125.0,3.0,0.0,0.0,0.0
2020-06-16,128.0,0.0,126.0,2.0,0.0,0.0,1.0
2020-06-17,128.0,0.0,126.0,2.0,0.0,0.0,0.0
2020-06-18,129.0,0.0,126.0,3.0,1.0,0.0,0.0
2020-06-19,129.0,0.0,126.0,3.0,0.0,0.0,0.0
2020-06-20,129.0,0.0,126.0,3.0,0.0,0.0,0.0
2020-06-21,129.0,0.0,127.0,2.0,0.0,0.0,1.0
2020-06-22,130.0,0.0,127.0,3.0,1.0,0.0,0.0
2020-06-23,130.0,0.0,127.0,3.0,0.0,0.0,0.0
2020-06-24,130.0,0.0,127.0,3.0,0.0,0.0,0.0
2020-06-25,130.0,0.0,127.0,3.0,0.0,0.0,0.0
2020-06-26,139.0,0.0,129.0,10.0,9.0,0.0,2.0
2020-06-27,141.0,0.0,129.0,12.0,2.0,0.0,0.0
2020-06-28,141.0,0.0,130.0,11.0,0.0,0.0,1.0
2020-06-29,141.0,0.0,130.0,11.0,0.0,0.0,0.0
2020-06-30,141.0,0.0,130.0,11.0,0.0,0.0,0.0
2020-07-01,141.0,0.0,131.0,10.0,0.0,0.0,1.0
2020-07-02,141.0,0.0,131.0,10.0,0.0,0.0,0.0
2020-07-03,141.0,0.0,131.0,10.0,0.0,0.0,0.0
2020-07-04,141.0,0.0,131.0,10.0,0.0,0.0,0.0
2020-07-05,141.0,0.0,131.0,10.0,0.0,0.0,0.0
2020-07-06,141.0,0.0,131.0,10.0,0.0,0.0,0.0
2020-07-07,141.0,0.0,131.0,10.0,0.0,0.0,0.0
2020-07-08,141.0,0.0,131.0,10.0,0.0,0.0,0.0
2020-07-09,141.0,0.0,131.0,10.0,0.0,0.0,0.0
2020-07-10,141.0,0.0,131.0,10.0,0.0,0.0,0.0
2020-07-11,156.0,0.0,133.0,23.0,15.0,0.0,2.0
2020-07-12,156.0,0.0,133.0,23.0,0.0,0.0,0.0
2020-07-13,165.0,0.0,133.0,32.0,9.0,0.0,0.0
2020-07-14,165.0,0.0,133.0,32.0,0.0,0.0,0.0
2020-07-15,166.0,0.0,133.0,33.0,1.0,0.0,0.0
2020-07-16,171.0,0.0,133.0,38.0,5.0,0.0,0.0
2020-07-17,171.0,0.0,133.0,38.0,0.0,0.0,0.0
2020-07-18,171.0,0.0,133.0,38.0,0.0,0.0,0.0
2020-07-19,171.0,0.0,136.0,35.0,0.0,0.0,3.0
2020-07-20,171.0,0.0,136.0,35.0,0.0,0.0,0.0
2020-07-21,197.0,0.0,140.0,57.0,26.0,0.0,4.0
2020-07-22,198.0,0.0,142.0,56.0,1.0,0.0,2.0
2020-07-23,202.0,0.0,142.0,60.0,4.0,0.0,0.0
2020-07-24,202.0,0.0,142.0,60.0,0.0,0.0,0.0
2020-07-25,225.0,0.0,143.0,82.0,23.0,0.0,1.0
2020-07-26,225.0,0.0,143.0,82.0,0.0,0.0,0.0
2020-07-27,226.0,0.0,147.0,79.0,1.0,0.0,4.0
2020-07-28,226.0,0.0,147.0,79.0,0.0,0.0,0.0
2020-07-29,226.0,0.0,147.0,79.0,0.0,0.0,0.0
2020-07-30,234.0,0.0,164.0,70.0,8.0,0.0,17.0
2020-07-31,239.0,0.0,164.0,75.0,5.0,0.0,0.0
2020-08-01,240.0,0.0,196.0,44.0,1.0,0.0,32.0
2020-08-02,240.0,0.0,196.0,44.0,0.0,0.0,0.0
2020-08-03,240.0,0.0,197.0,43.0,0.0,0.0,1.0
2020-08-04,243.0,0.0,202.0,41.0,3.0,0.0,5.0
2020-08-05,243.0,0.0,202.0,41.0,0.0,0.0,0.0
2020-08-06,243.0,0.0,214.0,29.0,0.0,0.0,12.0
2020-08-07,246.0,0.0,215.0,31.0,3.0,0.0,1.0
2020-08-08,248.0,0.0,217.0,31.0,2.0,0.0,2.0
2020-08-09,251.0,0.0,219.0,32.0,3.0,0.0,2.0
2020-08-10,251.0,0.0,219.0,32.0,0.0,0.0,0.0
2020-08-11,268.0,0.0,220.0,48.0,17.0,0.0,1.0
2020-08-12,272.0,0.0,223.0,49.0,4.0,0.0,3.0
2020-08-13,273.0,0.0,225.0,48.0,1.0,0.0,2.0
2020-08-14,273.0,0.0,225.0,48.0,0.0,0.0,0.0
2020-08-15,273.0,0.0,238.0,35.0,0.0,0.0,13.0
2020-08-16,273.0,0.0,238.0,35.0,0.0,0.0,0.0
2020-08-17,273.0,0.0,238.0,35.0,0.0,0.0,0.0
2020-08-18,273.0,0.0,251.0,22.0,0.0,0.0,13.0
2020-08-19,273.0,0.0,253.0,20.0,0.0,0.0,2.0
2020-08-20,273.0,0.0,253.0,20.0,0.0,0.0,0.0
2020-08-21,273.0,0.0,263.0,10.0,0.0,0.0,10.0
2020-08-22,273.0,0.0,263.0,10.0,0.0,0.0,0.0
2020-08-23,273.0,0.0,263.0,10.0,0.0,0.0,0.0
2020-08-24,273.0,0.0,263.0,10.0,0.0,0.0,0.0
2020-08-25,273.0,0.0,264.0,9.0,0.0,0.0,1.0
2020-08-26,273.0,0.0,264.0,9.0,0.0,0.0,0.0
2020-08-27,273.0,0.0,265.0,8.0,0.0,0.0,1.0
2020-08-28,273.0,0.0,265.0,8.0,0.0,0.0,0.0
2020-08-29,273.0,0.0,265.0,8.0,0.0,0.0,0.0
2020-08-30,273.0,0.0,265.0,8.0,0.0,0.0,0.0
2020-08-31,274.0,0.0,266.0,8.0,1.0,0.0,1.0
2020-09-01,274.0,0.0,266.0,8.0,0.0,0.0,0.0
2020-09-02,274.0,0.0,271.0,3.0,0.0,0.0,5.0
2020-09-03,274.0,0.0,272.0,2.0,0.0,0.0,1.0
2020-09-04,274.0,0.0,272.0,2.0,0.0,0.0,0.0
2020-09-05,274.0,0.0,272.0,2.0,0.0,0.0,0.0
2020-09-06,274.0,0.0,272.0,2.0,0.0,0.0,0.0
2020-09-07,274.0,0.0,273.0,1.0,0.0,0.0,1.0
2020-09-08,274.0,0.0,273.0,1.0,0.0,0.0,0.0
2020-09-09,274.0,0.0,273.0,1.0,0.0,0.0,0.0
2020-09-10,274.0,0.0,274.0,0.0,0.0,0.0,1.0
2020-09-11,274.0,0.0,274.0,0.0,0.0,0.0,0.0
2020-09-12,275.0,0.0,274.0,1.0,1.0,0.0,0.0
2020-09-13,275.0,0.0,274.0,1.0,0.0,0.0,0.0
2020-09-14,275.0,0.0,274.0,1.0,0.0,0.0,0.0
2020-09-15,275.0,0.0,274.0,1.0,0.0,0.0,0.0
2020-09-16,275.0,0.0,274.0,1.0,0.0,0.0,0.0
2020-09-17,275.0,0.0,274.0,1.0,0.0,0.0,0.0
2020-09-18,275.0,0.0,274.0,1.0,0.0,0.0,0.0
