date,confirmed,deaths,recovered,active,new_confirmed,new_deaths,new_recovered
2020-03-06,1.0,0.0,0.0,1.0,,,
2020-03-07,1.0,0.0,0.0,1.0,0.0,0.0,0.0
2020-03-08,2.0,0.0,0.0,2.0,1.0,0.0,0.0
2020-03-09,2.0,0.0,0.0,2.0,0.0,0.0,0.0
2020-03-10,2.0,0.0,0.0,2.0,0.0,0.0,0.0
2020-03-11,2.0,0.0,0.0,2.0,0.0,0.0,0.0
2020-03-12,2.0,0.0,0.0,2.0,0.0,0.0,0.0
2020-03-13,2.0,0.0,0.0,2.0,0.0,0.0,0.0
2020-03-14,2.0,0.0,0.0,2.0,0.0,0.0,0.0
2020-03-15,2.0,0.0,0.0,2.0,0.0,0.0,0.0
2020-03-16,4.0,0.0,0.0,4.0,2.0,0.0,0.0
2020-03-17,10.0,0.0,0.0,10.0,6.0,0.0,0.0
2020-03-18,10.0,0.0,0.0,10.0,0.0,0.0,0.0
2020-03-19,13.0,0.0,0.0,13.0,3.0,0.0,0.0
2020-03-20,20.0,0.0,0.0,20.0,7.0,0.0,0.0
2020-03-21,27.0,0.0,0.0,27.0,7.0,0.0,0.0
2020-03-22,40.0,0.0,2.0,38.0,13.0,0.0,2.0
2020-03-23,56.0,0.0,2.0,54.0,16.0,0.0,0.0
2020-03-24,66.0,0.0,2.0,64.0,10.0,0.0,0.0
2020-03-25,75.0,1.0,2.0,72.0,9.0,1.0,0.0
2020-03-26,75.0,1.0,2.0,72.0,0.0,0.0,0.0
2020-03-27,91.0,2.0,2.0,87.0,16.0,1.0,0.0
2020-03-28,91.0,2.0,2.0,87.0,0.0,0.0,0.0
2020-03-29,139.0,6.0,5.0,128.0,48.0,4.0,3.0
2020-03-30,139.0,6.0,5.0,128.0,0.0,0.0,0.0
2020-03-31,193.0,6.0,5.0,182.0,54.0,0.0,0.0
2020-04-01,233.0,6.0,10.0,217.0,40.0,0.0,5.0
2020-04-02,306.0,7.0,10.0,289.0,73.0,1.0,0.0
2020-04-03,509.0,8.0,17.0,484.0,203.0,1.0,7.0
2020-04-04,555.0,9.0,17.0,529.0,46.0,1.0,0.0
2020-04-05,650.0,9.0,17.0,624.0,95.0,0.0,0.0
2020-04-06,658.0,9.0,17.0,632.0,8.0,0.0,0.0
2020-04-07,658.0,9.0,43.0,606.0,0.0,0.0,26.0
2020-04-08,730.0,10.0,60.0,660.0,72.0,1.0,17.0
2020-04-09,730.0,10.0,60.0,660.0,0.0,0.0,0.0
2020-04-10,820.0,12.0,98.0,710.0,90.0,2.0,38.0
2020-04-11,820.0,12.0,98.0,710.0,0.0,0.0,0.0
2020-04-12,820.0,12.0,98.0,710.0,0.0,0.0,0.0
2020-04-13,820.0,12.0,98.0,710.0,0.0,0.0,0.0
2020-04-14,848.0,14.0,130.0,704.0,28.0,2.0,32.0
2020-04-15,848.0,17.0,165.0,666.0,0.0,3.0,35.0
2020-04-16,996.0,22.0,164.0,810.0,148.0,5.0,-1.0
2020-04-17,996.0,22.0,164.0,810.0,0.0,0.0,0.0
2020-04-18,1017.0,22.0,177.0,818.0,21.0,0.0,13.0
2020-04-19,1017.0,42.0,305.0,670.0,0.0,20.0,128.0
2020-04-20,1163.0,42.0,305.0,816.0,146.0,0.0,0.0
2020-04-21,1163.0,43.0,329.0,791.0,0.0,1.0,24.0
2020-04-22,1163.0,43.0,397.0,723.0,0.0,0.0,68.0
2020-04-23,1334.0,43.0,668.0,623.0,171.0,0.0,271.0
2020-04-24,1430.0,43.0,668.0,719.0,96.0,0.0,0.0
2020-04-25,1518.0,53.0,697.0,768.0,88.0,10.0,29.0
2020-04-26,1621.0,56.0,786.0,779.0,103.0,3.0,89.0
2020-04-27,1705.0,58.0,805.0,842.0,84.0,2.0,19.0
2020-04-28,1705.0,58.0,915.0,732.0,0.0,0.0,110.0
2020-04-29,1832.0,61.0,934.0,837.0,127.0,3.0,19.0
2020-04-30,1832.0,61.0,934.0,837.0,0.0,0.0,0.0
2020-05-01,1832.0,61.0,934.0,837.0,0.0,0.0,0.0
2020-05-02,2077.0,64.0,953.0,1060.0,245.0,3.0,19.0
2020-05-03,2077.0,64.0,953.0,1060.0,0.0,0.0,0.0
2020-05-04,2104.0,64.0,953.0,1087.0,27.0,0.0,0.0
2020-05-05,2104.0,64.0,953.0,1087.0,0.0,0.0,0.0
2020-05-06,2265.0,108.0,1000.0,1157.0,161.0,44.0,47.0
2020-05-07,2267.0,108.0,1002.0,1157.0,2.0,0.0,2.0
2020-05-08,2267.0,108.0,1002.0,1157.0,0.0,0.0,0.0
2020-05-09,2274.0,108.0,1232.0,934.0,7.0,0.0,230.0
2020-05-10,2579.0,114.0,1465.0,1000.0,305.0,6.0,233.0
2020-05-11,2689.0,125.0,1524.0,1040.0,110.0,11.0,59.0
2020-05-12,2689.0,125.0,1524.0,1040.0,0.0,0.0,0.0
2020-05-13,2800.0,136.0,1543.0,1121.0,111.0,11.0,19.0
2020-05-14,2954.0,139.0,1553.0,1262.0,154.0,3.0,10.0
2020-05-15,3105.0,140.0,1567.0,1398.0,151.0,1.0,14.0
2020-05-16,3105.0,140.0,1567.0,1398.0,0.0,0.0,0.0
2020-05-17,3105.0,140.0,1567.0,1398.0,0.0,0.0,0.0
2020-05-18,3529.0,140.0,1567.0,1822.0,424.0,0.0,0.0
2020-05-19,3529.0,140.0,1567.0,1822.0,0.0,0.0,0.0
2020-05-20,3733.0,146.0,1595.0,1992.0,204.0,6.0,28.0
2020-05-21,4288.0,156.0,1808.0,2324.0,555.0,10.0,213.0
2020-05-22,4400.0,159.0,1822.0,2419.0,112.0,3.0,14.0
2020-05-23,4400.0,159.0,1822.0,2419.0,0.0,0.0,0.0
2020-05-24,4890.0,165.0,1865.0,2860.0,490.0,6.0,43.0
2020-05-25,4890.0,165.0,1865.0,2860.0,0.0,0.0,0.0
2020-05-26,5436.0,175.0,1996.0,3265.0,546.0,10.0,131.0
2020-05-27,5436.0,175.0,1996.0,3265.0,0.0,0.0,0.0
2020-05-28,5436.0,175.0,1996.0,3265.0,0.0,0.0,0.0
2020-05-29,5436.0,177.0,3326.0,1933.0,0.0,2.0,1330.0
2020-05-30,5904.0,191.0,3568.0,2145.0,468.0,14.0,242.0
2020-05-31,5904.0,191.0,3568.0,2145.0,0.0,0.0,0.0
2020-06-01,6397.0,199.0,3629.0,2569.0,493.0,8.0,61.0
2020-06-02,6585.0,200.0,3676.0,2709.0,188.0,1.0,47.0
2020-06-03,6585.0,200.0,3676.0,2709.0,0.0,0.0,0.0
2020-06-04,6789.0,203.0,3705.0,2881.0,204.0,3.0,29.0
2020-06-05,7392.0,205.0,4575.0,2612.0,603.0,2.0,870.0
2020-06-06,7599.0,212.0,4587.0,2800.0,207.0,7.0,12.0
2020-06-07,7908.0,212.0,4735.0,2961.0,309.0,0.0,148.0
2020-06-08,8060.0,212.0,4748.0,3100.0,152.0,0.0,13.0
2020-06-09,8312.0,212.0,4794.0,3306.0,252.0,0.0,46.0
2020-06-10,8681.0,212.0,4836.0,3633.0,369.0,0.0,42.0
2020-06-11,8681.0,212.0,4836.0,3633.0,0.0,0.0,0.0
2020-06-12,8681.0,212.0,4836.0,3633.0,0.0,0.0,0.0
2020-06-13,8681.0,212.0,4836.0,3633.0,0.0,0.0,0.0
2020-06-14,8681.0,212.0,4836.0,3633.0,0.0,0.0,0.0
2020-06-15,9864.0,276.0,5570.0,4018.0,1183.0,64.0,734.0
2020-06-16,9864.0,276.0,5570.0,4018.0,0.0,0.0,0.0
2020-06-17,9864.0,276.0,5570.0,4018.0,0.0,0.0,0.0
2020-06-18,9864.0,276.0,5570.0,4018.0,0.0,0.0,0.0
2020-06-19,10638.0,282.0,7548.0,2808.0,774.0,6.0,1978.0
2020-06-20,11610.0,301.0,7702.0,3607.0,972.0,19.0,154.0
2020-06-21,11892.0,303.0,7710.0,3879.0,282.0,2.0,8.0
2020-06-22,12041.0,308.0,7740.0,3993.0,149.0,5.0,30.0
2020-06-23,12270.0,313.0,7774.0,4183.0,229.0,5.0,34.0
2020-06-24,12592.0,313.0,10100.0,2179.0,322.0,0.0,2326.0
2020-06-25,12592.0,313.0,10100.0,2179.0,0.0,0.0,0.0
2020-06-26,12592.0,313.0,10100.0,2179.0,0.0,0.0,0.0
2020-06-27,12592.0,313.0,10100.0,2179.0,0.0,0.0,0.0
2020-06-28,12592.0,313.0,10100.0,2179.0,0.0,0.0,0.0
2020-06-29,12592.0,313.0,10100.0,2179.0,0.0,0.0,0.0
2020-06-30,12592.0,313.0,10100.0,2179.0,0.0,0.0,0.0
2020-07-01,12592.0,313.0,10100.0,2179.0,0.0,0.0,0.0
2020-07-02,12592.0,313.0,10100.0,2179.0,0.0,0.0,0.0
2020-07-03,12592.0,313.0,10100.0,2179.0,0.0,0.0,0.0
2020-07-04,12592.0,313.0,10100.0,2179.0,0.0,0.0,0.0
2020-07-05,12592.0,313.0,10100.0,2179.0,0.0,0.0,0.0
2020-07-06,12592.0,313.0,10100.0,2179.0,0.0,0.0,0.0
2020-07-07,14916.0,359.0,11525.0,3032.0,2324.0,46.0,1425.0
2020-07-08,14916.0,359.0,11525.0,3032.0,0.0,0.0,0.0
2020-07-09,14916.0,359.0,11525.0,3032.0,0.0,0.0,0.0
2020-07-10,14916.0,359.0,11525.0,3032.0,0.0,0.0,0.0
2020-07-11,15173.0,359.0,11928.0,2886.0,257.0,0.0,403.0
2020-07-12,15173.0,359.0,11928.0,2886.0,0.0,0.0,0.0
2020-07-13,15173.0,359.0,11928.0,2886.0,0.0,0.0,0.0
2020-07-14,15173.0,359.0,11928.0,2886.0,0.0,0.0,0.0
2020-07-15,15173.0,359.0,11928.0,2886.0,0.0,0.0,0.0
2020-07-16,16157.0,373.0,13728.0,2056.0,984.0,14.0,1800.0
2020-07-17,16157.0,373.0,13728.0,2056.0,0.0,0.0,0.0
2020-07-18,16157.0,373.0,13728.0,2056.0,0.0,0.0,0.0
2020-07-19,16157.0,373.0,13728.0,2056.0,0.0,0.0,0.0
2020-07-20,16157.0,373.0,13728.0,2056.0,0.0,0.0,0.0
2020-07-21,16522.0,382.0,13728.0,2412.0,365.0,9.0,0.0
2020-07-22,16522.0,382.0,13728.0,2412.0,0.0,0.0,0.0
2020-07-23,16522.0,382.0,13728.0,2412.0,0.0,0.0,0.0
2020-07-24,16708.0,385.0,14539.0,1784.0,186.0,3.0,811.0
2020-07-25,16708.0,385.0,14539.0,1784.0,0.0,0.0,0.0
2020-07-26,16708.0,385.0,14539.0,1784.0,0.0,0.0,0.0
2020-07-27,17110.0,391.0,14539.0,2180.0,402.0,6.0,0.0
2020-07-28,17179.0,391.0,14539.0,2249.0,69.0,0.0,0.0
