date,confirmed,deaths,recovered,active,new_confirmed,new_deaths,new_recovered
2020-01-26,1.0,0.0,0.0,0.0,,,
2020-01-27,1.0,0.0,0.0,0.0,0.0,0.0,0.0
2020-01-28,2.0,0.0,0.0,0.0,1.0,0.0,0.0
2020-01-29,2.0,0.0,0.0,0.0,0.0,0.0,0.0
2020-01-30,3.0,0.0,0.0,0.0,1.0,0.0,0.0
2020-01-31,3.0,0.0,0.0,0.0,0.0,0.0,0.0
2020-02-01,4.0,0.0,0.0,4.0,1.0,0.0,0.0
2020-02-02,4.0,0.0,0.0,4.0,0.0,0.0,0.0
2020-02-03,4.0,0.0,0.0,4.0,0.0,0.0,0.0
2020-02-04,4.0,0.0,0.0,4.0,0.0,0.0,0.0
2020-02-05,5.0,0.0,0.0,5.0,1.0,0.0,0.0
2020-02-06,5.0,0.0,0.0,5.0,0.0,0.0,0.0
2020-02-07,7.0,0.0,0.0,7.0,2.0,0.0,0.0
2020-02-08,7.0,0.0,0.0,7.0,0.0,0.0,0.0
2020-02-09,7.0,0.0,0.0,7.0,0.0,0.0,0.0
2020-02-10,7.0,0.0,0.0,7.0,0.0,0.0,0.0
2020-02-11,7.0,0.0,0.0,7.0,0.0,0.0,0.0
2020-02-12,7.0,0.0,1.0,6.0,0.0,0.0,1.0
2020-02-13,7.0,0.0,1.0,6.0,0.0,0.0,0.0
2020-02-14,7.0,0.0,1.0,6.0,0.0,0.0,0.0
2020-02-15,7.0,0.0,1.0,6.0,0.0,0.0,0.0
2020-02-16,7.0,0.0,1.0,6.0,0.0,0.0,0.0
2020-02-17,8.0,0.0,1.0,7.0,1.0,0.0,0.0
2020-02-18,8.0,0.0,1.0,7.0,0.0,0.0,0.0
2020-02-19,8.0,0.0,1.0,7.0,0.0,0.0,0.0
2020-02-20,8.0,0.0,1.0,7.0,0.0,0.0,0.0
2020-02-21,9.0,0.0,3.0,6.0,1.0,0.0,2.0
2020-02-22,9.0,0.0,3.0,6.0,0.0,0.0,0.0
2020-02-23,9.0,0.0,3.0,6.0,0.0,0.0,0.0
2020-02-24,10.0,0.0,3.0,7.0,1.0,0.0,0.0
2020-02-25,11.0,0.0,3.0,8.0,1.0,0.0,0.0
2020-02-26,11.0,0.0,3.0,8.0,0.0,0.0,0.0
2020-02-27,13.0,0.0,6.0,7.0,2.0,0.0,3.0
2020-02-28,14.0,0.0,6.0,8.0,1.0,0.0,0.0
2020-02-29,20.0,0.0,6.0,14.0,6.0,0.0,0.0
2020-03-01,24.0,0.0,6.0,18.0,4.0,0.0,0.0
2020-03-02,27.0,0.0,6.0,21.0,3.0,0.0,0.0
2020-03-03,30.0,0.0,6.0,24.0,3.0,0.0,0.0
2020-03-04,33.0,0.0,6.0,27.0,3.0,0.0,0.0
2020-03-05,37.0,0.0,6.0,31.0,4.0,0.0,0.0
2020-03-06,49.0,0.0,6.0,43.0,12.0,0.0,0.0
2020-03-07,54.0,0.0,8.0,46.0,5.0,0.0,2.0
2020-03-08,64.0,0.0,8.0,56.0,10.0,0.0,0.0
2020-03-09,76.0,1.0,8.0,67.0,12.0,1.0,0.0
2020-03-10,79.0,1.0,8.0,70.0,3.0,0.0,0.0
2020-03-11,108.0,1.0,8.0,99.0,29.0,0.0,0.0
2020-03-12,117.0,1.0,8.0,108.0,9.0,0.0,0.0
2020-03-13,193.0,1.0,8.0,184.0,76.0,0.0,0.0
2020-03-14,196.0,1.0,8.0,187.0,3.0,0.0,0.0
2020-03-15,250.0,1.0,8.0,241.0,54.0,0.0,0.0
2020-03-16,415.0,4.0,9.0,402.0,165.0,3.0,1.0
2020-03-17,478.0,5.0,9.0,464.0,63.0,1.0,0.0
2020-03-18,657.0,8.0,9.0,640.0,179.0,3.0,0.0
2020-03-19,800.0,9.0,9.0,782.0,143.0,1.0,0.0
2020-03-20,943.0,12.0,9.0,922.0,143.0,3.0,0.0
2020-03-21,1278.0,19.0,10.0,1249.0,335.0,7.0,1.0
2020-03-22,1470.0,21.0,0.0,1449.0,192.0,2.0,-10.0
2020-03-23,2088.0,25.0,0.0,2063.0,618.0,4.0,0.0
2020-03-24,2790.0,26.0,110.0,2654.0,702.0,1.0,110.0
2020-03-25,3251.0,30.0,183.0,3038.0,461.0,4.0,73.0
2020-03-26,4042.0,38.0,184.0,3820.0,791.0,8.0,1.0
2020-03-27,4682.0,54.0,256.0,4372.0,640.0,16.0,72.0
2020-03-28,5576.0,61.0,466.0,5049.0,894.0,7.0,210.0
2020-03-29,6280.0,64.0,466.0,5750.0,704.0,3.0,0.0
2020-03-30,7398.0,80.0,466.0,6852.0,1118.0,16.0,0.0
2020-03-31,8527.0,101.0,1592.0,6834.0,1129.0,21.0,1126.0
2020-04-01,9560.0,109.0,1324.0,8127.0,1033.0,8.0,-268.0
2020-04-02,11284.0,139.0,1735.0,9410.0,1724.0,30.0,411.0
2020-04-03,12437.0,179.0,2175.0,10083.0,1153.0,40.0,440.0
2020-04-04,12978.0,218.0,2577.0,10183.0,541.0,39.0,402.0
2020-04-05,15756.0,259.0,3012.0,12485.0,2778.0,41.0,435.0
2020-04-06,16563.0,339.0,3256.0,12968.0,807.0,80.0,244.0
2020-04-07,17872.0,375.0,3791.0,13706.0,1309.0,36.0,535.0
2020-04-08,19141.0,407.0,4154.0,14580.0,1269.0,32.0,363.0
2020-04-09,20654.0,503.0,5162.0,14989.0,1513.0,96.0,1008.0
2020-04-10,22059.0,557.0,5855.0,15647.0,1405.0,54.0,693.0
2020-04-11,23316.0,654.0,6589.0,16073.0,1257.0,97.0,734.0
2020-04-12,24299.0,713.0,7123.0,16463.0,983.0,59.0,534.0
2020-04-13,25680.0,780.0,7758.0,17142.0,1381.0,67.0,635.0
2020-04-14,27035.0,900.0,8210.0,17925.0,1355.0,120.0,452.0
2020-04-15,28209.0,1007.0,8966.0,18236.0,1174.0,107.0,756.0
2020-04-16,30809.0,1258.0,9698.0,19853.0,2600.0,251.0,732.0
2020-04-17,32814.0,1355.0,10545.0,20914.0,2005.0,97.0,847.0
2020-04-18,34356.0,1400.0,10964.0,21992.0,1542.0,45.0,419.0
2020-04-19,35633.0,1564.0,11847.0,22222.0,1277.0,164.0,883.0
2020-04-20,37658.0,1726.0,12543.0,23389.0,2025.0,162.0,696.0
2020-04-21,39402.0,1909.0,13188.0,24305.0,1744.0,183.0,645.0
2020-04-22,41650.0,2077.0,14454.0,25119.0,2248.0,168.0,1266.0
2020-04-23,43286.0,2241.0,14761.0,26284.0,1636.0,164.0,307.0
2020-04-24,44056.0,2386.0,15149.0,26521.0,770.0,145.0,388.0
2020-04-25,45493.0,2549.0,16013.0,26931.0,1437.0,163.0,864.0
2020-04-26,47147.0,2663.0,16883.0,27601.0,1654.0,114.0,870.0
2020-04-27,49616.0,2841.0,18268.0,28507.0,2469.0,178.0,1385.0
2020-04-28,51150.0,2983.0,19231.0,28936.0,1534.0,142.0,963.0
2020-04-29,52865.0,3155.0,20327.0,29383.0,1715.0,172.0,1096.0
2020-04-30,54457.0,3310.0,21424.0,29723.0,1592.0,155.0,1097.0
2020-05-01,56343.0,3537.0,22764.0,30042.0,1886.0,227.0,1340.0
2020-05-02,57926.0,3684.0,23814.0,30428.0,1583.0,147.0,1050.0
2020-05-03,60504.0,3795.0,24921.0,31788.0,2578.0,111.0,1107.0
2020-05-04,61957.0,4003.0,26030.0,31924.0,1453.0,208.0,1109.0
2020-05-05,63215.0,4190.0,27006.0,32019.0,1258.0,187.0,976.0
2020-05-06,64694.0,4366.0,28184.0,32144.0,1479.0,176.0,1178.0
2020-05-07,66201.0,4541.0,29260.0,32400.0,1507.0,175.0,1076.0
2020-05-08,67674.0,4697.0,30239.0,32738.0,1473.0,156.0,979.0
2020-05-09,68918.0,4823.0,31262.0,32833.0,1244.0,126.0,1023.0
2020-05-10,70091.0,4991.0,32109.0,32991.0,1173.0,168.0,847.0
2020-05-11,71264.0,5115.0,33007.0,33142.0,1173.0,124.0,898.0
2020-05-12,72419.0,5300.0,34055.0,33064.0,1155.0,185.0,1048.0
2020-05-13,73568.0,5425.0,35177.0,32966.0,1149.0,125.0,1122.0
2020-05-14,74781.0,5592.0,36104.0,33085.0,1213.0,167.0,927.0
2020-05-15,75959.0,5679.0,36908.0,33372.0,1178.0,87.0,804.0
2020-05-16,77206.0,5800.0,37832.0,33574.0,1247.0,121.0,924.0
2020-05-17,78332.0,5903.0,38563.0,33866.0,1126.0,103.0,731.0
2020-05-18,79411.0,5960.0,39251.0,34200.0,1079.0,57.0,688.0
2020-05-19,80493.0,6028.0,40069.0,34396.0,1082.0,68.0,818.0
2020-05-20,81575.0,6150.0,40793.0,34632.0,1082.0,122.0,724.0
2020-05-21,82742.0,6267.0,41731.0,34744.0,1167.0,117.0,938.0
2020-05-22,83947.0,6360.0,42608.0,34979.0,1205.0,93.0,877.0
2020-05-23,85151.0,6466.0,43318.0,35367.0,1204.0,106.0,710.0
2020-05-24,86106.0,6534.0,43998.0,35574.0,955.0,68.0,680.0
2020-05-25,87119.0,6655.0,44651.0,35813.0,1013.0,121.0,653.0
2020-05-26,88090.0,6753.0,45352.0,35985.0,971.0,98.0,701.0
2020-05-27,88989.0,6876.0,46248.0,35865.0,899.0,123.0,896.0
2020-05-28,89976.0,6982.0,46961.0,36033.0,987.0,106.0,713.0
2020-05-29,90909.0,7063.0,47905.0,35941.0,933.0,81.0,944.0
2020-05-30,91681.0,7159.0,48517.0,36005.0,772.0,96.0,612.0
2020-05-31,92479.0,7374.0,49213.0,35892.0,798.0,215.0,696.0
2020-06-01,93288.0,7404.0,50091.0,35793.0,809.0,30.0,878.0
2020-06-02,93960.0,7477.0,50725.0,35758.0,672.0,73.0,634.0
2020-06-03,94641.0,7579.0,51506.0,35556.0,681.0,102.0,781.0
2020-06-04,95269.0,7717.0,52184.0,35368.0,628.0,138.0,678.0
2020-06-05,95947.0,7778.0,53074.0,35095.0,678.0,61.0,890.0
2020-06-06,96475.0,7850.0,54087.0,34538.0,528.0,72.0,1013.0
2020-06-07,97178.0,7877.0,54675.0,34626.0,703.0,27.0,588.0
2020-06-08,97779.0,7910.0,55343.0,34526.0,601.0,33.0,668.0
2020-06-09,98241.0,7970.0,56117.0,34154.0,462.0,60.0,774.0
2020-06-10,98720.0,8038.0,57215.0,33467.0,479.0,68.0,1098.0
2020-06-11,99159.0,8071.0,58131.0,32957.0,439.0,33.0,916.0
2020-06-12,99595.0,8125.0,59034.0,32436.0,436.0,54.0,903.0
2020-06-13,100043.0,8183.0,59851.0,32009.0,448.0,58.0,817.0
2020-06-14,100404.0,8218.0,60668.0,31518.0,361.0,35.0,817.0
2020-06-15,100763.0,8228.0,61466.0,31069.0,359.0,10.0,798.0
2020-06-16,101087.0,8271.0,61899.0,30917.0,324.0,43.0,433.0
2020-06-17,101491.0,8312.0,63280.0,29899.0,404.0,41.0,1381.0
2020-06-18,101877.0,8361.0,63782.0,29734.0,386.0,49.0,502.0
2020-06-19,102314.0,8408.0,64318.0,29588.0,437.0,47.0,536.0
2020-06-20,102762.0,8466.0,64826.0,29470.0,448.0,58.0,508.0
2020-06-21,103078.0,8482.0,65249.0,29347.0,316.0,16.0,423.0
2020-06-22,103418.0,8494.0,65721.0,29203.0,340.0,12.0,472.0
2020-06-23,103767.0,8512.0,66135.0,29120.0,349.0,18.0,414.0
2020-06-24,104087.0,8544.0,66533.0,29010.0,320.0,32.0,398.0
2020-06-25,104463.0,8567.0,66869.0,29027.0,376.0,23.0,336.0
2020-06-26,104629.0,8571.0,67182.0,28876.0,166.0,4.0,313.0
2020-06-27,104878.0,8576.0,67445.0,28857.0,249.0,5.0,263.0
2020-06-28,105193.0,8582.0,67689.0,28922.0,315.0,6.0,244.0
2020-06-29,105830.0,8628.0,68698.0,28504.0,637.0,46.0,1009.0
2020-06-30,106097.0,8650.0,69120.0,28327.0,267.0,22.0,422.0
2020-07-01,106288.0,8678.0,69397.0,28213.0,191.0,28.0,277.0
2020-07-02,106643.0,8700.0,69872.0,28071.0,355.0,22.0,475.0
2020-07-03,106962.0,8722.0,70232.0,28008.0,319.0,22.0,360.0
2020-07-04,107185.0,8732.0,70507.0,27946.0,223.0,10.0,275.0
2020-07-05,107394.0,8739.0,70772.0,27883.0,209.0,7.0,265.0
2020-07-06,107815.0,8748.0,71141.0,27926.0,421.0,9.0,369.0
2020-07-07,108023.0,8765.0,71418.0,27840.0,208.0,17.0,277.0
2020-07-08,108334.0,8786.0,71805.0,27743.0,311.0,21.0,387.0
2020-07-09,108656.0,8797.0,72095.0,27764.0,322.0,11.0,290.0
2020-07-10,108984.0,8811.0,72466.0,27707.0,328.0,14.0,371.0
2020-07-11,109150.0,8818.0,72784.0,27548.0,166.0,7.0,318.0
2020-07-12,109348.0,8829.0,72954.0,27565.0,198.0,11.0,170.0
2020-07-13,109984.0,8836.0,73381.0,27767.0,636.0,7.0,427.0
2020-07-14,110350.0,8845.0,73713.0,27792.0,366.0,9.0,332.0
2020-07-15,110693.0,8857.0,74067.0,27769.0,343.0,12.0,354.0
2020-07-16,111144.0,8875.0,74433.0,27836.0,451.0,18.0,366.0
2020-07-17,111559.0,8884.0,98281.0,4394.0,415.0,9.0,23848.0
2020-07-18,111875.0,8892.0,98436.0,4547.0,316.0,8.0,155.0
2020-07-19,112168.0,8896.0,98564.0,4708.0,293.0,4.0,128.0
2020-07-20,112938.0,8902.0,98975.0,5061.0,770.0,6.0,411.0
2020-07-21,113473.0,8908.0,99248.0,5317.0,535.0,6.0,273.0
2020-07-22,113790.0,8913.0,99501.0,5376.0,317.0,5.0,253.0
2020-07-23,114398.0,8919.0,99937.0,5542.0,608.0,6.0,436.0
2020-07-24,115115.0,8923.0,100504.0,5688.0,717.0,4.0,567.0
2020-07-25,115470.0,8929.0,100765.0,5776.0,355.0,6.0,261.0
2020-07-26,115789.0,8934.0,100969.0,5886.0,319.0,5.0,204.0
2020-07-27,116471.0,8945.0,101447.0,6079.0,682.0,11.0,478.0
2020-07-28,116871.0,8957.0,101686.0,6228.0,400.0,12.0,239.0
2020-07-29,117357.0,8962.0,101992.0,6403.0,486.0,5.0,306.0
2020-07-30,117677.0,8974.0,102344.0,6359.0,320.0,12.0,352.0
2020-07-31,118281.0,8980.0,102906.0,6395.0,604.0,6.0,562.0
2020-08-01,118523.0,8986.0,103072.0,6465.0,242.0,6.0,166.0
2020-08-02,118768.0,8990.0,103201.0,6577.0,245.0,4.0,129.0
2020-08-03,118973.0,8995.0,103284.0,6694.0,205.0,5.0,83.0
2020-08-04,119659.0,9005.0,104058.0,6596.0,686.0,10.0,774.0
2020-08-05,120033.0,9010.0,104377.0,6646.0,374.0,5.0,319.0
2020-08-06,120387.0,9013.0,104678.0,6696.0,354.0,3.0,301.0
2020-08-07,120903.0,9017.0,105128.0,6758.0,516.0,4.0,450.0
2020-08-08,121148.0,9024.0,105255.0,6869.0,245.0,7.0,127.0
2020-08-09,121367.0,9028.0,105420.0,6919.0,219.0,4.0,165.0
2020-08-10,122053.0,9034.0,108050.0,4969.0,686.0,6.0,2630.0
2020-08-11,122389.0,9038.0,108465.0,4886.0,336.0,4.0,415.0
2020-08-12,122703.0,9052.0,108829.0,4822.0,314.0,14.0,364.0
2020-08-13,123180.0,9063.0,109260.0,4857.0,477.0,11.0,431.0
2020-08-14,123605.0,9068.0,109657.0,4880.0,425.0,5.0,397.0
2020-08-15,123825.0,9072.0,109933.0,4820.0,220.0,4.0,276.0
2020-08-16,124004.0,9074.0,110202.0,4728.0,179.0,2.0,269.0
2020-08-17,124218.0,9075.0,110433.0,4710.0,214.0,1.0,231.0
2020-08-18,125084.0,9090.0,111092.0,4902.0,866.0,15.0,659.0
2020-08-19,125408.0,9095.0,111559.0,4754.0,324.0,5.0,467.0
2020-08-20,125625.0,9097.0,111811.0,4717.0,217.0,2.0,252.0
2020-08-21,126319.0,9110.0,112381.0,4828.0,694.0,13.0,570.0
2020-08-22,126560.0,9117.0,112621.0,4822.0,241.0,7.0,240.0
2020-08-23,126817.0,9119.0,112836.0,4862.0,257.0,2.0,215.0
2020-08-24,127594.0,9129.0,113449.0,5016.0,777.0,10.0,613.0
2020-08-25,127903.0,9136.0,113809.0,4958.0,309.0,7.0,360.0
2020-08-26,128380.0,9141.0,114220.0,5019.0,477.0,5.0,411.0
2020-08-27,128836.0,9148.0,114610.0,5078.0,456.0,7.0,390.0
2020-08-28,129342.0,9155.0,115029.0,5158.0,506.0,7.0,419.0
2020-08-29,129639.0,9161.0,115294.0,5184.0,297.0,6.0,265.0
2020-08-30,129888.0,9164.0,115460.0,5264.0,249.0,3.0,166.0
2020-08-31,130918.0,9173.0,116020.0,5725.0,1030.0,9.0,560.0
2020-09-01,131422.0,9179.0,116432.0,5811.0,504.0,6.0,412.0
2020-09-02,131941.0,9182.0,116866.0,5893.0,519.0,3.0,434.0
2020-09-03,132527.0,9189.0,117277.0,6061.0,586.0,7.0,411.0
2020-09-04,133141.0,9190.0,117755.0,6196.0,614.0,1.0,478.0
2020-09-05,133511.0,9192.0,117968.0,6351.0,370.0,2.0,213.0
2020-09-06,133890.0,9194.0,118192.0,6504.0,379.0,2.0,224.0
2020-09-07,134295.0,9196.0,118386.0,6713.0,405.0,2.0,194.0
2020-09-08,135757.0,9203.0,119420.0,7134.0,1462.0,7.0,1034.0
2020-09-09,136135.0,9204.0,119789.0,7142.0,378.0,1.0,369.0
2020-09-10,136956.0,9213.0,120848.0,6895.0,821.0,9.0,1059.0
2020-09-11,137676.0,9214.0,121537.0,6925.0,720.0,1.0,689.0
2020-09-12,138164.0,9220.0,121944.0,7000.0,488.0,6.0,407.0
2020-09-13,138640.0,9220.0,122266.0,7154.0,476.0,0.0,322.0
2020-09-14,140098.0,9229.0,123120.0,7749.0,1458.0,9.0,854.0
2020-09-15,140900.0,9239.0,123777.0,7884.0,802.0,10.0,657.0
2020-09-16,141852.0,9244.0,124412.0,8196.0,952.0,5.0,635.0
2020-09-17,142879.0,9249.0,124984.0,8646.0,1027.0,5.0,572.0
2020-09-18,144053.0,9256.0,125654.0,9143.0,1174.0,7.0,670.0
2020-09-19,144607.0,9262.0,125984.0,9361.0,554.0,6.0,330.0
2020-09-20,145750.0,9267.0,126592.0,9891.0,1143.0,5.0,608.0
2020-09-21,147583.0,9279.0,127684.0,10620.0,1833.0,12.0,1092.0
2020-09-22,148855.0,9286.0,128890.0,10679.0,1272.0,7.0,1206.0
2020-09-23,149939.0,9294.0,129850.0,10795.0,1084.0,8.0,960.0
2020-09-24,151087.0,9297.0,130576.0,11214.0,1148.0,3.0,726.0
2020-09-25,152717.0,9306.0,131709.0,11702.0,1630.0,9.0,1133.0
2020-09-26,153770.0,9313.0,132253.0,12204.0,1053.0,7.0,544.0
2020-09-27,155428.0,9318.0,133204.0,12906.0,1658.0,5.0,951.0
2020-09-28,157219.0,9328.0,134551.0,13340.0,1791.0,10.0,1347.0
2020-09-29,158991.0,9340.0,135765.0,13886.0,1772.0,12.0,1214.0
2020-09-30,161107.0,9346.0,137181.0,14580.0,2116.0,6.0,1416.0
2020-10-01,162930.0,9368.0,138548.0,15014.0,1823.0,22.0,1367.0
2020-10-02,165054.0,9466.0,139817.0,15771.0,2124.0,98.0,1269.0
2020-10-03,166360.0,9488.0,140711.0,16161.0,1306.0,22.0,894.0
2020-10-04,168501.0,9533.0,142502.0,16466.0,2141.0,45.0,1791.0
2020-10-05,171384.0,9560.0,144653.0,17171.0,2883.0,27.0,2151.0
2020-10-06,173756.0,9582.0,146429.0,17745.0,2372.0,22.0,1776.0
2020-10-07,175380.0,9593.0,147814.0,17973.0,1624.0,11.0,1385.0
2020-10-08,177730.0,9609.0,149692.0,18429.0,2350.0,16.0,1878.0
