date,confirmed,deaths,recovered,active,new_confirmed,new_deaths,new_recovered
2020-03-15,1.0,0.0,0.0,1.0,,,
2020-03-16,1.0,0.0,0.0,1.0,0.0,0.0,0.0
2020-03-17,1.0,0.0,0.0,1.0,0.0,0.0,0.0
2020-03-18,1.0,0.0,0.0,1.0,0.0,0.0,0.0
2020-03-19,1.0,0.0,0.0,1.0,0.0,0.0,0.0
2020-03-20,3.0,0.0,0.0,3.0,2.0,0.0,0.0
2020-03-21,3.0,0.0,0.0,3.0,0.0,0.0,0.0
2020-03-22,3.0,0.0,0.0,3.0,0.0,0.0,0.0
2020-03-23,3.0,0.0,0.0,3.0,0.0,0.0,0.0
2020-03-24,3.0,0.0,0.0,3.0,0.0,0.0,0.0
2020-03-25,3.0,0.0,0.0,3.0,0.0,0.0,0.0
2020-03-26,3.0,0.0,0.0,3.0,0.0,0.0,0.0
2020-03-27,3.0,0.0,0.0,3.0,0.0,0.0,0.0
2020-03-28,3.0,0.0,0.0,3.0,0.0,0.0,0.0
2020-03-29,3.0,0.0,0.0,3.0,0.0,0.0,0.0
2020-03-30,3.0,0.0,0.0,3.0,0.0,0.0,0.0
2020-03-31,3.0,0.0,0.0,3.0,0.0,0.0,0.0
2020-04-01,3.0,0.0,0.0,3.0,0.0,0.0,0.0
2020-04-02,3.0,0.0,0.0,3.0,0.0,0.0,0.0
2020-04-03,8.0,0.0,0.0,8.0,5.0,0.0,0.0
2020-04-04,8.0,0.0,0.0,8.0,0.0,0.0,0.0
2020-04-05,8.0,0.0,0.0,8.0,0.0,0.0,0.0
2020-04-06,8.0,0.0,0.0,8.0,0.0,0.0,0.0
2020-04-07,8.0,0.0,0.0,8.0,0.0,0.0,0.0
2020-04-08,8.0,0.0,0.0,8.0,0.0,0.0,0.0
2020-04-09,8.0,0.0,0.0,8.0,0.0,0.0,0.0
2020-04-10,8.0,0.0,0.0,8.0,0.0,0.0,0.0
2020-04-11,8.0,0.0,0.0,8.0,0.0,0.0,0.0
2020-04-12,8.0,0.0,0.0,8.0,0.0,0.0,0.0
2020-04-13,11.0,0.0,3.0,8.0,3.0,0.0,3.0
2020-04-14,11.0,0.0,4.0,7.0,0.0,0.0,1.0
2020-04-15,12.0,0.0,4.0,8.0,1.0,0.0,0.0
2020-04-16,12.0,0.0,4.0,8.0,0.0,0.0,0.0
2020-04-17,12.0,0.0,4.0,8.0,0.0,0.0,0.0
2020-04-18,12.0,0.0,4.0,8.0,0.0,0.0,0.0
2020-04-19,12.0,0.0,4.0,8.0,0.0,0.0,0.0
2020-04-20,12.0,0.0,4.0,8.0,0.0,0.0,0.0
2020-04-21,14.0,0.0,10.0,4.0,2.0,0.0,6.0
2020-04-22,14.0,0.0,10.0,4.0,0.0,0.0,0.0
2020-04-23,16.0,0.0,10.0,6.0,2.0,0.0,0.0
2020-04-24,16.0,0.0,10.0,6.0,0.0,0.0,0.0
2020-04-25,16.0,0.0,10.0,6.0,0.0,0.0,0.0
2020-04-26,19.0,0.0,10.0,9.0,3.0,0.0,0.0
2020-04-27,19.0,0.0,10.0,9.0,0.0,0.0,0.0
2020-04-28,50.0,0.0,10.0,40.0,31.0,0.0,0.0
2020-04-29,50.0,0.0,10.0,40.0,0.0,0.0,0.0
2020-04-30,50.0,0.0,10.0,40.0,0.0,0.0,0.0
2020-05-01,72.0,0.0,10.0,62.0,22.0,0.0,0.0
2020-05-02,72.0,0.0,10.0,62.0,0.0,0.0,0.0
2020-05-03,72.0,0.0,10.0,62.0,0.0,0.0,0.0
2020-05-04,85.0,0.0,10.0,75.0,13.0,0.0,0.0
2020-05-05,85.0,0.0,10.0,75.0,0.0,0.0,0.0
2020-05-06,94.0,0.0,10.0,84.0,9.0,0.0,0.0
2020-05-07,94.0,0.0,10.0,84.0,0.0,0.0,0.0
2020-05-08,143.0,0.0,10.0,133.0,49.0,0.0,0.0
2020-05-09,143.0,0.0,10.0,133.0,0.0,0.0,0.0
2020-05-10,143.0,0.0,10.0,133.0,0.0,0.0,0.0
2020-05-11,143.0,0.0,10.0,133.0,0.0,0.0,0.0
2020-05-12,143.0,0.0,10.0,133.0,0.0,0.0,0.0
2020-05-13,143.0,0.0,10.0,133.0,0.0,0.0,0.0
2020-05-14,143.0,0.0,10.0,133.0,0.0,0.0,0.0
2020-05-15,301.0,0.0,13.0,288.0,158.0,0.0,3.0
2020-05-16,327.0,0.0,13.0,314.0,26.0,0.0,0.0
2020-05-17,327.0,0.0,13.0,314.0,0.0,0.0,0.0
2020-05-18,327.0,0.0,13.0,314.0,0.0,0.0,0.0
2020-05-19,366.0,0.0,18.0,348.0,39.0,0.0,5.0
2020-05-20,418.0,0.0,18.0,400.0,52.0,0.0,0.0
2020-05-21,436.0,0.0,18.0,418.0,18.0,0.0,0.0
2020-05-22,479.0,0.0,18.0,461.0,43.0,0.0,0.0
2020-05-23,552.0,1.0,18.0,533.0,73.0,1.0,0.0
2020-05-24,604.0,1.0,22.0,581.0,52.0,0.0,4.0
2020-05-25,652.0,1.0,22.0,629.0,48.0,0.0,0.0
2020-05-26,671.0,1.0,22.0,648.0,19.0,0.0,0.0
2020-05-27,702.0,1.0,23.0,678.0,31.0,0.0,1.0
2020-05-28,755.0,1.0,23.0,731.0,53.0,0.0,0.0
2020-05-29,874.0,1.0,23.0,850.0,119.0,0.0,0.0
2020-05-30,962.0,1.0,23.0,938.0,88.0,0.0,0.0
2020-05-31,1011.0,2.0,23.0,986.0,49.0,1.0,0.0
2020-06-01,1069.0,4.0,23.0,1042.0,58.0,2.0,0.0
2020-06-02,1069.0,4.0,23.0,1042.0,0.0,0.0,0.0
2020-06-03,1173.0,4.0,23.0,1146.0,104.0,0.0,0.0
2020-06-04,1288.0,4.0,23.0,1261.0,115.0,0.0,0.0
2020-06-05,1451.0,4.0,29.0,1418.0,163.0,0.0,6.0
2020-06-06,1570.0,5.0,37.0,1528.0,119.0,1.0,8.0
2020-06-07,1634.0,5.0,38.0,1591.0,64.0,0.0,1.0
2020-06-08,1850.0,5.0,38.0,1807.0,216.0,0.0,0.0
2020-06-09,1850.0,5.0,38.0,1807.0,0.0,0.0,0.0
2020-06-10,1888.0,5.0,38.0,1845.0,38.0,0.0,0.0
2020-06-11,1952.0,5.0,38.0,1909.0,64.0,0.0,0.0
2020-06-12,2044.0,7.0,360.0,1677.0,92.0,2.0,322.0
2020-06-13,2057.0,7.0,363.0,1687.0,13.0,0.0,3.0
2020-06-14,2057.0,7.0,363.0,1687.0,0.0,0.0,0.0
2020-06-15,2222.0,7.0,369.0,1846.0,165.0,0.0,6.0
2020-06-16,2410.0,14.0,396.0,2000.0,188.0,7.0,27.0
2020-06-17,2564.0,18.0,402.0,2144.0,154.0,4.0,6.0
2020-06-18,2605.0,19.0,417.0,2169.0,41.0,1.0,15.0
2020-06-19,2605.0,19.0,417.0,2169.0,0.0,0.0,0.0
2020-06-20,2686.0,19.0,420.0,2247.0,81.0,0.0,3.0
2020-06-21,2808.0,23.0,472.0,2313.0,122.0,4.0,52.0
2020-06-22,2963.0,30.0,495.0,2438.0,155.0,7.0,23.0
2020-06-23,3051.0,37.0,522.0,2492.0,88.0,7.0,27.0
2020-06-24,3099.0,38.0,572.0,2489.0,48.0,1.0,50.0
2020-06-25,3244.0,40.0,607.0,2597.0,145.0,2.0,35.0
2020-06-26,3340.0,40.0,661.0,2639.0,96.0,0.0,54.0
2020-06-27,3429.0,45.0,699.0,2685.0,89.0,5.0,38.0
2020-06-28,3429.0,45.0,699.0,2685.0,0.0,0.0,0.0
2020-06-29,3613.0,47.0,773.0,2793.0,184.0,2.0,74.0
2020-06-30,3745.0,47.0,787.0,2911.0,132.0,0.0,14.0
2020-07-01,3745.0,47.0,787.0,2911.0,0.0,0.0,0.0
2020-07-02,3788.0,47.0,810.0,2931.0,43.0,0.0,23.0
2020-07-03,3918.0,48.0,859.0,3011.0,130.0,1.0,49.0
2020-07-04,3969.0,48.0,914.0,3007.0,51.0,0.0,55.0
2020-07-05,3969.0,48.0,914.0,3007.0,0.0,0.0,0.0
2020-07-06,4033.0,52.0,970.0,3011.0,64.0,4.0,56.0
2020-07-07,4071.0,52.0,976.0,3043.0,38.0,0.0,6.0
2020-07-08,4109.0,52.0,1050.0,3007.0,38.0,0.0,74.0
2020-07-09,4200.0,52.0,1142.0,3006.0,91.0,0.0,92.0
2020-07-10,4259.0,53.0,1142.0,3064.0,59.0,1.0,0.0
2020-07-11,4288.0,53.0,1145.0,3090.0,29.0,0.0,3.0
2020-07-12,4288.0,53.0,1145.0,3090.0,0.0,0.0,0.0
2020-07-13,4321.0,53.0,1208.0,3060.0,33.0,0.0,63.0
2020-07-14,4356.0,53.0,1229.0,3074.0,35.0,0.0,21.0
2020-07-15,4362.0,53.0,1261.0,3048.0,6.0,0.0,32.0
2020-07-16,4373.0,53.0,1265.0,3055.0,11.0,0.0,4.0
2020-07-17,4389.0,53.0,1288.0,3048.0,16.0,0.0,23.0
2020-07-18,4485.0,55.0,1348.0,3082.0,96.0,2.0,60.0
2020-07-19,4485.0,55.0,1348.0,3082.0,0.0,0.0,0.0
2020-07-20,4548.0,55.0,1400.0,3093.0,63.0,0.0,52.0
2020-07-21,4561.0,55.0,1411.0,3095.0,13.0,0.0,11.0
2020-07-22,4574.0,57.0,1437.0,3080.0,13.0,2.0,26.0
2020-07-23,4590.0,58.0,1452.0,3080.0,16.0,1.0,15.0
2020-07-24,4593.0,59.0,1483.0,3051.0,3.0,1.0,31.0
2020-07-25,4598.0,59.0,1506.0,3033.0,5.0,0.0,23.0
2020-07-26,4599.0,59.0,1546.0,2994.0,1.0,0.0,40.0
2020-07-27,4599.0,59.0,1546.0,2994.0,0.0,0.0,0.0
2020-07-28,4599.0,59.0,1546.0,2994.0,0.0,0.0,0.0
2020-07-29,4605.0,59.0,1574.0,2972.0,6.0,0.0,28.0
2020-07-30,4605.0,59.0,1574.0,2972.0,0.0,0.0,0.0
2020-07-31,4608.0,59.0,1606.0,2943.0,3.0,0.0,32.0
2020-08-01,4614.0,59.0,1635.0,2920.0,6.0,0.0,29.0
2020-08-02,4614.0,59.0,1635.0,2920.0,0.0,0.0,0.0
2020-08-03,4614.0,59.0,1635.0,2920.0,0.0,0.0,0.0
2020-08-04,4618.0,59.0,1640.0,2919.0,4.0,0.0,5.0
2020-08-05,4618.0,59.0,1640.0,2919.0,0.0,0.0,0.0
2020-08-06,4620.0,59.0,1641.0,2920.0,2.0,0.0,1.0
2020-08-07,4641.0,59.0,1716.0,2866.0,21.0,0.0,75.0
2020-08-08,4641.0,59.0,1716.0,2866.0,0.0,0.0,0.0
2020-08-09,4641.0,60.0,1721.0,2860.0,0.0,1.0,5.0
2020-08-10,4641.0,60.0,1721.0,2860.0,0.0,0.0,0.0
2020-08-11,4645.0,61.0,1723.0,2861.0,4.0,1.0,2.0
2020-08-12,4652.0,61.0,1728.0,2863.0,7.0,0.0,5.0
2020-08-13,4652.0,61.0,1728.0,2863.0,0.0,0.0,0.0
2020-08-14,4652.0,61.0,1728.0,2863.0,0.0,0.0,0.0
2020-08-15,4652.0,61.0,1728.0,2863.0,0.0,0.0,0.0
2020-08-16,4652.0,61.0,1728.0,2863.0,0.0,0.0,0.0
2020-08-17,4667.0,61.0,1748.0,2858.0,15.0,0.0,20.0
2020-08-18,4679.0,61.0,1755.0,2863.0,12.0,0.0,7.0
2020-08-19,4679.0,61.0,1755.0,2863.0,0.0,0.0,0.0
2020-08-20,4679.0,61.0,1755.0,2863.0,0.0,0.0,0.0
2020-08-21,4679.0,61.0,1755.0,2863.0,0.0,0.0,0.0
2020-08-22,4679.0,61.0,1755.0,2863.0,0.0,0.0,0.0
2020-08-23,4679.0,61.0,1755.0,2863.0,0.0,0.0,0.0
2020-08-24,4679.0,61.0,1755.0,2863.0,0.0,0.0,0.0
2020-08-25,4691.0,61.0,1773.0,2857.0,12.0,0.0,18.0
2020-08-26,4698.0,61.0,1778.0,2859.0,7.0,0.0,5.0
2020-08-27,4698.0,61.0,1782.0,2855.0,0.0,0.0,4.0
2020-08-28,4700.0,61.0,1784.0,2855.0,2.0,0.0,2.0
2020-08-29,4700.0,61.0,1784.0,2855.0,0.0,0.0,0.0
2020-08-30,4700.0,61.0,1784.0,2855.0,0.0,0.0,0.0
2020-08-31,4711.0,62.0,1790.0,2859.0,11.0,1.0,6.0
2020-09-01,4711.0,62.0,1790.0,2859.0,0.0,0.0,0.0
2020-09-02,4712.0,62.0,1803.0,2847.0,1.0,0.0,13.0
2020-09-03,4729.0,62.0,1807.0,2860.0,17.0,0.0,4.0
2020-09-04,4729.0,62.0,1818.0,2849.0,0.0,0.0,11.0
