date,confirmed,deaths,recovered,active,new_confirmed,new_deaths,new_recovered
2020-01-22,547.0,17.0,28.0,399.0,,,
2020-01-23,639.0,18.0,30.0,399.0,92.0,1.0,2.0
2020-01-24,916.0,26.0,36.0,494.0,277.0,8.0,6.0
2020-01-25,1399.0,42.0,39.0,689.0,483.0,16.0,3.0
2020-01-26,2062.0,56.0,49.0,1002.0,663.0,14.0,10.0
2020-01-27,2863.0,82.0,58.0,1428.0,801.0,26.0,9.0
2020-01-28,5494.0,131.0,101.0,3496.0,2631.0,49.0,43.0
2020-01-29,6070.0,133.0,120.0,3846.0,576.0,2.0,19.0
2020-01-30,8124.0,171.0,135.0,5324.0,2054.0,38.0,15.0
2020-01-31,9783.0,213.0,214.0,6291.0,1659.0,42.0,79.0
2020-02-01,11871.0,259.0,275.0,11337.0,2088.0,46.0,61.0
2020-02-02,16607.0,361.0,463.0,15783.0,4736.0,102.0,188.0
2020-02-03,19693.0,425.0,614.0,18654.0,3086.0,64.0,151.0
2020-02-04,23680.0,490.0,843.0,22347.0,3987.0,65.0,229.0
2020-02-05,27409.0,562.0,1115.0,25732.0,3729.0,72.0,272.0
2020-02-06,30553.0,632.0,1476.0,28445.0,3144.0,70.0,361.0
2020-02-07,34075.0,717.0,1998.0,31360.0,3522.0,85.0,522.0
2020-02-08,36778.0,804.0,2595.0,33379.0,2703.0,87.0,597.0
2020-02-09,39790.0,904.0,3218.0,35668.0,3012.0,100.0,623.0
2020-02-10,42306.0,1011.0,3917.0,37378.0,2516.0,107.0,699.0
2020-02-11,44327.0,1111.0,4635.0,38581.0,2021.0,100.0,718.0
2020-02-12,44699.0,1116.0,5079.0,38504.0,372.0,5.0,444.0
2020-02-13,59832.0,1368.0,6213.0,52251.0,15133.0,252.0,1134.0
2020-02-14,66292.0,1520.0,7973.0,56799.0,6460.0,152.0,1760.0
2020-02-15,68347.0,1662.0,9294.0,57391.0,2055.0,142.0,1321.0
2020-02-16,70446.0,1765.0,10748.0,57933.0,2099.0,103.0,1454.0
2020-02-17,72364.0,1863.0,12455.0,58046.0,1918.0,98.0,1707.0
2020-02-18,74139.0,2002.0,14199.0,57938.0,1775.0,139.0,1744.0
2020-02-19,74546.0,2114.0,15952.0,56480.0,407.0,112.0,1753.0
2020-02-20,74999.0,2236.0,18002.0,54761.0,453.0,122.0,2050.0
2020-02-21,75472.0,2236.0,18693.0,54543.0,473.0,0.0,691.0
2020-02-22,76922.0,2441.0,22687.0,51794.0,1450.0,205.0,3994.0
2020-02-23,76938.0,2443.0,23170.0,51325.0,16.0,2.0,483.0
2020-02-24,77152.0,2593.0,24990.0,49569.0,214.0,150.0,1820.0
2020-02-25,77660.0,2663.0,27650.0,47347.0,508.0,70.0,2660.0
2020-02-26,78065.0,2715.0,30053.0,45297.0,405.0,52.0,2403.0
2020-02-27,78498.0,2744.0,32898.0,42856.0,433.0,29.0,2845.0
2020-02-28,78824.0,2788.0,36291.0,39745.0,326.0,44.0,3393.0
2020-02-29,79251.0,2835.0,39279.0,37137.0,427.0,47.0,2988.0
2020-03-01,79826.0,2870.0,42118.0,34838.0,575.0,35.0,2839.0
2020-03-02,80026.0,2912.0,44810.0,32304.0,200.0,42.0,2692.0
2020-03-03,80151.0,2945.0,47404.0,29802.0,125.0,33.0,2594.0
2020-03-04,80271.0,2981.0,49955.0,27335.0,120.0,36.0,2551.0
2020-03-05,80422.0,3013.0,52240.0,25169.0,151.0,32.0,2285.0
2020-03-06,80573.0,3042.0,53888.0,23643.0,151.0,29.0,1648.0
2020-03-07,80652.0,3070.0,55478.0,22104.0,79.0,28.0,1590.0
2020-03-08,80699.0,3097.0,57320.0,20282.0,47.0,27.0,1842.0
2020-03-09,80735.0,3120.0,58735.0,18880.0,36.0,23.0,1415.0
2020-03-10,80757.0,3136.0,60106.0,17515.0,22.0,16.0,1371.0
2020-03-11,80921.0,3161.0,61644.0,16116.0,164.0,25.0,1538.0
2020-03-12,80932.0,3172.0,62901.0,14859.0,11.0,11.0,1257.0
2020-03-13,80945.0,3180.0,64196.0,13569.0,13.0,8.0,1295.0
2020-03-14,80977.0,3193.0,65660.0,12124.0,32.0,13.0,1464.0
2020-03-15,81003.0,3203.0,67017.0,10783.0,26.0,10.0,1357.0
2020-03-16,81033.0,3217.0,67910.0,9906.0,30.0,14.0,893.0
2020-03-17,81058.0,3230.0,68798.0,9030.0,25.0,13.0,888.0
2020-03-18,81102.0,3241.0,69755.0,8106.0,44.0,11.0,957.0
2020-03-19,81156.0,3249.0,70535.0,7372.0,54.0,8.0,780.0
2020-03-20,81250.0,3253.0,71266.0,6731.0,94.0,4.0,731.0
2020-03-21,81305.0,3259.0,71857.0,6189.0,55.0,6.0,591.0
2020-03-22,81397.0,3265.0,72362.0,5770.0,92.0,6.0,505.0
2020-03-23,81496.0,3274.0,72819.0,5403.0,99.0,9.0,457.0
2020-03-24,81591.0,3281.0,73274.0,5036.0,95.0,7.0,455.0
2020-03-25,81661.0,3285.0,73767.0,4609.0,70.0,4.0,493.0
2020-03-26,81782.0,3291.0,74175.0,4316.0,121.0,6.0,408.0
2020-03-27,81897.0,3296.0,74714.0,3887.0,115.0,5.0,539.0
2020-03-28,81999.0,3299.0,75094.0,3606.0,102.0,3.0,380.0
2020-03-29,82122.0,3304.0,75576.0,3242.0,123.0,5.0,482.0
2020-03-30,82198.0,3308.0,75917.0,2973.0,76.0,4.0,341.0
2020-03-31,82279.0,3309.0,76200.0,2770.0,81.0,1.0,283.0
2020-04-01,82361.0,3316.0,76399.0,2646.0,82.0,7.0,199.0
2020-04-02,82432.0,3322.0,76565.0,2545.0,71.0,6.0,166.0
2020-04-03,82511.0,3326.0,76760.0,2425.0,79.0,4.0,195.0
2020-04-04,82543.0,3330.0,76946.0,2267.0,32.0,4.0,186.0
2020-04-05,82602.0,3333.0,77207.0,2062.0,59.0,3.0,261.0
2020-04-06,82665.0,3335.0,77310.0,2020.0,63.0,2.0,103.0
2020-04-07,82718.0,3335.0,77410.0,1973.0,53.0,0.0,100.0
2020-04-08,82809.0,3337.0,77567.0,1905.0,91.0,2.0,157.0
2020-04-09,82883.0,3339.0,77679.0,1865.0,74.0,2.0,112.0
2020-04-10,82941.0,3340.0,77791.0,1810.0,58.0,1.0,112.0
2020-04-11,83014.0,3343.0,77877.0,1794.0,73.0,3.0,86.0
2020-04-12,83134.0,3343.0,77956.0,1835.0,120.0,0.0,79.0
2020-04-13,83213.0,3345.0,78039.0,1829.0,79.0,2.0,83.0
2020-04-14,83306.0,3345.0,78200.0,1761.0,93.0,0.0,161.0
2020-04-15,83356.0,3346.0,78311.0,1699.0,50.0,1.0,111.0
2020-04-16,83403.0,3346.0,78401.0,1656.0,47.0,0.0,90.0
2020-04-17,83760.0,4636.0,77552.0,1572.0,357.0,1290.0,-849.0
2020-04-18,83787.0,4636.0,77614.0,1537.0,27.0,0.0,62.0
2020-04-19,83805.0,4636.0,77690.0,1479.0,18.0,0.0,76.0
2020-04-20,83817.0,4636.0,77745.0,1436.0,12.0,0.0,55.0
2020-04-21,83853.0,4636.0,77799.0,1418.0,36.0,0.0,54.0
2020-04-22,83868.0,4636.0,77861.0,1371.0,15.0,0.0,62.0
2020-04-23,83884.0,4636.0,77983.0,1265.0,16.0,0.0,122.0
2020-04-24,83899.0,4636.0,78109.0,1154.0,15.0,0.0,126.0
2020-04-25,83909.0,4636.0,78175.0,1098.0,10.0,0.0,66.0
2020-04-26,83912.0,4637.0,78277.0,998.0,3.0,1.0,102.0
2020-04-27,83918.0,4637.0,78374.0,907.0,6.0,0.0,97.0
2020-04-28,83940.0,4637.0,78422.0,881.0,22.0,0.0,48.0
2020-04-29,83944.0,4637.0,78474.0,833.0,4.0,0.0,52.0
2020-04-30,83956.0,4637.0,78523.0,796.0,12.0,0.0,49.0
2020-05-01,83959.0,4637.0,78573.0,749.0,3.0,0.0,50.0
2020-05-02,83959.0,4637.0,78586.0,736.0,0.0,0.0,13.0
2020-05-03,83964.0,4637.0,78684.0,643.0,5.0,0.0,98.0
2020-05-04,83966.0,4637.0,78792.0,537.0,2.0,0.0,108.0
2020-05-05,83968.0,4637.0,78870.0,461.0,2.0,0.0,78.0
2020-05-06,83970.0,4637.0,78929.0,404.0,2.0,0.0,59.0
2020-05-07,83975.0,4637.0,78977.0,361.0,5.0,0.0,48.0
2020-05-08,83976.0,4637.0,78993.0,346.0,1.0,0.0,16.0
2020-05-09,83990.0,4637.0,79127.0,226.0,14.0,0.0,134.0
2020-05-10,84010.0,4637.0,79167.0,206.0,20.0,0.0,40.0
2020-05-11,84011.0,4637.0,79198.0,176.0,1.0,0.0,31.0
2020-05-12,84018.0,4637.0,79222.0,159.0,7.0,0.0,24.0
2020-05-13,84024.0,4637.0,79246.0,141.0,6.0,0.0,24.0
2020-05-14,84029.0,4637.0,79261.0,131.0,5.0,0.0,15.0
2020-05-15,84038.0,4637.0,79281.0,120.0,9.0,0.0,20.0
2020-05-16,84044.0,4638.0,79293.0,113.0,6.0,1.0,12.0
2020-05-17,84054.0,4638.0,79306.0,110.0,10.0,0.0,13.0
2020-05-18,84063.0,4638.0,79310.0,115.0,9.0,0.0,4.0
2020-05-19,84063.0,4638.0,79310.0,115.0,0.0,0.0,0.0
2020-05-20,84063.0,4638.0,79310.0,115.0,0.0,0.0,0.0
2020-05-21,84063.0,4638.0,79310.0,115.0,0.0,0.0,0.0
2020-05-22,84081.0,4638.0,79332.0,111.0,18.0,0.0,22.0
2020-05-23,84084.0,4638.0,79335.0,111.0,3.0,0.0,3.0
2020-05-24,84095.0,4638.0,79343.0,114.0,11.0,0.0,8.0
2020-05-25,84102.0,4638.0,79352.0,112.0,7.0,0.0,9.0
2020-05-26,84103.0,4638.0,79358.0,107.0,1.0,0.0,6.0
2020-05-27,84106.0,4638.0,79367.0,101.0,3.0,0.0,9.0
2020-05-28,84106.0,4638.0,79371.0,97.0,0.0,0.0,4.0
2020-05-29,84123.0,4638.0,79382.0,103.0,17.0,0.0,11.0
2020-05-30,84128.0,4638.0,79386.0,104.0,5.0,0.0,4.0
2020-05-31,84146.0,4638.0,79389.0,119.0,18.0,0.0,3.0
2020-06-01,84154.0,4638.0,79398.0,118.0,8.0,0.0,9.0
2020-06-02,84161.0,4638.0,79400.0,123.0,7.0,0.0,2.0
2020-06-03,84160.0,4638.0,79404.0,118.0,-1.0,0.0,4.0
2020-06-04,84171.0,4638.0,79415.0,118.0,11.0,0.0,11.0
2020-06-05,84177.0,4638.0,79420.0,119.0,6.0,0.0,5.0
2020-06-06,84186.0,4638.0,79424.0,124.0,9.0,0.0,4.0
2020-06-07,84191.0,4638.0,79434.0,119.0,5.0,0.0,10.0
2020-06-08,84195.0,4638.0,79444.0,113.0,4.0,0.0,10.0
2020-06-09,84198.0,4638.0,79451.0,109.0,3.0,0.0,7.0
2020-06-10,84209.0,4638.0,79456.0,115.0,11.0,0.0,5.0
2020-06-11,84216.0,4638.0,79464.0,114.0,7.0,0.0,8.0
2020-06-12,84228.0,4638.0,79472.0,118.0,12.0,0.0,8.0
2020-06-13,84286.0,4638.0,79475.0,173.0,58.0,0.0,3.0
2020-06-14,84335.0,4638.0,79482.0,215.0,49.0,0.0,7.0
2020-06-15,84378.0,4638.0,79489.0,251.0,43.0,0.0,7.0
2020-06-16,84422.0,4638.0,79493.0,291.0,44.0,0.0,4.0
2020-06-17,84458.0,4638.0,79510.0,310.0,36.0,0.0,17.0
2020-06-18,84494.0,4638.0,79515.0,341.0,36.0,0.0,5.0
2020-06-19,84494.0,4638.0,79515.0,341.0,0.0,0.0,0.0
2020-06-20,84553.0,4639.0,79534.0,380.0,59.0,1.0,19.0
2020-06-21,84572.0,4639.0,79535.0,398.0,19.0,0.0,1.0
2020-06-22,84624.0,4639.0,79547.0,438.0,52.0,0.0,12.0
2020-06-23,84653.0,4640.0,79555.0,458.0,29.0,1.0,8.0
2020-06-24,84673.0,4640.0,79562.0,471.0,20.0,0.0,7.0
2020-06-25,84701.0,4641.0,79572.0,488.0,28.0,1.0,10.0
2020-06-26,84725.0,4641.0,79580.0,504.0,24.0,0.0,8.0
2020-06-27,84743.0,4641.0,79591.0,511.0,18.0,0.0,11.0
2020-06-28,84757.0,4641.0,79609.0,507.0,14.0,0.0,18.0
2020-06-29,84780.0,4641.0,79619.0,520.0,23.0,0.0,10.0
2020-06-30,84785.0,4641.0,79632.0,512.0,5.0,0.0,13.0
2020-07-01,84816.0,4641.0,79650.0,525.0,31.0,0.0,18.0
2020-07-02,84830.0,4641.0,79665.0,524.0,14.0,0.0,15.0
2020-07-03,84838.0,4641.0,79680.0,517.0,8.0,0.0,15.0
2020-07-04,84857.0,4641.0,79706.0,510.0,19.0,0.0,26.0
2020-07-05,84871.0,4641.0,79718.0,512.0,14.0,0.0,12.0
2020-07-06,84889.0,4641.0,79725.0,523.0,18.0,0.0,7.0
2020-07-07,84917.0,4641.0,79754.0,522.0,28.0,0.0,29.0
2020-07-08,84950.0,4641.0,79802.0,507.0,33.0,0.0,48.0
2020-07-09,84992.0,4641.0,79802.0,549.0,42.0,0.0,0.0
2020-07-10,84992.0,4641.0,79802.0,549.0,0.0,0.0,0.0
2020-07-11,85071.0,4641.0,79876.0,554.0,79.0,0.0,74.0
2020-07-12,85117.0,4641.0,79907.0,569.0,46.0,0.0,31.0
2020-07-13,85117.0,4641.0,79907.0,569.0,0.0,0.0,0.0
2020-07-14,85226.0,4642.0,79967.0,617.0,109.0,1.0,60.0
2020-07-15,85246.0,4644.0,80005.0,597.0,20.0,2.0,38.0
2020-07-16,85314.0,4644.0,80018.0,652.0,68.0,0.0,13.0
2020-07-17,85314.0,4644.0,80018.0,652.0,0.0,0.0,0.0
2020-07-18,85314.0,4644.0,80018.0,652.0,0.0,0.0,0.0
2020-07-19,85314.0,4644.0,80018.0,652.0,0.0,0.0,0.0
2020-07-20,85314.0,4644.0,80018.0,652.0,0.0,0.0,0.0
2020-07-21,85314.0,4644.0,80018.0,652.0,0.0,0.0,0.0
2020-07-22,85906.0,4648.0,80244.0,1014.0,592.0,4.0,226.0
2020-07-23,86045.0,4649.0,80297.0,1099.0,139.0,1.0,53.0
2020-07-24,86202.0,4650.0,80341.0,1211.0,157.0,1.0,44.0
2020-07-25,86381.0,4652.0,80409.0,1320.0,179.0,2.0,68.0
2020-07-26,86570.0,4652.0,80459.0,1459.0,189.0,0.0,50.0
2020-07-27,86783.0,4656.0,80466.0,1661.0,213.0,4.0,7.0
2020-07-28,86990.0,4657.0,80517.0,1816.0,207.0,1.0,51.0
2020-07-29,87213.0,4658.0,80594.0,1961.0,223.0,1.0,77.0
2020-07-30,87489.0,4659.0,80680.0,2150.0,276.0,1.0,86.0
2020-07-31,87655.0,4661.0,80787.0,2207.0,166.0,2.0,107.0
2020-08-01,87827.0,4667.0,80907.0,2253.0,172.0,6.0,120.0
2020-08-02,87985.0,4669.0,81018.0,2298.0,158.0,2.0,111.0
2020-08-03,88099.0,4672.0,81113.0,2314.0,114.0,3.0,95.0
2020-08-04,88206.0,4676.0,81234.0,2296.0,107.0,4.0,121.0
2020-08-05,88328.0,4677.0,81417.0,2234.0,122.0,1.0,183.0
2020-08-06,88460.0,4680.0,81592.0,2188.0,132.0,3.0,175.0
2020-08-07,88580.0,4681.0,81788.0,2111.0,120.0,1.0,196.0
2020-08-08,88672.0,4681.0,81969.0,2022.0,92.0,0.0,181.0
2020-08-09,88793.0,4686.0,82125.0,1982.0,121.0,5.0,156.0
2020-08-10,88906.0,4689.0,82247.0,1970.0,113.0,3.0,122.0
2020-08-11,88958.0,4693.0,82440.0,1825.0,52.0,4.0,193.0
2020-08-12,89045.0,4697.0,82633.0,1715.0,87.0,4.0,193.0
2020-08-13,89144.0,4700.0,82804.0,1640.0,99.0,3.0,171.0
2020-08-14,89214.0,4701.0,82956.0,1557.0,70.0,1.0,152.0
2020-08-15,89279.0,4703.0,83108.0,1468.0,65.0,2.0,152.0
2020-08-16,89375.0,4703.0,83200.0,1472.0,96.0,0.0,92.0
2020-08-17,89441.0,4703.0,83283.0,1455.0,66.0,0.0,83.0
2020-08-18,89494.0,4705.0,83408.0,1381.0,53.0,2.0,125.0
2020-08-19,89527.0,4706.0,83566.0,1255.0,33.0,1.0,158.0
2020-08-20,89567.0,4709.0,83663.0,1195.0,40.0,3.0,97.0
2020-08-21,89616.0,4709.0,83793.0,1114.0,49.0,0.0,130.0
2020-08-22,89654.0,4711.0,83924.0,1019.0,38.0,2.0,131.0
2020-08-23,89695.0,4711.0,83988.0,996.0,41.0,0.0,64.0
2020-08-24,89718.0,4711.0,84058.0,949.0,23.0,0.0,70.0
2020-08-25,89752.0,4712.0,84168.0,872.0,34.0,1.0,110.0
2020-08-26,89784.0,4713.0,84251.0,820.0,32.0,1.0,83.0
2020-08-27,89814.0,4715.0,84335.0,764.0,30.0,2.0,84.0
2020-08-28,89836.0,4718.0,84419.0,699.0,22.0,3.0,84.0
2020-08-29,89863.0,4721.0,84484.0,658.0,27.0,3.0,65.0
