date,confirmed,deaths,recovered,active,new_confirmed,new_deaths,new_recovered
2020-01-23,0.0,0.0,0.0,0.0,,,
2020-03-06,1.0,0.0,0.0,1.0,1.0,0.0,0.0
2020-03-07,1.0,0.0,0.0,1.0,0.0,0.0,0.0
2020-03-08,1.0,0.0,0.0,1.0,0.0,0.0,0.0
2020-03-09,1.0,0.0,0.0,1.0,0.0,0.0,0.0
2020-03-10,3.0,0.0,0.0,3.0,2.0,0.0,0.0
2020-03-11,9.0,0.0,0.0,9.0,6.0,0.0,0.0
2020-03-12,9.0,0.0,0.0,9.0,0.0,0.0,0.0
2020-03-13,13.0,0.0,0.0,13.0,4.0,0.0,0.0
2020-03-14,22.0,0.0,0.0,22.0,9.0,0.0,0.0
2020-03-15,34.0,0.0,0.0,34.0,12.0,0.0,0.0
2020-03-16,54.0,0.0,0.0,54.0,20.0,0.0,0.0
2020-03-17,65.0,0.0,1.0,64.0,11.0,0.0,1.0
2020-03-18,93.0,0.0,1.0,92.0,28.0,0.0,0.0
2020-03-19,102.0,0.0,1.0,101.0,9.0,0.0,0.0
2020-03-20,128.0,0.0,1.0,127.0,26.0,0.0,0.0
2020-03-21,196.0,0.0,1.0,195.0,68.0,0.0,0.0
2020-03-22,231.0,2.0,3.0,226.0,35.0,2.0,2.0
2020-03-23,277.0,3.0,3.0,271.0,46.0,1.0,0.0
2020-03-24,378.0,3.0,6.0,369.0,101.0,0.0,3.0
2020-03-25,470.0,4.0,8.0,458.0,92.0,1.0,2.0
2020-03-26,491.0,6.0,8.0,477.0,21.0,2.0,0.0
2020-03-27,539.0,6.0,10.0,523.0,48.0,0.0,2.0
2020-03-28,608.0,6.0,10.0,592.0,69.0,0.0,0.0
2020-03-29,702.0,10.0,10.0,682.0,94.0,4.0,0.0
2020-03-30,798.0,12.0,15.0,771.0,96.0,2.0,5.0
2020-03-31,906.0,16.0,31.0,859.0,108.0,4.0,16.0
2020-04-01,1065.0,17.0,39.0,1009.0,159.0,1.0,8.0
2020-04-02,1161.0,19.0,55.0,1087.0,96.0,2.0,16.0
2020-04-03,1267.0,25.0,55.0,1187.0,106.0,6.0,0.0
2020-04-04,1406.0,32.0,85.0,1289.0,139.0,7.0,30.0
2020-04-05,1485.0,35.0,88.0,1362.0,79.0,3.0,3.0
2020-04-06,1579.0,46.0,88.0,1445.0,94.0,11.0,0.0
2020-04-07,1780.0,50.0,100.0,1630.0,201.0,4.0,12.0
2020-04-08,2054.0,54.0,123.0,1877.0,274.0,4.0,23.0
2020-04-09,2223.0,69.0,174.0,1980.0,169.0,15.0,51.0
2020-04-10,2473.0,80.0,197.0,2196.0,250.0,11.0,23.0
2020-04-11,2709.0,100.0,214.0,2395.0,236.0,20.0,17.0
2020-04-12,2776.0,109.0,270.0,2397.0,67.0,9.0,56.0
2020-04-13,2852.0,112.0,319.0,2421.0,76.0,3.0,49.0
2020-04-14,2979.0,127.0,354.0,2498.0,127.0,15.0,35.0
2020-04-15,3105.0,131.0,452.0,2522.0,126.0,4.0,98.0
2020-04-16,3233.0,144.0,550.0,2539.0,128.0,13.0,98.0
2020-04-17,3439.0,153.0,634.0,2652.0,206.0,9.0,84.0
2020-04-18,3439.0,153.0,634.0,2652.0,0.0,0.0,0.0
2020-04-19,3792.0,179.0,711.0,2902.0,353.0,26.0,77.0
2020-04-20,3977.0,189.0,804.0,2984.0,185.0,10.0,93.0
2020-04-21,4149.0,196.0,804.0,3149.0,172.0,7.0,0.0
2020-04-22,4356.0,206.0,870.0,3280.0,207.0,10.0,66.0
2020-04-23,4561.0,215.0,927.0,3419.0,205.0,9.0,57.0
2020-04-24,4881.0,225.0,1003.0,3653.0,320.0,10.0,76.0
2020-04-25,5142.0,233.0,1067.0,3842.0,261.0,8.0,64.0
2020-04-26,5379.0,244.0,1133.0,4002.0,237.0,11.0,66.0
2020-04-27,5597.0,253.0,1210.0,4134.0,218.0,9.0,77.0
2020-04-28,5949.0,269.0,1268.0,4412.0,352.0,16.0,58.0
2020-04-29,6207.0,278.0,1411.0,4518.0,258.0,9.0,143.0
2020-04-30,6507.0,293.0,1439.0,4775.0,300.0,15.0,28.0
2020-05-01,7006.0,314.0,1551.0,5141.0,499.0,21.0,112.0
2020-05-02,7285.0,324.0,1666.0,5295.0,279.0,10.0,115.0
2020-05-03,7668.0,340.0,1722.0,5606.0,383.0,16.0,56.0
2020-05-04,7973.0,358.0,1807.0,5808.0,305.0,18.0,85.0
2020-05-05,8613.0,378.0,2013.0,6222.0,640.0,20.0,206.0
2020-05-06,8959.0,397.0,2148.0,6414.0,346.0,19.0,135.0
2020-05-07,9456.0,407.0,2300.0,6749.0,497.0,10.0,152.0
2020-05-08,10051.0,428.0,2424.0,7199.0,595.0,21.0,124.0
2020-05-09,10495.0,445.0,2569.0,7481.0,444.0,17.0,145.0
2020-05-10,11063.0,463.0,2705.0,7895.0,568.0,18.0,136.0
2020-05-11,11613.0,479.0,2825.0,8309.0,550.0,16.0,120.0
2020-05-12,12272.0,493.0,2971.0,8808.0,659.0,14.0,146.0
2020-05-13,12930.0,509.0,3133.0,9288.0,658.0,16.0,162.0
2020-05-14,13610.0,525.0,3358.0,9727.0,680.0,16.0,225.0
2020-05-15,14216.0,546.0,3460.0,10210.0,606.0,21.0,102.0
2020-05-16,14939.0,562.0,3587.0,10790.0,723.0,16.0,127.0
2020-05-17,15574.0,574.0,3751.0,11249.0,635.0,12.0,164.0
2020-05-18,16295.0,592.0,3903.0,11800.0,721.0,18.0,152.0
2020-05-19,16935.0,613.0,4050.0,12272.0,640.0,21.0,147.0
2020-05-20,17687.0,630.0,4256.0,12801.0,752.0,17.0,206.0
2020-05-21,18330.0,652.0,4431.0,13247.0,643.0,22.0,175.0
2020-05-22,19131.0,682.0,4575.0,13874.0,801.0,30.0,144.0
2020-05-23,20177.0,705.0,4718.0,14754.0,1046.0,23.0,143.0
2020-05-24,21175.0,727.0,5016.0,15432.0,998.0,22.0,298.0
2020-05-25,21981.0,750.0,5265.0,15966.0,806.0,23.0,249.0
2020-05-26,23003.0,776.0,5511.0,16716.0,1022.0,26.0,246.0
2020-05-27,24104.0,803.0,6111.0,17190.0,1101.0,27.0,600.0
2020-05-28,24141.0,833.0,6132.0,17176.0,37.0,30.0,21.0
2020-05-29,25406.0,855.0,6687.0,17864.0,1265.0,22.0,555.0
2020-05-30,26734.0,891.0,6935.0,18908.0,1328.0,36.0,248.0
2020-05-31,27219.0,916.0,7032.0,19271.0,485.0,25.0,97.0
2020-06-01,29384.0,963.0,8384.0,20037.0,2165.0,47.0,1352.0
2020-06-02,30593.0,1014.0,9689.0,19890.0,1209.0,51.0,1305.0
2020-06-03,31935.0,1057.0,11171.0,19707.0,1342.0,43.0,1482.0
2020-06-04,33466.0,1099.0,12319.0,20048.0,1531.0,42.0,1148.0
2020-06-05,36759.0,1204.0,13670.0,21885.0,3293.0,105.0,1351.0
2020-06-06,36759.0,1204.0,13670.0,21885.0,0.0,0.0,0.0
2020-06-07,38149.0,1265.0,14414.0,22470.0,1390.0,61.0,744.0
2020-06-08,40847.0,1373.0,16459.0,23015.0,2698.0,108.0,2045.0
2020-06-09,40847.0,1373.0,16459.0,23015.0,0.0,0.0,0.0
2020-06-10,42206.0,1439.0,16566.0,24201.0,1359.0,66.0,107.0
2020-06-11,43810.0,1505.0,17366.0,24939.0,1604.0,66.0,800.0
2020-06-12,45344.0,1562.0,17823.0,25959.0,1534.0,57.0,457.0
2020-06-13,46994.0,1623.0,18749.0,26622.0,1650.0,61.0,926.0
2020-06-14,48896.0,1670.0,19460.0,27766.0,1902.0,47.0,711.0
2020-06-15,53211.0,1808.0,19986.0,31417.0,4315.0,138.0,526.0
2020-06-16,53211.0,1808.0,19986.0,31417.0,0.0,0.0,0.0
2020-06-17,55083.0,1887.0,20400.0,32796.0,1872.0,79.0,414.0
2020-06-18,57202.0,1955.0,21361.0,33886.0,2119.0,68.0,961.0
2020-06-19,60387.0,2046.0,22726.0,35615.0,3185.0,91.0,1365.0
2020-06-20,63454.0,2148.0,24035.0,37271.0,3067.0,102.0,1309.0
2020-06-21,68836.0,2353.0,27412.0,39071.0,5382.0,205.0,3377.0
2020-06-22,71367.0,2426.0,29024.0,39917.0,2531.0,73.0,1612.0
2020-06-23,73760.0,2524.0,30517.0,40719.0,2393.0,98.0,1493.0
2020-06-24,73760.0,2524.0,30517.0,40719.0,0.0,0.0,0.0
2020-06-25,77313.0,2611.0,31729.0,42973.0,3553.0,87.0,1212.0
2020-06-26,80811.0,2786.0,33410.0,44615.0,3498.0,175.0,1681.0
2020-06-27,84660.0,2946.0,34999.0,46715.0,3849.0,160.0,1589.0
2020-06-28,91995.0,3256.0,38345.0,50394.0,7335.0,310.0,3346.0
2020-06-29,91995.0,3256.0,38345.0,50394.0,0.0,0.0,0.0
2020-06-30,95269.0,3376.0,40021.0,51872.0,3274.0,120.0,1676.0
2020-07-01,98090.0,3488.0,42143.0,52459.0,2821.0,112.0,2122.0
2020-07-02,102261.0,3650.0,43481.0,55130.0,4171.0,162.0,1338.0
2020-07-03,106392.0,3851.0,44606.0,57935.0,4131.0,201.0,1125.0
2020-07-04,109793.0,4001.0,45409.0,60383.0,3401.0,150.0,803.0
2020-07-05,113685.0,4178.0,46643.0,62864.0,3892.0,177.0,1234.0
2020-07-06,117412.0,4305.0,47961.0,65146.0,3727.0,127.0,1318.0
2020-07-07,120281.0,4452.0,50370.0,65459.0,2869.0,147.0,2409.0
2020-07-08,124494.0,4606.0,51861.0,68027.0,4213.0,154.0,1491.0
2020-07-09,128638.0,4791.0,53634.0,70213.0,4144.0,185.0,1773.0
2020-07-10,133973.0,4985.0,56272.0,72716.0,5335.0,194.0,2638.0
2020-07-11,140776.0,5202.0,58800.0,76774.0,6803.0,217.0,2528.0
2020-07-12,145362.0,5426.0,61186.0,78750.0,4586.0,224.0,2386.0
2020-07-13,150445.0,5634.0,63451.0,81360.0,5083.0,208.0,2265.0
2020-07-14,154277.0,5787.0,65809.0,82681.0,3832.0,153.0,2358.0
2020-07-15,159898.0,5969.0,68806.0,85123.0,5621.0,182.0,2997.0
2020-07-16,165169.0,6164.0,71736.0,87269.0,5271.0,195.0,2930.0
2020-07-17,182140.0,6288.0,80637.0,95215.0,16971.0,124.0,8901.0
2020-07-18,190700.0,6516.0,85836.0,98348.0,8560.0,228.0,5199.0
2020-07-19,197278.0,6736.0,91793.0,98749.0,6578.0,220.0,5957.0
2020-07-20,204005.0,6929.0,95804.0,101272.0,6727.0,193.0,4011.0
2020-07-21,211038.0,7166.0,98840.0,105032.0,7033.0,237.0,3036.0
2020-07-22,218428.0,7373.0,101613.0,109442.0,7390.0,207.0,2773.0
2020-07-23,226373.0,7688.0,107951.0,110734.0,7945.0,315.0,6338.0
2020-07-24,233541.0,7975.0,113864.0,111702.0,7168.0,287.0,5913.0
2020-07-25,240795.0,8269.0,119667.0,112859.0,7254.0,294.0,5803.0
2020-07-26,240795.0,8269.0,119667.0,112859.0,0.0,0.0,0.0
2020-07-27,257101.0,8777.0,131161.0,117163.0,16306.0,508.0,11494.0
2020-07-28,267385.0,9074.0,136690.0,121621.0,10284.0,297.0,5529.0
2020-07-29,276055.0,9454.0,142777.0,123824.0,8670.0,380.0,6087.0
2020-07-30,286020.0,9810.0,148695.0,127515.0,9965.0,356.0,5918.0
2020-07-31,295508.0,10105.0,154387.0,131016.0,9488.0,295.0,5692.0
2020-08-01,306181.0,10330.0,160708.0,135143.0,10673.0,225.0,6321.0
2020-08-02,317651.0,10650.0,167239.0,139762.0,11470.0,320.0,6531.0
2020-08-03,327850.0,11017.0,173727.0,143106.0,10199.0,367.0,6488.0
2020-08-04,334979.0,11315.0,180258.0,143406.0,7129.0,298.0,6531.0
2020-08-05,345714.0,11624.0,186317.0,147773.0,10735.0,309.0,6059.0
2020-08-06,357710.0,11939.0,192355.0,153416.0,11996.0,315.0,6038.0
2020-08-07,367204.0,12250.0,198495.0,156459.0,9494.0,311.0,6140.0
2020-08-08,376870.0,12540.0,204591.0,159739.0,9666.0,290.0,6096.0
2020-08-09,387481.0,12842.0,212688.0,161951.0,10611.0,302.0,8097.0
2020-08-10,397623.0,13154.0,221484.0,162985.0,10142.0,312.0,8796.0
2020-08-11,410453.0,13475.0,230427.0,166551.0,12830.0,321.0,8943.0
2020-08-12,422519.0,13837.0,239785.0,168897.0,12066.0,362.0,9358.0
2020-08-13,433805.0,14145.0,250494.0,169166.0,11286.0,308.0,10709.0
2020-08-14,445111.0,14492.0,261293.0,169326.0,11306.0,347.0,10799.0
2020-08-15,456689.0,14810.0,274420.0,167459.0,11578.0,318.0,13127.0
2020-08-16,468332.0,15097.0,287436.0,165799.0,11643.0,287.0,13016.0
2020-08-17,476660.0,15372.0,301525.0,159763.0,8328.0,275.0,14089.0
2020-08-18,489122.0,15619.0,312323.0,161180.0,12462.0,247.0,10798.0
2020-08-19,502178.0,15979.0,326298.0,159901.0,13056.0,360.0,13975.0
2020-08-20,513719.0,16183.0,339124.0,158412.0,11541.0,204.0,12826.0
2020-08-21,522138.0,16568.0,348940.0,156630.0,8419.0,385.0,9816.0
2020-08-22,522138.0,16568.0,348940.0,156630.0,0.0,0.0,0.0
2020-08-23,541139.0,17316.0,374024.0,149799.0,19001.0,748.0,25084.0
2020-08-24,551688.0,17612.0,384165.0,149911.0,10549.0,296.0,10141.0
2020-08-25,562113.0,17889.0,395463.0,148761.0,10425.0,277.0,11298.0
2020-08-26,572243.0,18184.0,407114.0,146945.0,10130.0,295.0,11651.0
2020-08-27,581995.0,18467.0,417781.0,145747.0,9752.0,283.0,10667.0
2020-08-28,590492.0,18766.0,429608.0,142118.0,8497.0,299.0,11827.0
2020-08-29,599884.0,19063.0,440562.0,140259.0,9392.0,297.0,10954.0
2020-08-30,607904.0,19363.0,450609.0,137932.0,8020.0,300.0,10047.0
2020-08-31,615094.0,19662.0,459460.0,135972.0,7190.0,299.0,8851.0
2020-09-01,624026.0,20050.0,469552.0,134424.0,8932.0,388.0,10092.0
2020-09-02,633321.0,20345.0,479567.0,133409.0,9295.0,295.0,10015.0
2020-09-03,641574.0,20618.0,489151.0,131805.0,8253.0,273.0,9584.0
2020-09-04,641574.0,20618.0,489151.0,131805.0,0.0,0.0,0.0
2020-09-05,650055.0,20886.0,498219.0,130950.0,8481.0,268.0,9068.0
2020-09-06,666521.0,21412.0,518229.0,126880.0,16466.0,526.0,20010.0
2020-09-07,666521.0,21412.0,518229.0,126880.0,0.0,0.0,0.0
2020-09-08,671533.0,21611.0,529017.0,120905.0,5012.0,199.0,10788.0
2020-09-09,686851.0,22053.0,552885.0,111913.0,15318.0,442.0,23868.0
2020-09-10,694664.0,22275.0,569479.0,102910.0,7813.0,222.0,16594.0
2020-09-11,702088.0,22518.0,582694.0,96876.0,7424.0,243.0,13215.0
2020-09-12,708964.0,22734.0,592820.0,93410.0,6876.0,216.0,10126.0
2020-09-13,716319.0,22924.0,599385.0,94010.0,7355.0,190.0,6565.0
2020-09-14,721892.0,23123.0,606925.0,91844.0,5573.0,199.0,7540.0
2020-09-15,728590.0,23288.0,607978.0,97324.0,6698.0,165.0,1053.0
2020-09-16,736377.0,23478.0,610078.0,102821.0,7787.0,190.0,2100.0
2020-09-17,743945.0,23665.0,615457.0,104823.0,7568.0,187.0,5379.0
2020-09-18,750471.0,23665.0,615457.0,111349.0,6526.0,0.0,0.0
2020-09-19,758398.0,24039.0,627685.0,106674.0,7927.0,374.0,12228.0
2020-09-20,765076.0,24208.0,633199.0,107669.0,6678.0,169.0,5514.0
2020-09-21,770435.0,24397.0,640900.0,105138.0,5359.0,189.0,7701.0
2020-09-22,777537.0,24397.0,640900.0,112240.0,7102.0,0.0,0.0
2020-09-23,784268.0,24746.0,662277.0,97245.0,6731.0,349.0,21377.0
2020-09-24,790823.0,24746.0,662277.0,103800.0,6555.0,0.0,0.0
2020-09-25,798317.0,25103.0,687477.0,85737.0,7494.0,357.0,25200.0
2020-09-26,806038.0,25296.0,700112.0,80630.0,7721.0,193.0,12635.0
2020-09-27,813056.0,25488.0,711472.0,76096.0,7018.0,192.0,11360.0
2020-09-28,818203.0,25641.0,722536.0,70026.0,5147.0,153.0,11064.0
2020-09-29,824042.0,25828.0,734154.0,64060.0,5839.0,187.0,11618.0
2020-09-30,829679.0,25998.0,743653.0,60028.0,5637.0,170.0,9499.0
2020-10-01,835339.0,26196.0,751691.0,57452.0,5660.0,198.0,8038.0
2020-10-02,841532.0,26397.0,753953.0,61182.0,6193.0,201.0,2262.0
2020-10-03,848147.0,26556.0,757801.0,63790.0,6615.0,159.0,3848.0
2020-10-04,855052.0,26712.0,761674.0,66666.0,6905.0,156.0,3873.0
2020-10-05,862158.0,26844.0,766300.0,69014.0,7106.0,132.0,4626.0
2020-10-06,869808.0,27017.0,770812.0,71979.0,7650.0,173.0,4512.0
2020-10-07,877684.0,27180.0,773973.0,76531.0,7876.0,163.0,3161.0
2020-10-08,886179.0,27180.0,773973.0,85026.0,8495.0,0.0,0.0
2020-10-09,894300.0,27495.0,780547.0,86258.0,8121.0,315.0,6574.0
