date,confirmed,deaths,recovered,active,new_confirmed,new_deaths,new_recovered
2020-04-30,1.0,0.0,0.0,1.0,,,
2020-05-01,1.0,0.0,0.0,1.0,0.0,0.0,0.0
2020-05-02,3.0,0.0,0.0,3.0,2.0,0.0,0.0
2020-05-03,3.0,0.0,0.0,3.0,0.0,0.0,0.0
2020-05-04,3.0,0.0,0.0,3.0,0.0,0.0,0.0
2020-05-05,3.0,0.0,0.0,3.0,0.0,0.0,0.0
2020-05-06,8.0,1.0,0.0,7.0,5.0,1.0,0.0
2020-05-07,8.0,1.0,0.0,7.0,0.0,0.0,0.0
2020-05-08,8.0,1.0,0.0,7.0,0.0,0.0,0.0
2020-05-09,11.0,1.0,0.0,10.0,3.0,0.0,0.0
2020-05-10,11.0,1.0,0.0,10.0,0.0,0.0,0.0
2020-05-11,11.0,1.0,0.0,10.0,0.0,0.0,0.0
2020-05-12,11.0,1.0,0.0,10.0,0.0,0.0,0.0
2020-05-13,11.0,1.0,0.0,10.0,0.0,0.0,0.0
2020-05-14,11.0,1.0,3.0,7.0,0.0,0.0,3.0
2020-05-15,11.0,1.0,3.0,7.0,0.0,0.0,0.0
2020-05-16,11.0,1.0,3.0,7.0,0.0,0.0,0.0
2020-05-17,11.0,1.0,3.0,7.0,0.0,0.0,0.0
2020-05-18,11.0,1.0,3.0,7.0,0.0,0.0,0.0
2020-05-19,11.0,1.0,3.0,7.0,0.0,0.0,0.0
2020-05-20,34.0,1.0,8.0,25.0,23.0,0.0,5.0
2020-05-21,34.0,1.0,8.0,25.0,0.0,0.0,0.0
2020-05-22,78.0,1.0,18.0,59.0,44.0,0.0,10.0
2020-05-23,78.0,1.0,18.0,59.0,0.0,0.0,0.0
2020-05-24,87.0,1.0,21.0,65.0,9.0,0.0,3.0
2020-05-25,87.0,1.0,21.0,65.0,0.0,0.0,0.0
2020-05-26,87.0,1.0,21.0,65.0,0.0,0.0,0.0
2020-05-27,87.0,2.0,24.0,61.0,0.0,1.0,3.0
2020-05-28,87.0,2.0,24.0,61.0,0.0,0.0,0.0
2020-05-29,87.0,2.0,24.0,61.0,0.0,0.0,0.0
2020-05-30,106.0,2.0,26.0,78.0,19.0,0.0,2.0
2020-05-31,106.0,2.0,26.0,78.0,0.0,0.0,0.0
2020-06-01,106.0,2.0,26.0,78.0,0.0,0.0,0.0
2020-06-02,132.0,2.0,27.0,103.0,26.0,0.0,1.0
2020-06-03,132.0,2.0,27.0,103.0,0.0,0.0,0.0
2020-06-04,132.0,2.0,55.0,75.0,0.0,0.0,28.0
2020-06-05,132.0,2.0,55.0,75.0,0.0,0.0,0.0
2020-06-06,141.0,2.0,67.0,72.0,9.0,0.0,12.0
2020-06-07,141.0,2.0,67.0,72.0,0.0,0.0,0.0
2020-06-08,141.0,2.0,67.0,72.0,0.0,0.0,0.0
2020-06-09,141.0,2.0,67.0,72.0,0.0,0.0,0.0
2020-06-10,162.0,2.0,97.0,63.0,21.0,0.0,30.0
2020-06-11,162.0,2.0,97.0,63.0,0.0,0.0,0.0
2020-06-12,163.0,2.0,97.0,64.0,1.0,0.0,0.0
2020-06-13,176.0,2.0,114.0,60.0,13.0,0.0,17.0
2020-06-14,176.0,2.0,114.0,60.0,0.0,0.0,0.0
2020-06-15,176.0,2.0,114.0,60.0,0.0,0.0,0.0
2020-06-16,197.0,3.0,127.0,67.0,21.0,1.0,13.0
2020-06-17,197.0,3.0,127.0,67.0,0.0,0.0,0.0
2020-06-18,210.0,5.0,129.0,76.0,13.0,2.0,2.0
2020-06-19,210.0,5.0,129.0,76.0,0.0,0.0,0.0
2020-06-20,247.0,5.0,159.0,83.0,37.0,0.0,30.0
2020-06-21,247.0,5.0,159.0,83.0,0.0,0.0,0.0
2020-06-22,247.0,5.0,159.0,83.0,0.0,0.0,0.0
2020-06-23,265.0,7.0,159.0,99.0,18.0,2.0,0.0
2020-06-24,265.0,7.0,159.0,99.0,0.0,0.0,0.0
2020-06-25,272.0,7.0,161.0,104.0,7.0,0.0,2.0
2020-06-26,272.0,7.0,161.0,104.0,0.0,0.0,0.0
2020-06-27,272.0,7.0,161.0,104.0,0.0,0.0,0.0
2020-06-28,272.0,7.0,161.0,104.0,0.0,0.0,0.0
2020-06-29,272.0,7.0,161.0,104.0,0.0,0.0,0.0
2020-06-30,303.0,7.0,200.0,96.0,31.0,0.0,39.0
2020-07-01,303.0,7.0,200.0,96.0,0.0,0.0,0.0
2020-07-02,303.0,7.0,200.0,96.0,0.0,0.0,0.0
2020-07-03,309.0,7.0,241.0,61.0,6.0,0.0,41.0
2020-07-04,309.0,7.0,241.0,61.0,0.0,0.0,0.0
2020-07-05,311.0,7.0,266.0,38.0,2.0,0.0,25.0
2020-07-06,311.0,7.0,266.0,38.0,0.0,0.0,0.0
2020-07-07,311.0,7.0,266.0,38.0,0.0,0.0,0.0
2020-07-08,313.0,7.0,272.0,34.0,2.0,0.0,6.0
2020-07-09,314.0,7.0,272.0,35.0,1.0,0.0,0.0
2020-07-10,314.0,7.0,272.0,35.0,0.0,0.0,0.0
2020-07-11,317.0,7.0,296.0,14.0,3.0,0.0,24.0
2020-07-12,317.0,7.0,296.0,14.0,0.0,0.0,0.0
2020-07-13,317.0,7.0,296.0,14.0,0.0,0.0,0.0
2020-07-14,321.0,7.0,302.0,12.0,4.0,0.0,6.0
2020-07-15,321.0,7.0,302.0,12.0,0.0,0.0,0.0
2020-07-16,328.0,7.0,311.0,10.0,7.0,0.0,9.0
2020-07-17,328.0,7.0,311.0,10.0,0.0,0.0,0.0
2020-07-18,328.0,7.0,311.0,10.0,0.0,0.0,0.0
2020-07-19,334.0,7.0,313.0,14.0,6.0,0.0,2.0
2020-07-20,334.0,7.0,313.0,14.0,0.0,0.0,0.0
2020-07-21,337.0,7.0,319.0,11.0,3.0,0.0,6.0
2020-07-22,337.0,7.0,319.0,11.0,0.0,0.0,0.0
2020-07-23,340.0,7.0,324.0,9.0,3.0,0.0,5.0
2020-07-24,340.0,7.0,324.0,9.0,0.0,0.0,0.0
2020-07-25,340.0,7.0,324.0,9.0,0.0,0.0,0.0
2020-07-26,354.0,7.0,328.0,19.0,14.0,0.0,4.0
2020-07-27,354.0,7.0,328.0,19.0,0.0,0.0,0.0
2020-07-28,354.0,7.0,328.0,19.0,0.0,0.0,0.0
2020-07-29,378.0,7.0,330.0,41.0,24.0,0.0,2.0
2020-07-30,378.0,7.0,330.0,41.0,0.0,0.0,0.0
2020-07-31,378.0,7.0,330.0,41.0,0.0,0.0,0.0
2020-08-01,386.0,7.0,330.0,49.0,8.0,0.0,0.0
2020-08-02,386.0,7.0,330.0,49.0,0.0,0.0,0.0
2020-08-03,386.0,7.0,330.0,49.0,0.0,0.0,0.0
2020-08-04,388.0,7.0,340.0,41.0,2.0,0.0,10.0
2020-08-05,388.0,7.0,340.0,41.0,0.0,0.0,0.0
2020-08-06,396.0,7.0,340.0,49.0,8.0,0.0,0.0
2020-08-07,396.0,7.0,353.0,36.0,0.0,0.0,13.0
2020-08-08,399.0,7.0,369.0,23.0,3.0,0.0,16.0
2020-08-09,399.0,7.0,369.0,23.0,0.0,0.0,0.0
2020-08-10,399.0,7.0,369.0,23.0,0.0,0.0,0.0
2020-08-11,399.0,7.0,379.0,13.0,0.0,0.0,10.0
2020-08-12,399.0,7.0,379.0,13.0,0.0,0.0,0.0
2020-08-13,399.0,7.0,379.0,13.0,0.0,0.0,0.0
2020-08-14,403.0,7.0,379.0,17.0,4.0,0.0,0.0
2020-08-15,403.0,7.0,379.0,17.0,0.0,0.0,0.0
2020-08-16,405.0,7.0,379.0,19.0,2.0,0.0,0.0
2020-08-17,405.0,7.0,379.0,19.0,0.0,0.0,0.0
2020-08-18,406.0,7.0,393.0,6.0,1.0,0.0,14.0
2020-08-19,406.0,7.0,393.0,6.0,0.0,0.0,0.0
2020-08-20,417.0,7.0,396.0,14.0,11.0,0.0,3.0
2020-08-21,417.0,7.0,396.0,14.0,0.0,0.0,0.0
2020-08-22,417.0,7.0,396.0,14.0,0.0,0.0,0.0
2020-08-23,417.0,7.0,396.0,14.0,0.0,0.0,0.0
2020-08-24,417.0,7.0,396.0,14.0,0.0,0.0,0.0
2020-08-25,417.0,7.0,399.0,11.0,0.0,0.0,3.0
2020-08-26,417.0,7.0,399.0,11.0,0.0,0.0,0.0
2020-08-27,422.0,7.0,399.0,16.0,5.0,0.0,0.0
2020-08-28,422.0,7.0,399.0,16.0,0.0,0.0,0.0
2020-08-29,423.0,7.0,399.0,17.0,1.0,0.0,0.0
2020-08-30,423.0,7.0,399.0,17.0,0.0,0.0,0.0
2020-08-31,423.0,7.0,399.0,17.0,0.0,0.0,0.0
2020-09-01,427.0,7.0,410.0,10.0,4.0,0.0,11.0
2020-09-02,427.0,7.0,410.0,10.0,0.0,0.0,0.0
2020-09-03,448.0,7.0,410.0,31.0,21.0,0.0,0.0
2020-09-04,448.0,7.0,410.0,31.0,0.0,0.0,0.0
2020-09-05,452.0,7.0,410.0,35.0,4.0,0.0,0.0
2020-09-06,452.0,7.0,410.0,35.0,0.0,0.0,0.0
2020-09-07,452.0,7.0,410.0,35.0,0.0,0.0,0.0
2020-09-08,456.0,7.0,415.0,34.0,4.0,0.0,5.0
2020-09-09,456.0,7.0,415.0,34.0,0.0,0.0,0.0
2020-09-10,456.0,7.0,415.0,34.0,0.0,0.0,0.0
2020-09-11,456.0,7.0,415.0,34.0,0.0,0.0,0.0
2020-09-12,456.0,7.0,415.0,34.0,0.0,0.0,0.0
2020-09-13,456.0,7.0,415.0,34.0,0.0,0.0,0.0
2020-09-14,457.0,7.0,427.0,23.0,1.0,0.0,12.0
2020-09-15,467.0,7.0,446.0,14.0,10.0,0.0,19.0
2020-09-16,467.0,7.0,446.0,14.0,0.0,0.0,0.0
2020-09-17,470.0,7.0,449.0,14.0,3.0,0.0,3.0
2020-09-18,470.0,7.0,449.0,14.0,0.0,0.0,0.0
2020-09-19,470.0,7.0,450.0,13.0,0.0,0.0,1.0
2020-09-20,470.0,7.0,450.0,13.0,0.0,0.0,0.0
2020-09-21,470.0,7.0,450.0,13.0,0.0,0.0,0.0
2020-09-22,470.0,7.0,453.0,10.0,0.0,0.0,3.0
2020-09-23,470.0,7.0,453.0,10.0,0.0,0.0,0.0
2020-09-24,474.0,7.0,453.0,14.0,4.0,0.0,0.0
2020-09-25,474.0,7.0,453.0,14.0,0.0,0.0,0.0
2020-09-26,478.0,7.0,458.0,13.0,4.0,0.0,5.0
2020-09-27,478.0,7.0,458.0,13.0,0.0,0.0,0.0
2020-09-28,478.0,7.0,458.0,13.0,0.0,0.0,0.0
2020-09-29,479.0,7.0,464.0,8.0,1.0,0.0,6.0
2020-09-30,479.0,7.0,464.0,8.0,0.0,0.0,0.0
2020-10-01,484.0,7.0,466.0,11.0,5.0,0.0,2.0
2020-10-02,484.0,7.0,466.0,11.0,0.0,0.0,0.0
2020-10-03,487.0,7.0,466.0,14.0,3.0,0.0,0.0
2020-10-04,487.0,7.0,466.0,14.0,0.0,0.0,0.0
2020-10-05,487.0,7.0,466.0,14.0,0.0,0.0,0.0
2020-10-06,491.0,7.0,468.0,16.0,4.0,0.0,2.0
2020-10-07,491.0,7.0,468.0,16.0,0.0,0.0,0.0
2020-10-08,495.0,7.0,475.0,13.0,4.0,0.0,7.0
2020-10-09,495.0,7.0,475.0,13.0,0.0,0.0,0.0
2020-10-10,495.0,7.0,475.0,13.0,0.0,0.0,0.0
2020-10-11,495.0,7.0,475.0,13.0,0.0,0.0,0.0
2020-10-12,495.0,7.0,475.0,13.0,0.0,0.0,0.0
2020-10-13,496.0,7.0,484.0,5.0,1.0,0.0,9.0
2020-10-14,496.0,7.0,484.0,5.0,0.0,0.0,0.0
2020-10-15,496.0,7.0,484.0,5.0,0.0,0.0,0.0
2020-10-16,502.0,7.0,485.0,10.0,6.0,0.0,1.0
2020-10-17,502.0,7.0,485.0,10.0,0.0,0.0,0.0
2020-10-18,502.0,7.0,485.0,10.0,0.0,0.0,0.0
2020-10-19,502.0,7.0,485.0,10.0,0.0,0.0,0.0
2020-10-20,504.0,7.0,494.0,3.0,2.0,0.0,9.0
2020-10-21,504.0,7.0,494.0,3.0,0.0,0.0,0.0
2020-10-22,517.0,7.0,494.0,16.0,13.0,0.0,0.0
2020-10-23,517.0,7.0,494.0,16.0,0.0,0.0,0.0
2020-10-24,517.0,7.0,494.0,16.0,0.0,0.0,0.0
2020-10-25,517.0,7.0,494.0,16.0,0.0,0.0,0.0
2020-10-26,517.0,7.0,494.0,16.0,0.0,0.0,0.0
2020-10-27,517.0,7.0,494.0,16.0,0.0,0.0,0.0
2020-10-28,517.0,7.0,494.0,16.0,0.0,0.0,0.0
2020-10-29,517.0,7.0,494.0,16.0,0.0,0.0,0.0
2020-10-30,537.0,7.0,498.0,32.0,20.0,0.0,4.0
2020-10-31,545.0,7.0,498.0,40.0,8.0,0.0,0.0
2020-11-01,545.0,7.0,498.0,40.0,0.0,0.0,0.0
2020-11-02,545.0,7.0,498.0,40.0,0.0,0.0,0.0
2020-11-03,545.0,7.0,498.0,40.0,0.0,0.0,0.0
2020-11-04,554.0,7.0,517.0,30.0,9.0,0.0,19.0
2020-11-05,557.0,7.0,525.0,25.0,3.0,0.0,8.0
2020-11-06,557.0,7.0,525.0,25.0,0.0,0.0,0.0
2020-11-07,563.0,7.0,532.0,24.0,6.0,0.0,7.0
2020-11-08,563.0,7.0,532.0,24.0,0.0,0.0,0.0
2020-11-09,563.0,7.0,532.0,24.0,0.0,0.0,0.0
2020-11-10,569.0,7.0,541.0,21.0,6.0,0.0,9.0
2020-11-11,569.0,7.0,541.0,21.0,0.0,0.0,0.0
2020-11-12,574.0,7.0,542.0,25.0,5.0,0.0,1.0
2020-11-13,574.0,7.0,542.0,25.0,0.0,0.0,0.0
2020-11-14,579.0,7.0,549.0,23.0,5.0,0.0,7.0
2020-11-15,579.0,7.0,549.0,23.0,0.0,0.0,0.0
2020-11-16,579.0,7.0,549.0,23.0,0.0,0.0,0.0
2020-11-17,591.0,7.0,558.0,26.0,12.0,0.0,9.0
2020-11-18,591.0,7.0,558.0,26.0,0.0,0.0,0.0
2020-11-19,592.0,7.0,563.0,22.0,1.0,0.0,5.0
2020-11-20,592.0,7.0,563.0,22.0,0.0,0.0,0.0
2020-11-21,596.0,7.0,572.0,17.0,4.0,0.0,9.0
2020-11-22,596.0,7.0,572.0,17.0,0.0,0.0,0.0
2020-11-23,596.0,7.0,572.0,17.0,0.0,0.0,0.0
2020-11-24,607.0,7.0,579.0,21.0,11.0,0.0,7.0
2020-11-25,607.0,7.0,579.0,21.0,0.0,0.0,0.0
2020-11-26,610.0,7.0,585.0,18.0,3.0,0.0,6.0
2020-11-27,610.0,7.0,585.0,18.0,0.0,0.0,0.0
2020-11-28,611.0,7.0,586.0,18.0,1.0,0.0,1.0
2020-11-29,611.0,7.0,586.0,18.0,0.0,0.0,0.0
2020-11-30,611.0,7.0,586.0,18.0,0.0,0.0,0.0
2020-12-01,613.0,7.0,586.0,20.0,2.0,0.0,0.0
2020-12-02,613.0,7.0,586.0,20.0,0.0,0.0,0.0
2020-12-03,615.0,7.0,590.0,18.0,2.0,0.0,4.0
2020-12-04,615.0,7.0,590.0,18.0,0.0,0.0,0.0
2020-12-05,616.0,7.0,600.0,9.0,1.0,0.0,10.0
2020-12-06,616.0,7.0,600.0,9.0,0.0,0.0,0.0
2020-12-07,616.0,7.0,600.0,9.0,0.0,0.0,0.0
2020-12-08,617.0,7.0,605.0,5.0,1.0,0.0,5.0
2020-12-09,617.0,7.0,605.0,5.0,0.0,0.0,0.0
2020-12-10,617.0,7.0,605.0,5.0,0.0,0.0,0.0
2020-12-11,617.0,7.0,605.0,5.0,0.0,0.0,0.0
2020-12-12,628.0,7.0,606.0,15.0,11.0,0.0,1.0
2020-12-13,628.0,7.0,606.0,15.0,0.0,0.0,0.0
2020-12-14,628.0,7.0,606.0,15.0,0.0,0.0,0.0
2020-12-15,633.0,7.0,606.0,20.0,5.0,0.0,0.0
2020-12-16,633.0,7.0,606.0,20.0,0.0,0.0,0.0
2020-12-17,643.0,7.0,610.0,26.0,10.0,0.0,4.0
2020-12-18,643.0,7.0,610.0,26.0,0.0,0.0,0.0
2020-12-19,643.0,7.0,610.0,26.0,0.0,0.0,0.0
2020-12-20,666.0,7.0,611.0,48.0,23.0,0.0,1.0
2020-12-21,666.0,7.0,611.0,48.0,0.0,0.0,0.0
2020-12-22,693.0,7.0,615.0,71.0,27.0,0.0,4.0
2020-12-23,693.0,7.0,615.0,71.0,0.0,0.0,0.0
2020-12-24,715.0,7.0,626.0,82.0,22.0,0.0,11.0
2020-12-25,715.0,7.0,626.0,82.0,0.0,0.0,0.0
2020-12-26,715.0,7.0,626.0,82.0,0.0,0.0,0.0
2020-12-27,715.0,7.0,626.0,82.0,0.0,0.0,0.0
2020-12-28,715.0,7.0,626.0,82.0,0.0,0.0,0.0
2020-12-29,765.0,9.0,700.0,56.0,50.0,2.0,74.0
2020-12-30,765.0,9.0,700.0,56.0,0.0,0.0,0.0
2020-12-31,823.0,10.0,705.0,108.0,58.0,1.0,5.0
2021-01-01,823.0,10.0,705.0,108.0,0.0,0.0,0.0
2021-01-02,864.0,13.0,732.0,119.0,41.0,3.0,27.0
2021-01-03,864.0,13.0,732.0,119.0,0.0,0.0,0.0
2021-01-04,864.0,13.0,732.0,119.0,0.0,0.0,0.0
2021-01-05,995.0,13.0,759.0,223.0,131.0,0.0,27.0
2021-01-06,995.0,13.0,759.0,223.0,0.0,0.0,0.0
2021-01-07,1050.0,16.0,802.0,232.0,55.0,3.0,43.0
2021-01-08,1050.0,16.0,802.0,232.0,0.0,0.0,0.0
2021-01-09,1150.0,18.0,860.0,272.0,100.0,2.0,58.0
2021-01-10,1150.0,18.0,860.0,272.0,0.0,0.0,0.0
2021-01-11,1160.0,18.0,876.0,266.0,10.0,0.0,16.0
2021-01-12,1166.0,30.0,889.0,247.0,6.0,12.0,13.0
2021-01-13,1169.0,33.0,949.0,187.0,3.0,3.0,60.0
2021-01-14,1403.0,38.0,1010.0,355.0,234.0,5.0,61.0
2021-01-15,1469.0,38.0,1028.0,403.0,66.0,0.0,18.0
2021-01-16,1577.0,41.0,1069.0,467.0,108.0,3.0,41.0
2021-01-17,1592.0,45.0,1075.0,472.0,15.0,4.0,6.0
2021-01-18,1769.0,49.0,1113.0,607.0,177.0,4.0,38.0
2021-01-19,1864.0,51.0,1144.0,669.0,95.0,2.0,31.0
2021-01-20,1933.0,54.0,1210.0,669.0,69.0,3.0,66.0
2021-01-21,1935.0,55.0,1210.0,670.0,2.0,1.0,0.0
2021-01-22,2160.0,63.0,1298.0,799.0,225.0,8.0,88.0
2021-01-23,2260.0,70.0,1315.0,875.0,100.0,7.0,17.0
2021-01-24,2268.0,71.0,1340.0,857.0,8.0,1.0,25.0
2021-01-25,2350.0,76.0,1424.0,850.0,82.0,5.0,84.0
2021-01-26,2425.0,77.0,1441.0,907.0,75.0,1.0,17.0
2021-01-27,2492.0,81.0,1496.0,915.0,67.0,4.0,55.0
2021-01-28,2598.0,85.0,1538.0,975.0,106.0,4.0,42.0
2021-01-29,2646.0,89.0,1637.0,920.0,48.0,4.0,99.0
2021-01-30,2718.0,90.0,1678.0,950.0,72.0,1.0,41.0
2021-01-31,2726.0,93.0,1731.0,902.0,8.0,3.0,53.0
2021-02-01,2811.0,98.0,1834.0,879.0,85.0,5.0,103.0
2021-02-02,2848.0,100.0,1932.0,816.0,37.0,2.0,98.0
2021-02-03,2892.0,104.0,2060.0,728.0,44.0,4.0,128.0
2021-02-04,2975.0,105.0,2152.0,718.0,83.0,1.0,92.0
2021-02-05,3001.0,105.0,2246.0,650.0,26.0,0.0,94.0
2021-02-06,3086.0,108.0,2334.0,644.0,85.0,3.0,88.0
