date,confirmed,deaths,recovered,active,new_confirmed,new_deaths,new_recovered
2020-02-25,1.0,0.0,0.0,1.0,,,
2020-02-26,3.0,0.0,0.0,3.0,2.0,0.0,0.0
2020-02-27,3.0,0.0,0.0,3.0,0.0,0.0,0.0
2020-02-28,5.0,0.0,0.0,5.0,2.0,0.0,0.0
2020-02-29,6.0,0.0,0.0,6.0,1.0,0.0,0.0
2020-03-01,7.0,0.0,0.0,7.0,1.0,0.0,0.0
2020-03-02,7.0,0.0,0.0,7.0,0.0,0.0,0.0
2020-03-03,9.0,0.0,0.0,9.0,2.0,0.0,0.0
2020-03-04,10.0,0.0,0.0,10.0,1.0,0.0,0.0
2020-03-05,10.0,0.0,0.0,10.0,0.0,0.0,0.0
2020-03-06,11.0,0.0,0.0,11.0,1.0,0.0,0.0
2020-03-07,12.0,0.0,0.0,12.0,1.0,0.0,0.0
2020-03-08,12.0,0.0,0.0,12.0,0.0,0.0,0.0
2020-03-09,12.0,0.0,0.0,12.0,0.0,0.0,0.0
2020-03-10,14.0,0.0,0.0,14.0,2.0,0.0,0.0
2020-03-11,19.0,0.0,0.0,19.0,5.0,0.0,0.0
2020-03-12,19.0,0.0,0.0,19.0,0.0,0.0,0.0
2020-03-13,32.0,0.0,1.0,31.0,13.0,0.0,1.0
2020-03-14,38.0,0.0,1.0,37.0,6.0,0.0,0.0
2020-03-15,49.0,0.0,1.0,48.0,11.0,0.0,0.0
2020-03-16,57.0,0.0,2.0,55.0,8.0,0.0,1.0
2020-03-17,65.0,0.0,4.0,61.0,8.0,0.0,2.0
2020-03-18,81.0,0.0,4.0,77.0,16.0,0.0,0.0
2020-03-19,105.0,1.0,5.0,99.0,24.0,1.0,1.0
2020-03-20,128.0,1.0,5.0,122.0,23.0,0.0,0.0
2020-03-21,206.0,1.0,5.0,200.0,78.0,0.0,0.0
2020-03-22,254.0,1.0,5.0,248.0,48.0,0.0,0.0
2020-03-23,315.0,1.0,5.0,309.0,61.0,0.0,0.0
2020-03-24,382.0,1.0,5.0,376.0,67.0,0.0,0.0
2020-03-25,442.0,1.0,22.0,419.0,60.0,0.0,17.0
2020-03-26,495.0,3.0,22.0,470.0,53.0,2.0,0.0
2020-03-27,586.0,3.0,37.0,546.0,91.0,0.0,15.0
2020-03-28,657.0,5.0,45.0,607.0,71.0,2.0,8.0
2020-03-29,713.0,6.0,52.0,655.0,56.0,1.0,7.0
2020-03-30,790.0,6.0,67.0,717.0,77.0,0.0,15.0
2020-03-31,867.0,6.0,67.0,794.0,77.0,0.0,0.0
2020-04-01,963.0,6.0,73.0,884.0,96.0,0.0,6.0
2020-04-02,1011.0,7.0,88.0,916.0,48.0,1.0,15.0
2020-04-03,1079.0,8.0,92.0,979.0,68.0,1.0,4.0
2020-04-04,1126.0,12.0,119.0,995.0,47.0,4.0,27.0
2020-04-05,1182.0,15.0,125.0,1042.0,56.0,3.0,6.0
2020-04-06,1222.0,16.0,130.0,1076.0,40.0,1.0,5.0
2020-04-07,1282.0,18.0,167.0,1097.0,60.0,2.0,37.0
2020-04-08,1343.0,19.0,179.0,1145.0,61.0,1.0,12.0
2020-04-09,1407.0,20.0,219.0,1168.0,64.0,1.0,40.0
2020-04-10,1495.0,21.0,231.0,1243.0,88.0,1.0,12.0
2020-04-11,1534.0,21.0,323.0,1190.0,39.0,0.0,92.0
2020-04-12,1600.0,23.0,373.0,1204.0,66.0,2.0,50.0
2020-04-13,1650.0,25.0,400.0,1225.0,50.0,2.0,27.0
2020-04-14,1704.0,31.0,415.0,1258.0,54.0,6.0,15.0
2020-04-15,1741.0,33.0,473.0,1235.0,37.0,2.0,58.0
2020-04-16,1791.0,35.0,529.0,1227.0,50.0,2.0,56.0
2020-04-17,1814.0,36.0,600.0,1178.0,23.0,1.0,71.0
2020-04-18,1832.0,39.0,615.0,1178.0,18.0,3.0,15.0
2020-04-19,1871.0,47.0,709.0,1115.0,39.0,8.0,94.0
2020-04-20,1881.0,47.0,771.0,1063.0,10.0,0.0,62.0
2020-04-21,1908.0,48.0,801.0,1059.0,27.0,1.0,30.0
2020-04-22,1950.0,48.0,869.0,1033.0,42.0,0.0,68.0
2020-04-23,1981.0,50.0,883.0,1048.0,31.0,2.0,14.0
2020-04-24,2009.0,51.0,982.0,976.0,28.0,1.0,99.0
2020-04-25,2016.0,54.0,1034.0,928.0,7.0,3.0,52.0
2020-04-26,2030.0,55.0,1103.0,872.0,14.0,1.0,69.0
2020-04-27,2039.0,59.0,1166.0,814.0,9.0,4.0,63.0
2020-04-28,2047.0,63.0,1232.0,752.0,8.0,4.0,66.0
2020-04-29,2062.0,67.0,1288.0,707.0,15.0,4.0,56.0
2020-04-30,2076.0,69.0,1348.0,659.0,14.0,2.0,60.0
2020-05-01,2085.0,75.0,1421.0,589.0,9.0,6.0,73.0
2020-05-02,2088.0,77.0,1463.0,548.0,3.0,2.0,42.0
2020-05-03,2096.0,79.0,1489.0,528.0,8.0,2.0,26.0
2020-05-04,2101.0,80.0,1522.0,499.0,5.0,1.0,33.0
2020-05-05,2112.0,83.0,1560.0,469.0,11.0,3.0,38.0
2020-05-06,2119.0,85.0,1601.0,433.0,7.0,2.0,41.0
2020-05-07,2125.0,86.0,1641.0,398.0,6.0,1.0,40.0
2020-05-08,2161.0,86.0,1689.0,386.0,36.0,0.0,48.0
2020-05-09,2176.0,87.0,1726.0,363.0,15.0,1.0,37.0
2020-05-10,2187.0,90.0,1764.0,333.0,11.0,3.0,38.0
2020-05-11,2196.0,91.0,1784.0,321.0,9.0,1.0,20.0
2020-05-12,2207.0,91.0,1808.0,308.0,11.0,0.0,24.0
2020-05-13,2213.0,94.0,1834.0,285.0,6.0,3.0,26.0
2020-05-14,2221.0,94.0,1850.0,277.0,8.0,0.0,16.0
2020-05-15,2222.0,95.0,1869.0,258.0,1.0,1.0,19.0
2020-05-16,2224.0,95.0,1913.0,216.0,2.0,0.0,44.0
2020-05-17,2226.0,95.0,1936.0,195.0,2.0,0.0,23.0
2020-05-18,2228.0,95.0,1946.0,187.0,2.0,0.0,10.0
2020-05-19,2232.0,96.0,1967.0,169.0,4.0,1.0,21.0
2020-05-20,2234.0,96.0,1978.0,160.0,2.0,0.0,11.0
2020-05-21,2237.0,97.0,1978.0,162.0,3.0,1.0,0.0
2020-05-22,2243.0,99.0,2011.0,133.0,6.0,2.0,33.0
2020-05-23,2243.0,99.0,2023.0,121.0,0.0,0.0,12.0
2020-05-24,2244.0,99.0,2027.0,118.0,1.0,0.0,4.0
2020-05-25,2244.0,100.0,2035.0,109.0,0.0,1.0,8.0
2020-05-26,2244.0,101.0,2046.0,97.0,0.0,1.0,11.0
2020-05-27,2244.0,101.0,2047.0,96.0,0.0,0.0,1.0
2020-05-28,2245.0,102.0,2051.0,92.0,1.0,1.0,4.0
2020-05-29,2245.0,103.0,2059.0,83.0,0.0,1.0,8.0
2020-05-30,2246.0,103.0,2063.0,80.0,1.0,0.0,4.0
2020-05-31,2246.0,103.0,2072.0,71.0,0.0,0.0,9.0
2020-06-01,2246.0,103.0,2077.0,66.0,0.0,0.0,5.0
2020-06-02,2246.0,103.0,2088.0,55.0,0.0,0.0,11.0
2020-06-03,2246.0,103.0,2095.0,48.0,0.0,0.0,7.0
2020-06-04,2247.0,103.0,2105.0,39.0,1.0,0.0,10.0
2020-06-05,2247.0,103.0,2113.0,31.0,0.0,0.0,8.0
2020-06-06,2247.0,104.0,2121.0,22.0,0.0,1.0,8.0
2020-06-07,2247.0,104.0,2126.0,17.0,0.0,0.0,5.0
2020-06-08,2247.0,104.0,2128.0,15.0,0.0,0.0,2.0
2020-06-09,2247.0,106.0,2130.0,11.0,0.0,2.0,2.0
2020-06-10,2249.0,106.0,2130.0,13.0,2.0,0.0,0.0
2020-06-11,2249.0,106.0,2132.0,11.0,0.0,0.0,2.0
2020-06-12,2249.0,107.0,2133.0,9.0,0.0,1.0,1.0
2020-06-13,2251.0,107.0,2134.0,10.0,2.0,0.0,1.0
2020-06-14,2252.0,107.0,2134.0,11.0,1.0,0.0,0.0
2020-06-15,2254.0,107.0,2140.0,7.0,2.0,0.0,6.0
2020-06-16,2255.0,107.0,2140.0,8.0,1.0,0.0,0.0
2020-06-17,2258.0,107.0,2141.0,10.0,3.0,0.0,1.0
2020-06-18,2269.0,107.0,2142.0,20.0,11.0,0.0,1.0
2020-06-19,2280.0,107.0,2142.0,31.0,11.0,0.0,0.0
2020-06-20,2299.0,107.0,2142.0,50.0,19.0,0.0,0.0
2020-06-21,2317.0,107.0,2142.0,68.0,18.0,0.0,0.0
2020-06-22,2336.0,107.0,2142.0,87.0,19.0,0.0,0.0
2020-06-23,2366.0,107.0,2142.0,117.0,30.0,0.0,0.0
2020-06-24,2388.0,107.0,2145.0,136.0,22.0,0.0,3.0
2020-06-25,2483.0,107.0,2149.0,227.0,95.0,0.0,4.0
2020-06-26,2539.0,107.0,2150.0,282.0,56.0,0.0,1.0
2020-06-27,2624.0,107.0,2152.0,365.0,85.0,0.0,2.0
2020-06-28,2691.0,107.0,2152.0,432.0,67.0,0.0,0.0
2020-06-29,2725.0,107.0,2155.0,463.0,34.0,0.0,3.0
2020-06-30,2777.0,107.0,2155.0,515.0,52.0,0.0,0.0
2020-07-01,2831.0,108.0,2155.0,568.0,54.0,1.0,0.0
2020-07-02,2912.0,110.0,2155.0,647.0,81.0,2.0,0.0
2020-07-03,3008.0,112.0,2168.0,728.0,96.0,2.0,13.0
2020-07-04,3094.0,113.0,2183.0,798.0,86.0,1.0,15.0
2020-07-05,3151.0,113.0,2196.0,842.0,57.0,0.0,13.0
2020-07-06,3220.0,113.0,2210.0,897.0,69.0,0.0,14.0
2020-07-07,3272.0,113.0,2229.0,930.0,52.0,0.0,19.0
2020-07-08,3325.0,114.0,2277.0,934.0,53.0,1.0,48.0
2020-07-09,3416.0,115.0,2323.0,978.0,91.0,1.0,46.0
2020-07-10,3532.0,117.0,2377.0,1038.0,116.0,2.0,54.0
2020-07-11,3672.0,118.0,2466.0,1088.0,140.0,1.0,89.0
2020-07-12,3722.0,119.0,2486.0,1117.0,50.0,1.0,20.0
2020-07-13,3775.0,119.0,2514.0,1142.0,53.0,0.0,28.0
2020-07-14,3827.0,120.0,2558.0,1149.0,52.0,1.0,44.0
2020-07-15,3953.0,120.0,2629.0,1204.0,126.0,0.0,71.0
2020-07-16,4039.0,120.0,2729.0,1190.0,86.0,0.0,100.0
2020-07-17,4137.0,120.0,2825.0,1192.0,98.0,0.0,96.0
2020-07-18,4253.0,120.0,2929.0,1204.0,116.0,0.0,104.0
2020-07-19,4345.0,120.0,3018.0,1207.0,92.0,0.0,89.0
2020-07-20,4370.0,122.0,3101.0,1147.0,25.0,2.0,83.0
2020-07-21,4422.0,123.0,3183.0,1116.0,52.0,1.0,82.0
2020-07-22,4530.0,125.0,3278.0,1127.0,108.0,2.0,95.0
2020-07-23,4634.0,128.0,3394.0,1112.0,104.0,3.0,116.0
2020-07-24,4715.0,128.0,3555.0,1032.0,81.0,0.0,161.0
2020-07-25,4792.0,133.0,3778.0,881.0,77.0,5.0,223.0
2020-07-26,4857.0,136.0,3866.0,855.0,65.0,3.0,88.0
2020-07-27,4881.0,139.0,3936.0,806.0,24.0,3.0,70.0
2020-07-28,4923.0,140.0,4034.0,749.0,42.0,1.0,98.0
2020-07-29,4993.0,141.0,4099.0,753.0,70.0,1.0,65.0
2020-07-30,5071.0,144.0,4178.0,749.0,78.0,3.0,79.0
2020-07-31,5139.0,145.0,4267.0,727.0,68.0,1.0,89.0
2020-08-01,5224.0,145.0,4341.0,738.0,85.0,0.0,74.0
2020-08-02,5260.0,149.0,4373.0,738.0,36.0,4.0,32.0
2020-08-03,5294.0,153.0,4438.0,703.0,34.0,4.0,65.0
2020-08-04,5318.0,154.0,4517.0,647.0,24.0,1.0,79.0
2020-08-05,5376.0,154.0,4589.0,633.0,58.0,0.0,72.0
2020-08-06,5404.0,155.0,4688.0,561.0,28.0,1.0,99.0
2020-08-07,5466.0,155.0,4758.0,553.0,62.0,0.0,70.0
2020-08-08,5543.0,157.0,4817.0,569.0,77.0,2.0,59.0
2020-08-09,5604.0,157.0,4861.0,586.0,61.0,0.0,44.0
2020-08-10,5649.0,158.0,4906.0,585.0,45.0,1.0,45.0
2020-08-11,5740.0,160.0,4962.0,618.0,91.0,2.0,56.0
2020-08-12,5870.0,160.0,5024.0,686.0,130.0,0.0,62.0
2020-08-13,6050.0,161.0,5078.0,811.0,180.0,1.0,54.0
2020-08-14,6258.0,163.0,5134.0,961.0,208.0,2.0,56.0
2020-08-15,6420.0,165.0,5193.0,1062.0,162.0,2.0,59.0
2020-08-16,6571.0,166.0,5220.0,1185.0,151.0,1.0,27.0
2020-08-17,6656.0,166.0,5254.0,1236.0,85.0,0.0,34.0
2020-08-18,6855.0,166.0,5318.0,1371.0,199.0,0.0,64.0
2020-08-19,7074.0,168.0,5386.0,1520.0,219.0,2.0,68.0
2020-08-20,7329.0,168.0,5472.0,1689.0,255.0,0.0,86.0
2020-08-21,7594.0,169.0,5584.0,1841.0,265.0,1.0,112.0
2020-08-22,7900.0,170.0,5678.0,2052.0,306.0,1.0,94.0
2020-08-23,8175.0,171.0,5801.0,2203.0,275.0,1.0,123.0
2020-08-24,8311.0,173.0,5926.0,2212.0,136.0,2.0,125.0
2020-08-25,8530.0,175.0,6124.0,2231.0,219.0,2.0,198.0
2020-08-26,8888.0,175.0,6362.0,2351.0,358.0,0.0,238.0
2020-08-27,9192.0,177.0,6595.0,2420.0,304.0,2.0,233.0
2020-08-28,9549.0,180.0,6809.0,2560.0,357.0,3.0,214.0
2020-08-29,9861.0,183.0,7024.0,2654.0,312.0,3.0,215.0
2020-08-30,10123.0,184.0,7212.0,2727.0,262.0,1.0,188.0
2020-08-31,10269.0,186.0,7434.0,2649.0,146.0,2.0,222.0
2020-09-01,10414.0,187.0,7735.0,2492.0,145.0,1.0,301.0
2020-09-02,10725.0,191.0,7968.0,2566.0,311.0,4.0,233.0
2020-09-03,11094.0,194.0,8266.0,2634.0,369.0,3.0,298.0
2020-09-04,11428.0,195.0,8530.0,2703.0,334.0,1.0,264.0
2020-09-05,11739.0,197.0,8771.0,2771.0,311.0,2.0,241.0
2020-09-06,11964.0,198.0,9008.0,2758.0,225.0,1.0,237.0
2020-09-07,12081.0,201.0,9266.0,2614.0,117.0,3.0,258.0
2020-09-08,12285.0,203.0,9553.0,2529.0,204.0,2.0,287.0
2020-09-09,12626.0,206.0,9833.0,2587.0,341.0,3.0,280.0
2020-09-10,12917.0,208.0,10142.0,2567.0,291.0,2.0,309.0
2020-09-11,13107.0,211.0,10466.0,2430.0,190.0,3.0,324.0
2020-09-12,13368.0,218.0,10721.0,2429.0,261.0,7.0,255.0
2020-09-13,13533.0,224.0,10899.0,2410.0,165.0,6.0,178.0
2020-09-14,13598.0,227.0,11151.0,2220.0,65.0,3.0,252.0
2020-09-15,13749.0,230.0,11412.0,2107.0,151.0,3.0,261.0
2020-09-16,14029.0,236.0,11690.0,2103.0,280.0,6.0,278.0
2020-09-17,14279.0,238.0,11933.0,2108.0,250.0,2.0,243.0
2020-09-18,14513.0,244.0,12169.0,2100.0,234.0,6.0,236.0
2020-09-19,14725.0,244.0,12353.0,2128.0,212.0,0.0,184.0
2020-09-20,14922.0,248.0,12536.0,2138.0,197.0,4.0,183.0
2020-09-21,14992.0,253.0,12737.0,2002.0,70.0,5.0,201.0
2020-09-22,15136.0,255.0,12987.0,1894.0,144.0,2.0,250.0
2020-09-23,15340.0,257.0,13815.0,1268.0,204.0,2.0,828.0
2020-09-24,15572.0,261.0,14111.0,1200.0,232.0,4.0,296.0
2020-09-25,15795.0,266.0,14303.0,1226.0,223.0,5.0,192.0
2020-09-26,16007.0,269.0,14405.0,1333.0,212.0,3.0,102.0
2020-09-27,16197.0,272.0,14609.0,1316.0,190.0,3.0,204.0
2020-09-28,16245.0,272.0,14793.0,1180.0,48.0,0.0,184.0
2020-09-29,16380.0,275.0,14947.0,1158.0,135.0,3.0,154.0
