date,confirmed,deaths,recovered,active,new_confirmed,new_deaths,new_recovered
2020-03-12,3.0,0.0,0.0,3.0,,,
2020-03-13,4.0,0.0,0.0,4.0,1.0,0.0,0.0
2020-03-14,4.0,0.0,0.0,4.0,0.0,0.0,0.0
2020-03-15,4.0,0.0,0.0,4.0,0.0,0.0,0.0
2020-03-16,4.0,0.0,0.0,4.0,0.0,0.0,0.0
2020-03-17,5.0,0.0,0.0,5.0,1.0,0.0,0.0
2020-03-18,7.0,1.0,0.0,6.0,2.0,1.0,0.0
2020-03-19,11.0,1.0,0.0,10.0,4.0,0.0,0.0
2020-03-20,16.0,1.0,0.0,15.0,5.0,0.0,0.0
2020-03-21,21.0,1.0,0.0,20.0,5.0,0.0,0.0
2020-03-22,35.0,1.0,0.0,34.0,14.0,0.0,0.0
2020-03-23,40.0,1.0,0.0,39.0,5.0,0.0,0.0
2020-03-24,48.0,1.0,1.0,46.0,8.0,0.0,1.0
2020-03-25,57.0,1.0,1.0,55.0,9.0,0.0,0.0
2020-03-26,67.0,2.0,1.0,64.0,10.0,1.0,0.0
2020-03-27,80.0,2.0,4.0,74.0,13.0,0.0,3.0
2020-03-28,119.0,3.0,4.0,112.0,39.0,1.0,0.0
2020-03-29,139.0,3.0,4.0,132.0,20.0,0.0,0.0
2020-03-30,170.0,4.0,4.0,162.0,31.0,1.0,0.0
2020-03-31,186.0,6.0,8.0,172.0,16.0,2.0,4.0
2020-04-01,212.0,6.0,12.0,194.0,26.0,0.0,4.0
2020-04-02,233.0,6.0,13.0,214.0,21.0,0.0,1.0
2020-04-03,269.0,6.0,15.0,248.0,36.0,0.0,2.0
2020-04-04,288.0,6.0,15.0,267.0,19.0,0.0,0.0
2020-04-05,320.0,8.0,15.0,297.0,32.0,2.0,0.0
2020-04-06,350.0,9.0,18.0,323.0,30.0,1.0,3.0
2020-04-07,396.0,11.0,27.0,358.0,46.0,2.0,9.0
2020-04-08,457.0,12.0,27.0,418.0,61.0,1.0,0.0
2020-04-09,515.0,15.0,28.0,472.0,58.0,3.0,1.0
2020-04-10,564.0,15.0,51.0,498.0,49.0,0.0,23.0
2020-04-11,620.0,16.0,77.0,527.0,56.0,1.0,26.0
2020-04-12,669.0,18.0,92.0,559.0,49.0,2.0,15.0
2020-04-13,726.0,21.0,121.0,584.0,57.0,3.0,29.0
2020-04-14,766.0,21.0,132.0,613.0,40.0,0.0,11.0
2020-04-15,814.0,24.0,151.0,639.0,48.0,3.0,19.0
2020-04-16,862.0,27.0,171.0,664.0,48.0,3.0,20.0
2020-04-17,923.0,31.0,192.0,700.0,61.0,4.0,21.0
2020-04-18,986.0,32.0,227.0,727.0,63.0,1.0,35.0
2020-04-19,1035.0,34.0,255.0,746.0,49.0,2.0,28.0
2020-04-20,1087.0,36.0,285.0,766.0,52.0,2.0,30.0
2020-04-21,1137.0,38.0,309.0,790.0,50.0,2.0,24.0
2020-04-22,1189.0,40.0,341.0,808.0,52.0,2.0,32.0
2020-04-23,1235.0,43.0,365.0,827.0,46.0,3.0,24.0
2020-04-24,1285.0,49.0,416.0,820.0,50.0,6.0,51.0
2020-04-25,1337.0,51.0,437.0,849.0,52.0,2.0,21.0
2020-04-26,1369.0,54.0,501.0,814.0,32.0,3.0,64.0
2020-04-27,1389.0,56.0,525.0,808.0,20.0,2.0,24.0
2020-04-28,1437.0,58.0,575.0,804.0,48.0,2.0,50.0
2020-04-29,1467.0,58.0,617.0,792.0,30.0,0.0,42.0
2020-04-30,1501.0,61.0,681.0,759.0,34.0,3.0,64.0
2020-05-01,1537.0,64.0,714.0,759.0,36.0,3.0,33.0
2020-05-02,1611.0,66.0,765.0,780.0,74.0,2.0,51.0
2020-05-03,1649.0,67.0,827.0,755.0,38.0,1.0,62.0
2020-05-04,1668.0,69.0,876.0,723.0,19.0,2.0,49.0
2020-05-05,1685.0,69.0,954.0,662.0,17.0,0.0,78.0
2020-05-06,1703.0,69.0,1001.0,633.0,18.0,0.0,47.0
2020-05-07,1729.0,73.0,1031.0,625.0,26.0,4.0,30.0
2020-05-08,1741.0,74.0,1078.0,589.0,12.0,1.0,47.0
2020-05-09,1754.0,74.0,1140.0,540.0,13.0,0.0,62.0
2020-05-10,1766.0,77.0,1193.0,496.0,12.0,3.0,53.0
2020-05-11,1783.0,77.0,1229.0,477.0,17.0,0.0,36.0
2020-05-12,1804.0,78.0,1277.0,449.0,21.0,1.0,48.0
2020-05-13,1810.0,79.0,1326.0,405.0,6.0,1.0,49.0
2020-05-14,1830.0,79.0,1383.0,368.0,20.0,0.0,57.0
2020-05-15,1840.0,79.0,1425.0,336.0,10.0,0.0,42.0
2020-05-16,1862.0,79.0,1460.0,323.0,22.0,0.0,35.0
2020-05-17,1872.0,79.0,1495.0,298.0,10.0,0.0,35.0
2020-05-18,1881.0,79.0,1505.0,297.0,9.0,0.0,10.0
2020-05-19,1887.0,79.0,1538.0,270.0,6.0,0.0,33.0
2020-05-20,1900.0,79.0,1573.0,248.0,13.0,0.0,35.0
2020-05-21,1908.0,80.0,1603.0,225.0,8.0,1.0,30.0
2020-05-22,1916.0,81.0,1631.0,204.0,8.0,1.0,28.0
2020-05-23,1931.0,81.0,1671.0,179.0,15.0,0.0,40.0
2020-05-24,1941.0,82.0,1689.0,170.0,10.0,1.0,18.0
2020-05-25,1947.0,82.0,1704.0,161.0,6.0,0.0,15.0
2020-05-26,1963.0,82.0,1709.0,172.0,16.0,0.0,5.0
2020-05-27,1974.0,82.0,1724.0,168.0,11.0,0.0,15.0
2020-05-28,1983.0,82.0,1734.0,167.0,9.0,0.0,10.0
2020-05-29,2005.0,82.0,1760.0,163.0,22.0,0.0,26.0
2020-05-30,2025.0,83.0,1795.0,147.0,20.0,1.0,35.0
2020-05-31,2045.0,83.0,1809.0,153.0,20.0,0.0,14.0
2020-06-01,2083.0,83.0,1826.0,174.0,38.0,0.0,17.0
2020-06-02,2092.0,83.0,1827.0,182.0,9.0,0.0,1.0
2020-06-03,2107.0,83.0,1830.0,194.0,15.0,0.0,3.0
2020-06-04,2119.0,83.0,1839.0,197.0,12.0,0.0,9.0
2020-06-05,2133.0,83.0,1848.0,202.0,14.0,0.0,9.0
2020-06-06,2173.0,83.0,1855.0,235.0,40.0,0.0,7.0
2020-06-07,2191.0,83.0,1862.0,246.0,18.0,0.0,7.0
2020-06-08,2200.0,83.0,1868.0,249.0,9.0,0.0,6.0
2020-06-09,2205.0,83.0,1880.0,242.0,5.0,0.0,12.0
2020-06-10,2211.0,83.0,1886.0,242.0,6.0,0.0,6.0
2020-06-11,2219.0,84.0,1893.0,242.0,8.0,1.0,7.0
2020-06-12,2233.0,84.0,1902.0,247.0,14.0,0.0,9.0
2020-06-13,2238.0,84.0,1923.0,231.0,5.0,0.0,21.0
2020-06-14,2248.0,84.0,1948.0,216.0,10.0,0.0,25.0
2020-06-15,2262.0,84.0,1965.0,213.0,14.0,0.0,17.0
2020-06-16,2273.0,84.0,1994.0,195.0,11.0,0.0,29.0
2020-06-17,2280.0,84.0,1999.0,197.0,7.0,0.0,5.0
2020-06-18,2295.0,85.0,2020.0,190.0,15.0,1.0,21.0
2020-06-19,2305.0,85.0,2037.0,183.0,10.0,0.0,17.0
2020-06-20,2309.0,85.0,2071.0,153.0,4.0,0.0,34.0
2020-06-21,2312.0,85.0,2103.0,124.0,3.0,0.0,32.0
2020-06-22,2315.0,85.0,2113.0,117.0,3.0,0.0,10.0
2020-06-23,2318.0,85.0,2123.0,110.0,3.0,0.0,10.0
2020-06-24,2319.0,85.0,2130.0,104.0,1.0,0.0,7.0
2020-06-25,2321.0,85.0,2171.0,65.0,2.0,0.0,41.0
2020-06-26,2325.0,85.0,2180.0,60.0,4.0,0.0,9.0
2020-06-27,2330.0,86.0,2187.0,57.0,5.0,1.0,7.0
2020-06-28,2332.0,86.0,2201.0,45.0,2.0,0.0,14.0
2020-06-29,2340.0,86.0,2211.0,43.0,8.0,0.0,10.0
2020-06-30,2341.0,86.0,2214.0,41.0,1.0,0.0,3.0
2020-07-01,2348.0,86.0,2218.0,44.0,7.0,0.0,4.0
2020-07-02,2353.0,86.0,2221.0,46.0,5.0,0.0,3.0
2020-07-03,2361.0,86.0,2224.0,51.0,8.0,0.0,3.0
2020-07-04,2369.0,86.0,2227.0,56.0,8.0,0.0,3.0
2020-07-05,2372.0,86.0,2229.0,57.0,3.0,0.0,2.0
2020-07-06,2380.0,86.0,2234.0,60.0,8.0,0.0,5.0
2020-07-07,2395.0,86.0,2240.0,69.0,15.0,0.0,6.0
2020-07-08,2399.0,86.0,2242.0,71.0,4.0,0.0,2.0
2020-07-09,2403.0,86.0,2244.0,73.0,4.0,0.0,2.0
2020-07-10,2413.0,86.0,2249.0,78.0,10.0,0.0,5.0
2020-07-11,2420.0,87.0,2254.0,79.0,7.0,1.0,5.0
2020-07-12,2426.0,87.0,2258.0,81.0,6.0,0.0,4.0
2020-07-13,2428.0,87.0,2268.0,73.0,2.0,0.0,10.0
2020-07-14,2432.0,87.0,2275.0,70.0,4.0,0.0,7.0
2020-07-15,2438.0,87.0,2277.0,74.0,6.0,0.0,2.0
2020-07-16,2440.0,87.0,2285.0,68.0,2.0,0.0,8.0
2020-07-17,2444.0,87.0,2300.0,57.0,4.0,0.0,15.0
2020-07-18,2445.0,87.0,2304.0,54.0,1.0,0.0,4.0
2020-07-19,2446.0,87.0,2308.0,51.0,1.0,0.0,4.0
2020-07-20,2446.0,87.0,2308.0,51.0,0.0,0.0,0.0
2020-07-21,2449.0,87.0,2321.0,41.0,3.0,0.0,13.0
2020-07-22,2462.0,87.0,2326.0,49.0,13.0,0.0,5.0
2020-07-23,2466.0,87.0,2339.0,40.0,4.0,0.0,13.0
2020-07-24,2469.0,87.0,2341.0,41.0,3.0,0.0,2.0
2020-07-25,2478.0,87.0,2345.0,46.0,9.0,0.0,4.0
2020-07-26,2495.0,87.0,2349.0,59.0,17.0,0.0,4.0
2020-07-27,2532.0,87.0,2351.0,94.0,37.0,0.0,2.0
2020-07-28,2555.0,87.0,2352.0,116.0,23.0,0.0,1.0
2020-07-29,2588.0,87.0,2353.0,148.0,33.0,0.0,1.0
2020-07-30,2597.0,87.0,2355.0,155.0,9.0,0.0,2.0
2020-07-31,2608.0,87.0,2355.0,166.0,11.0,0.0,0.0
2020-08-01,2633.0,87.0,2367.0,179.0,25.0,0.0,12.0
2020-08-02,2646.0,87.0,2369.0,190.0,13.0,0.0,2.0
2020-08-03,2670.0,87.0,2373.0,210.0,24.0,0.0,4.0
2020-08-04,2701.0,88.0,2382.0,231.0,31.0,1.0,9.0
2020-08-05,2726.0,88.0,2396.0,242.0,25.0,0.0,14.0
2020-08-06,2775.0,88.0,2409.0,278.0,49.0,0.0,13.0
2020-08-07,2829.0,88.0,2429.0,312.0,54.0,0.0,20.0
2020-08-08,2888.0,88.0,2442.0,358.0,59.0,0.0,13.0
2020-08-09,2953.0,88.0,2451.0,414.0,65.0,0.0,9.0
2020-08-10,3046.0,88.0,2460.0,498.0,93.0,0.0,9.0
2020-08-11,3093.0,88.0,2472.0,533.0,47.0,0.0,12.0
2020-08-12,3128.0,88.0,2504.0,536.0,35.0,0.0,32.0
2020-08-13,3174.0,89.0,2525.0,560.0,46.0,1.0,21.0
2020-08-14,3229.0,88.0,2547.0,594.0,55.0,-1.0,22.0
2020-08-15,3292.0,88.0,2568.0,636.0,63.0,0.0,21.0
2020-08-16,3316.0,88.0,2620.0,608.0,24.0,0.0,52.0
2020-08-17,3364.0,88.0,2692.0,584.0,48.0,0.0,72.0
2020-08-18,3408.0,88.0,2794.0,526.0,44.0,0.0,102.0
2020-08-19,3482.0,88.0,2863.0,531.0,74.0,0.0,69.0
2020-08-20,3565.0,88.0,2894.0,583.0,83.0,0.0,31.0
2020-08-21,3582.0,89.0,2951.0,542.0,17.0,1.0,57.0
2020-08-22,3617.0,89.0,3006.0,522.0,35.0,0.0,55.0
2020-08-23,3682.0,91.0,3044.0,547.0,65.0,2.0,38.0
2020-08-24,3717.0,91.0,3079.0,547.0,35.0,0.0,35.0
2020-08-25,3744.0,91.0,3102.0,551.0,27.0,0.0,23.0
2020-08-26,3759.0,92.0,3159.0,508.0,15.0,1.0,57.0
2020-08-27,3806.0,92.0,3195.0,519.0,47.0,0.0,36.0
2020-08-28,3866.0,92.0,3222.0,552.0,60.0,0.0,27.0
2020-08-29,3925.0,94.0,3273.0,558.0,59.0,2.0,51.0
2020-08-30,3973.0,94.0,3327.0,552.0,48.0,0.0,54.0
2020-08-31,4032.0,94.0,3378.0,560.0,59.0,0.0,51.0
2020-09-01,4065.0,95.0,3395.0,575.0,33.0,1.0,17.0
2020-09-02,4126.0,98.0,3458.0,570.0,61.0,3.0,63.0
2020-09-03,4214.0,100.0,3474.0,640.0,88.0,2.0,16.0
2020-09-04,4266.0,100.0,3487.0,679.0,52.0,0.0,13.0
2020-09-05,4298.0,100.0,3570.0,628.0,32.0,0.0,83.0
2020-09-06,4309.0,101.0,3590.0,618.0,11.0,1.0,20.0
2020-09-07,4352.0,102.0,3642.0,608.0,43.0,1.0,52.0
2020-09-08,4377.0,104.0,3700.0,573.0,25.0,2.0,58.0
2020-09-09,4459.0,104.0,3727.0,628.0,82.0,0.0,27.0
2020-09-10,4551.0,106.0,3779.0,666.0,92.0,2.0,52.0
2020-09-11,4593.0,106.0,3844.0,643.0,42.0,0.0,65.0
2020-09-12,4653.0,108.0,3878.0,667.0,60.0,2.0,34.0
2020-09-13,4684.0,108.0,3930.0,646.0,31.0,0.0,52.0
2020-09-14,4726.0,108.0,4040.0,578.0,42.0,0.0,110.0
2020-09-15,4803.0,108.0,4119.0,576.0,77.0,0.0,79.0
2020-09-16,4876.0,109.0,4131.0,636.0,73.0,1.0,12.0
2020-09-17,4933.0,109.0,4230.0,594.0,57.0,0.0,99.0
2020-09-18,5004.0,111.0,4249.0,644.0,71.0,2.0,19.0
2020-09-19,5055.0,113.0,4284.0,658.0,51.0,2.0,35.0
2020-09-20,5091.0,115.0,4412.0,564.0,36.0,2.0,128.0
2020-09-21,5141.0,116.0,4462.0,563.0,50.0,1.0,50.0
2020-09-22,5222.0,117.0,4506.0,599.0,81.0,1.0,44.0
2020-09-23,5270.0,118.0,4582.0,570.0,48.0,1.0,76.0
2020-09-24,5310.0,118.0,4613.0,579.0,40.0,0.0,31.0
2020-09-25,5350.0,118.0,4658.0,574.0,40.0,0.0,45.0
2020-09-26,5412.0,120.0,4732.0,560.0,62.0,2.0,74.0
2020-09-27,5457.0,122.0,4751.0,584.0,45.0,2.0,19.0
2020-09-28,5483.0,122.0,4787.0,574.0,26.0,0.0,36.0
2020-09-29,5531.0,122.0,4866.0,543.0,48.0,0.0,79.0
2020-09-30,5597.0,122.0,4893.0,582.0,66.0,0.0,27.0
2020-10-01,5670.0,122.0,4922.0,626.0,73.0,0.0,29.0
2020-10-02,5718.0,122.0,4922.0,674.0,48.0,0.0,0.0
2020-10-03,5780.0,122.0,5118.0,540.0,62.0,0.0,196.0
2020-10-04,5809.0,122.0,5145.0,542.0,29.0,0.0,27.0
2020-10-05,5845.0,123.0,5232.0,490.0,36.0,1.0,87.0
2020-10-06,5883.0,123.0,5278.0,482.0,38.0,0.0,46.0
2020-10-07,5898.0,123.0,5321.0,454.0,15.0,0.0,43.0
2020-10-08,5917.0,123.0,5371.0,423.0,19.0,0.0,50.0
2020-10-09,5943.0,123.0,5398.0,422.0,26.0,0.0,27.0
2020-10-10,5948.0,123.0,5440.0,385.0,5.0,0.0,42.0
2020-10-11,5978.0,123.0,5540.0,315.0,30.0,0.0,100.0
2020-10-12,6000.0,123.0,5574.0,303.0,22.0,0.0,34.0
2020-10-13,6017.0,123.0,5602.0,292.0,17.0,0.0,28.0
2020-10-14,6035.0,123.0,5653.0,259.0,18.0,0.0,51.0
2020-10-15,6062.0,123.0,5678.0,261.0,27.0,0.0,25.0
2020-10-16,6118.0,124.0,5702.0,292.0,56.0,1.0,24.0
2020-10-17,6170.0,125.0,5753.0,292.0,52.0,1.0,51.0
2020-10-18,6220.0,125.0,5768.0,327.0,50.0,0.0,15.0
2020-10-19,6258.0,127.0,5780.0,351.0,38.0,2.0,12.0
2020-10-20,6305.0,127.0,5806.0,372.0,47.0,0.0,26.0
2020-10-21,6368.0,127.0,5814.0,427.0,63.0,0.0,8.0
2020-10-22,6421.0,128.0,5871.0,422.0,53.0,1.0,57.0
2020-10-23,6479.0,128.0,5899.0,452.0,58.0,0.0,28.0
2020-10-24,6534.0,128.0,5927.0,479.0,55.0,0.0,28.0
2020-10-25,6566.0,128.0,5998.0,440.0,32.0,0.0,71.0
2020-10-26,6595.0,128.0,6029.0,438.0,29.0,0.0,31.0
2020-10-27,6678.0,128.0,6051.0,499.0,83.0,0.0,22.0
2020-10-28,6727.0,128.0,6107.0,492.0,49.0,0.0,56.0
