date,confirmed,deaths,recovered,active,new_confirmed,new_deaths,new_recovered
2020-03-09,2.0,0.0,0.0,2.0,,,
2020-03-10,3.0,0.0,0.0,3.0,1.0,0.0,0.0
2020-03-11,6.0,0.0,0.0,6.0,3.0,0.0,0.0
2020-03-12,6.0,0.0,0.0,6.0,0.0,0.0,0.0
2020-03-13,14.0,0.0,0.0,14.0,8.0,0.0,0.0
2020-03-14,26.0,0.0,0.0,26.0,12.0,0.0,0.0
2020-03-15,26.0,0.0,0.0,26.0,0.0,0.0,0.0
2020-03-16,33.0,0.0,0.0,33.0,7.0,0.0,0.0
2020-03-17,46.0,0.0,0.0,46.0,13.0,0.0,0.0
2020-03-18,49.0,0.0,0.0,49.0,3.0,0.0,0.0
2020-03-19,67.0,0.0,0.0,67.0,18.0,0.0,0.0
2020-03-20,67.0,0.0,0.0,67.0,0.0,0.0,0.0
2020-03-21,84.0,0.0,0.0,84.0,17.0,0.0,0.0
2020-03-22,95.0,1.0,3.0,91.0,11.0,1.0,3.0
2020-03-23,116.0,1.0,3.0,112.0,21.0,0.0,0.0
2020-03-24,124.0,3.0,3.0,118.0,8.0,2.0,0.0
2020-03-25,132.0,3.0,3.0,126.0,8.0,0.0,0.0
2020-03-26,146.0,3.0,4.0,139.0,14.0,0.0,1.0
2020-03-27,162.0,5.0,15.0,142.0,16.0,2.0,11.0
2020-03-28,179.0,5.0,15.0,159.0,17.0,0.0,0.0
2020-03-29,214.0,5.0,15.0,194.0,35.0,0.0,0.0
2020-03-30,230.0,7.0,22.0,201.0,16.0,2.0,7.0
2020-03-31,262.0,8.0,23.0,231.0,32.0,1.0,1.0
2020-04-01,320.0,9.0,28.0,283.0,58.0,1.0,5.0
2020-04-02,356.0,10.0,28.0,318.0,36.0,1.0,0.0
2020-04-03,396.0,11.0,28.0,357.0,40.0,1.0,0.0
2020-04-04,426.0,11.0,33.0,382.0,30.0,0.0,5.0
2020-04-05,446.0,9.0,37.0,400.0,20.0,-2.0,4.0
2020-04-06,465.0,9.0,45.0,411.0,19.0,0.0,8.0
2020-04-07,494.0,9.0,47.0,438.0,29.0,0.0,2.0
2020-04-08,526.0,9.0,52.0,465.0,32.0,0.0,5.0
2020-04-09,564.0,10.0,53.0,501.0,38.0,1.0,1.0
2020-04-10,595.0,10.0,58.0,527.0,31.0,0.0,5.0
2020-04-11,616.0,10.0,61.0,545.0,21.0,0.0,3.0
2020-04-12,633.0,11.0,65.0,557.0,17.0,1.0,4.0
2020-04-13,662.0,12.0,65.0,585.0,29.0,1.0,0.0
2020-04-14,695.0,12.0,65.0,618.0,33.0,0.0,0.0
2020-04-15,715.0,12.0,65.0,638.0,20.0,0.0,0.0
2020-04-16,735.0,12.0,77.0,646.0,20.0,0.0,12.0
2020-04-17,750.0,12.0,77.0,661.0,15.0,0.0,0.0
2020-04-18,761.0,12.0,79.0,670.0,11.0,0.0,2.0
2020-04-19,767.0,12.0,81.0,674.0,6.0,0.0,2.0
2020-04-20,772.0,12.0,81.0,679.0,5.0,0.0,0.0
2020-04-21,784.0,12.0,98.0,674.0,12.0,0.0,17.0
2020-04-22,790.0,13.0,98.0,679.0,6.0,1.0,0.0
2020-04-23,795.0,13.0,98.0,684.0,5.0,0.0,0.0
2020-04-24,804.0,14.0,98.0,692.0,9.0,1.0,0.0
2020-04-25,810.0,14.0,148.0,648.0,6.0,0.0,50.0
2020-04-26,817.0,14.0,148.0,655.0,7.0,0.0,0.0
2020-04-27,822.0,15.0,148.0,659.0,5.0,1.0,0.0
2020-04-28,837.0,15.0,148.0,674.0,15.0,0.0,0.0
2020-04-29,843.0,15.0,148.0,680.0,6.0,0.0,0.0
2020-04-30,850.0,15.0,296.0,539.0,7.0,0.0,148.0
2020-05-01,857.0,15.0,296.0,546.0,7.0,0.0,0.0
2020-05-02,864.0,15.0,296.0,553.0,7.0,0.0,0.0
2020-05-03,872.0,15.0,296.0,561.0,8.0,0.0,0.0
2020-05-04,874.0,15.0,296.0,563.0,2.0,0.0,0.0
2020-05-05,878.0,15.0,296.0,567.0,4.0,0.0,0.0
2020-05-06,883.0,15.0,296.0,572.0,5.0,0.0,0.0
2020-05-07,889.0,15.0,400.0,474.0,6.0,0.0,104.0
2020-05-08,891.0,15.0,400.0,476.0,2.0,0.0,0.0
2020-05-09,892.0,15.0,401.0,476.0,1.0,0.0,1.0
2020-05-10,898.0,16.0,401.0,481.0,6.0,1.0,0.0
2020-05-11,901.0,16.0,401.0,484.0,3.0,0.0,0.0
2020-05-12,903.0,16.0,449.0,438.0,2.0,0.0,48.0
2020-05-13,905.0,17.0,449.0,439.0,2.0,1.0,0.0
2020-05-14,907.0,17.0,481.0,409.0,2.0,0.0,32.0
2020-05-15,910.0,17.0,481.0,412.0,3.0,0.0,0.0
2020-05-16,914.0,17.0,515.0,382.0,4.0,0.0,34.0
2020-05-17,916.0,17.0,515.0,384.0,2.0,0.0,0.0
2020-05-18,917.0,17.0,515.0,385.0,1.0,0.0,0.0
2020-05-19,918.0,17.0,515.0,386.0,1.0,0.0,0.0
2020-05-20,922.0,17.0,516.0,389.0,4.0,0.0,1.0
2020-05-21,923.0,17.0,561.0,345.0,1.0,0.0,45.0
2020-05-22,927.0,17.0,561.0,349.0,4.0,0.0,0.0
2020-05-23,927.0,17.0,594.0,316.0,0.0,0.0,33.0
2020-05-24,935.0,17.0,594.0,324.0,8.0,0.0,0.0
2020-05-25,937.0,17.0,594.0,326.0,2.0,0.0,0.0
2020-05-26,939.0,17.0,594.0,328.0,2.0,0.0,0.0
2020-05-27,939.0,17.0,594.0,328.0,0.0,0.0,0.0
2020-05-28,941.0,17.0,784.0,140.0,2.0,0.0,190.0
2020-05-29,942.0,17.0,784.0,141.0,1.0,0.0,0.0
2020-05-30,944.0,17.0,790.0,137.0,2.0,0.0,6.0
2020-05-31,944.0,17.0,790.0,137.0,0.0,0.0,0.0
2020-06-01,949.0,17.0,790.0,142.0,5.0,0.0,0.0
2020-06-02,952.0,17.0,790.0,145.0,3.0,0.0,0.0
2020-06-03,958.0,17.0,790.0,151.0,6.0,0.0,0.0
2020-06-04,958.0,17.0,790.0,151.0,0.0,0.0,0.0
2020-06-05,960.0,17.0,807.0,136.0,2.0,0.0,17.0
2020-06-06,960.0,18.0,807.0,135.0,0.0,1.0,0.0
2020-06-07,964.0,18.0,807.0,139.0,4.0,0.0,0.0
2020-06-08,970.0,18.0,807.0,145.0,6.0,0.0,0.0
2020-06-09,972.0,18.0,807.0,147.0,2.0,0.0,0.0
2020-06-10,974.0,18.0,807.0,149.0,2.0,0.0,0.0
2020-06-11,975.0,18.0,807.0,150.0,1.0,0.0,0.0
2020-06-12,980.0,18.0,807.0,155.0,5.0,0.0,0.0
2020-06-13,980.0,18.0,807.0,155.0,0.0,0.0,0.0
2020-06-14,983.0,18.0,807.0,158.0,3.0,0.0,0.0
2020-06-15,985.0,18.0,807.0,160.0,2.0,0.0,0.0
2020-06-16,985.0,18.0,816.0,151.0,0.0,0.0,9.0
2020-06-17,985.0,18.0,816.0,151.0,0.0,0.0,0.0
2020-06-18,985.0,19.0,818.0,148.0,0.0,1.0,2.0
2020-06-19,985.0,19.0,818.0,148.0,0.0,0.0,0.0
2020-06-20,985.0,19.0,824.0,142.0,0.0,0.0,6.0
2020-06-21,986.0,19.0,824.0,143.0,1.0,0.0,0.0
2020-06-22,988.0,19.0,824.0,145.0,2.0,0.0,0.0
2020-06-23,990.0,19.0,824.0,147.0,2.0,0.0,0.0
2020-06-24,991.0,19.0,824.0,148.0,1.0,0.0,0.0
2020-06-25,992.0,19.0,824.0,149.0,1.0,0.0,0.0
2020-06-26,992.0,19.0,824.0,149.0,0.0,0.0,0.0
2020-06-27,994.0,19.0,824.0,151.0,2.0,0.0,0.0
2020-06-28,994.0,19.0,833.0,142.0,0.0,0.0,9.0
2020-06-29,996.0,19.0,833.0,144.0,2.0,0.0,0.0
2020-06-30,998.0,19.0,833.0,146.0,2.0,0.0,0.0
2020-07-01,999.0,19.0,833.0,147.0,1.0,0.0,0.0
2020-07-02,999.0,19.0,833.0,147.0,0.0,0.0,0.0
2020-07-03,999.0,19.0,839.0,141.0,0.0,0.0,6.0
2020-07-04,1002.0,19.0,839.0,144.0,3.0,0.0,0.0
2020-07-05,1003.0,19.0,839.0,145.0,1.0,0.0,0.0
2020-07-06,1004.0,19.0,839.0,146.0,1.0,0.0,0.0
2020-07-07,1005.0,19.0,839.0,147.0,1.0,0.0,0.0
2020-07-08,1008.0,19.0,839.0,150.0,3.0,0.0,0.0
2020-07-09,1010.0,19.0,839.0,152.0,2.0,0.0,0.0
2020-07-10,1013.0,19.0,839.0,155.0,3.0,0.0,0.0
2020-07-11,1014.0,19.0,839.0,156.0,1.0,0.0,0.0
2020-07-12,1021.0,19.0,839.0,163.0,7.0,0.0,0.0
2020-07-13,1022.0,19.0,839.0,164.0,1.0,0.0,0.0
2020-07-14,1023.0,19.0,839.0,165.0,1.0,0.0,0.0
2020-07-15,1025.0,19.0,839.0,167.0,2.0,0.0,0.0
2020-07-16,1031.0,19.0,845.0,167.0,6.0,0.0,6.0
2020-07-17,1033.0,19.0,845.0,169.0,2.0,0.0,0.0
2020-07-18,1037.0,19.0,845.0,173.0,4.0,0.0,0.0
2020-07-19,1038.0,19.0,845.0,174.0,1.0,0.0,0.0
2020-07-20,1038.0,19.0,847.0,172.0,0.0,0.0,2.0
2020-07-21,1040.0,19.0,847.0,174.0,2.0,0.0,0.0
2020-07-22,1040.0,19.0,847.0,174.0,0.0,0.0,0.0
2020-07-23,1045.0,19.0,847.0,179.0,5.0,0.0,0.0
2020-07-24,1047.0,19.0,847.0,181.0,2.0,0.0,0.0
2020-07-25,1053.0,19.0,852.0,182.0,6.0,0.0,5.0
2020-07-26,1057.0,19.0,852.0,186.0,4.0,0.0,0.0
2020-07-27,1060.0,19.0,852.0,189.0,3.0,0.0,0.0
2020-07-28,1067.0,19.0,852.0,196.0,7.0,0.0,0.0
2020-07-29,1080.0,19.0,852.0,209.0,13.0,0.0,0.0
2020-07-30,1090.0,19.0,852.0,219.0,10.0,0.0,0.0
2020-07-31,1114.0,19.0,852.0,243.0,24.0,0.0,0.0
2020-08-01,1124.0,19.0,852.0,253.0,10.0,0.0,0.0
2020-08-02,1150.0,19.0,856.0,275.0,26.0,0.0,4.0
2020-08-03,1155.0,19.0,856.0,280.0,5.0,0.0,0.0
2020-08-04,1180.0,19.0,856.0,305.0,25.0,0.0,0.0
2020-08-05,1195.0,19.0,856.0,320.0,15.0,0.0,0.0
2020-08-06,1208.0,19.0,856.0,333.0,13.0,0.0,0.0
2020-08-07,1222.0,19.0,856.0,347.0,14.0,0.0,0.0
2020-08-08,1233.0,19.0,856.0,358.0,11.0,0.0,0.0
2020-08-09,1242.0,19.0,870.0,353.0,9.0,0.0,14.0
2020-08-10,1252.0,19.0,870.0,363.0,10.0,0.0,0.0
2020-08-11,1277.0,20.0,870.0,387.0,25.0,1.0,0.0
2020-08-12,1291.0,20.0,870.0,401.0,14.0,0.0,0.0
2020-08-13,1305.0,20.0,870.0,415.0,14.0,0.0,0.0
2020-08-14,1318.0,20.0,870.0,428.0,13.0,0.0,0.0
2020-08-15,1332.0,20.0,870.0,442.0,14.0,0.0,0.0
2020-08-16,1339.0,20.0,870.0,449.0,7.0,0.0,0.0
2020-08-17,1351.0,20.0,870.0,461.0,12.0,0.0,0.0
2020-08-18,1359.0,20.0,878.0,461.0,8.0,0.0,8.0
2020-08-19,1385.0,20.0,878.0,487.0,26.0,0.0,0.0
2020-08-20,1395.0,20.0,878.0,497.0,10.0,0.0,0.0
2020-08-21,1406.0,20.0,878.0,508.0,11.0,0.0,0.0
2020-08-22,1417.0,20.0,878.0,519.0,11.0,0.0,0.0
2020-08-23,1421.0,20.0,878.0,523.0,4.0,0.0,0.0
2020-08-24,1451.0,20.0,878.0,553.0,30.0,0.0,0.0
2020-08-25,1474.0,20.0,935.0,519.0,23.0,0.0,57.0
2020-08-26,1484.0,20.0,935.0,529.0,10.0,0.0,0.0
2020-08-27,1467.0,20.0,935.0,512.0,-17.0,0.0,0.0
2020-08-28,1481.0,20.0,935.0,526.0,14.0,0.0,0.0
2020-08-29,1483.0,20.0,935.0,528.0,2.0,0.0,0.0
2020-08-30,1487.0,20.0,935.0,532.0,4.0,0.0,0.0
2020-08-31,1488.0,20.0,1139.0,329.0,1.0,0.0,204.0
2020-09-01,1490.0,21.0,1139.0,330.0,2.0,1.0,0.0
2020-09-02,1495.0,21.0,1139.0,335.0,5.0,0.0,0.0
2020-09-03,1498.0,21.0,1139.0,338.0,3.0,0.0,0.0
2020-09-04,1502.0,21.0,1139.0,342.0,4.0,0.0,0.0
2020-09-05,1507.0,21.0,1237.0,249.0,5.0,0.0,98.0
2020-09-06,1509.0,21.0,1237.0,251.0,2.0,0.0,0.0
2020-09-07,1510.0,22.0,1237.0,251.0,1.0,1.0,0.0
2020-09-08,1511.0,22.0,1237.0,252.0,1.0,0.0,0.0
2020-09-09,1514.0,22.0,1237.0,255.0,3.0,0.0,0.0
2020-09-10,1517.0,22.0,1237.0,258.0,3.0,0.0,0.0
2020-09-11,1520.0,22.0,1237.0,261.0,3.0,0.0,0.0
2020-09-12,1523.0,22.0,1281.0,220.0,3.0,0.0,44.0
2020-09-13,1526.0,22.0,1281.0,223.0,3.0,0.0,0.0
2020-09-14,1534.0,22.0,1282.0,230.0,8.0,0.0,1.0
2020-09-15,1540.0,22.0,1282.0,236.0,6.0,0.0,0.0
2020-09-16,1548.0,22.0,1282.0,244.0,8.0,0.0,0.0
2020-09-17,1558.0,22.0,1282.0,254.0,10.0,0.0,0.0
2020-09-18,1565.0,22.0,1282.0,261.0,7.0,0.0,0.0
2020-09-19,1590.0,22.0,1282.0,286.0,25.0,0.0,0.0
2020-09-20,1600.0,22.0,1282.0,296.0,10.0,0.0,0.0
2020-09-21,1603.0,22.0,1369.0,212.0,3.0,0.0,87.0
2020-09-22,1618.0,22.0,1369.0,227.0,15.0,0.0,0.0
2020-09-23,1654.0,22.0,1369.0,263.0,36.0,0.0,0.0
2020-09-24,1663.0,22.0,1369.0,272.0,9.0,0.0,0.0
2020-09-25,1671.0,22.0,1369.0,280.0,8.0,0.0,0.0
2020-09-26,1684.0,22.0,1369.0,293.0,13.0,0.0,0.0
2020-09-27,1696.0,22.0,1369.0,305.0,12.0,0.0,0.0
2020-09-28,1713.0,22.0,1369.0,322.0,17.0,0.0,0.0
2020-09-29,1743.0,22.0,1369.0,352.0,30.0,0.0,0.0
2020-09-30,1755.0,22.0,1369.0,364.0,12.0,0.0,0.0
2020-10-01,1772.0,22.0,1369.0,381.0,17.0,0.0,0.0
2020-10-02,1789.0,22.0,1369.0,398.0,17.0,0.0,0.0
2020-10-03,1811.0,22.0,1369.0,420.0,22.0,0.0,0.0
2020-10-04,1824.0,22.0,1369.0,433.0,13.0,0.0,0.0
2020-10-05,1847.0,22.0,1369.0,456.0,23.0,0.0,0.0
2020-10-06,1876.0,23.0,1369.0,484.0,29.0,1.0,0.0
2020-10-07,1897.0,24.0,1369.0,504.0,21.0,1.0,0.0
2020-10-08,1918.0,24.0,1369.0,525.0,21.0,0.0,0.0
2020-10-09,1951.0,25.0,1369.0,557.0,33.0,1.0,0.0
2020-10-10,1986.0,25.0,1444.0,517.0,35.0,0.0,75.0
2020-10-11,2006.0,25.0,1444.0,537.0,20.0,0.0,0.0
2020-10-12,2047.0,25.0,1444.0,578.0,41.0,0.0,0.0
