date,confirmed,deaths,recovered,active,new_confirmed,new_deaths,new_recovered
2020-02-27,1.0,0.0,0.0,1.0,,,
2020-02-28,1.0,0.0,0.0,1.0,0.0,0.0,0.0
2020-02-29,3.0,0.0,0.0,3.0,2.0,0.0,0.0
2020-03-01,4.0,0.0,0.0,4.0,1.0,0.0,0.0
2020-03-02,4.0,0.0,0.0,4.0,0.0,0.0,0.0
2020-03-03,6.0,0.0,0.0,6.0,2.0,0.0,0.0
2020-03-04,10.0,0.0,0.0,10.0,4.0,0.0,0.0
2020-03-05,10.0,0.0,0.0,10.0,0.0,0.0,0.0
2020-03-06,23.0,0.0,1.0,22.0,13.0,0.0,1.0
2020-03-07,23.0,0.0,1.0,22.0,0.0,0.0,0.0
2020-03-08,35.0,0.0,1.0,34.0,12.0,0.0,0.0
2020-03-09,90.0,0.0,1.0,89.0,55.0,0.0,0.0
2020-03-10,262.0,0.0,1.0,261.0,172.0,0.0,0.0
2020-03-11,444.0,0.0,1.0,443.0,182.0,0.0,0.0
2020-03-12,617.0,0.0,1.0,616.0,173.0,0.0,0.0
2020-03-13,804.0,0.0,1.0,803.0,187.0,0.0,0.0
2020-03-14,836.0,1.0,1.0,834.0,32.0,1.0,0.0
2020-03-15,875.0,2.0,1.0,872.0,39.0,1.0,0.0
2020-03-16,932.0,3.0,1.0,928.0,57.0,1.0,0.0
2020-03-17,1024.0,4.0,1.0,1019.0,92.0,1.0,0.0
2020-03-18,1115.0,4.0,1.0,1110.0,91.0,0.0,0.0
2020-03-19,1225.0,6.0,1.0,1218.0,110.0,2.0,0.0
2020-03-20,1337.0,9.0,1.0,1327.0,112.0,3.0,0.0
2020-03-21,1420.0,13.0,1.0,1406.0,83.0,4.0,0.0
2020-03-22,1514.0,13.0,4.0,1497.0,94.0,0.0,3.0
2020-03-23,1572.0,24.0,24.0,1524.0,58.0,11.0,20.0
2020-03-24,1718.0,32.0,36.0,1650.0,146.0,8.0,12.0
2020-03-25,1862.0,34.0,41.0,1787.0,144.0,2.0,5.0
2020-03-26,2023.0,41.0,50.0,1932.0,161.0,7.0,9.0
2020-03-27,2200.0,52.0,57.0,2091.0,177.0,11.0,7.0
2020-03-28,2366.0,65.0,57.0,2244.0,166.0,13.0,0.0
2020-03-29,2564.0,72.0,73.0,2419.0,198.0,7.0,16.0
2020-03-30,2755.0,77.0,73.0,2605.0,191.0,5.0,0.0
2020-03-31,3039.0,90.0,77.0,2872.0,284.0,13.0,4.0
2020-04-01,3290.0,104.0,971.0,2215.0,251.0,14.0,894.0
2020-04-02,3573.0,123.0,1172.0,2278.0,283.0,19.0,201.0
2020-04-03,3946.0,139.0,1287.0,2520.0,373.0,16.0,115.0
2020-04-04,4269.0,161.0,1379.0,2729.0,323.0,22.0,92.0
2020-04-05,4561.0,179.0,1429.0,2953.0,292.0,18.0,50.0
2020-04-06,4875.0,187.0,1489.0,3199.0,314.0,8.0,60.0
2020-04-07,5266.0,203.0,1621.0,3442.0,391.0,16.0,132.0
2020-04-08,5597.0,218.0,1763.0,3616.0,331.0,15.0,142.0
2020-04-09,5830.0,237.0,1883.0,3710.0,233.0,19.0,120.0
2020-04-10,6014.0,247.0,1929.0,3838.0,184.0,10.0,46.0
2020-04-11,6191.0,260.0,2111.0,3820.0,177.0,13.0,182.0
2020-04-12,6369.0,273.0,2291.0,3805.0,178.0,13.0,180.0
2020-04-13,6513.0,285.0,2403.0,3825.0,144.0,12.0,112.0
2020-04-14,6706.0,299.0,2689.0,3718.0,193.0,14.0,286.0
2020-04-15,6876.0,309.0,2925.0,3642.0,170.0,10.0,236.0
2020-04-16,7074.0,321.0,3203.0,3550.0,198.0,12.0,278.0
2020-04-17,7268.0,336.0,3571.0,3361.0,194.0,15.0,368.0
2020-04-18,7437.0,346.0,4031.0,3060.0,169.0,10.0,460.0
2020-04-19,7580.0,355.0,4328.0,2897.0,143.0,9.0,297.0
2020-04-20,7711.0,364.0,4499.0,2848.0,131.0,9.0,171.0
2020-04-21,7891.0,370.0,4889.0,2632.0,180.0,6.0,390.0
2020-04-22,8108.0,384.0,5276.0,2448.0,217.0,14.0,387.0
2020-04-23,8271.0,394.0,5573.0,2304.0,163.0,10.0,297.0
2020-04-24,8408.0,403.0,5715.0,2290.0,137.0,9.0,142.0
2020-04-25,8643.0,418.0,5858.0,2367.0,235.0,15.0,143.0
2020-04-26,8773.0,422.0,5994.0,2357.0,130.0,4.0,136.0
2020-04-27,8896.0,427.0,6148.0,2321.0,123.0,5.0,154.0
2020-04-28,9049.0,434.0,6313.0,2302.0,153.0,7.0,165.0
2020-04-29,9206.0,443.0,6558.0,2205.0,157.0,9.0,245.0
2020-04-30,9356.0,452.0,6741.0,2163.0,150.0,9.0,183.0
2020-05-01,9509.0,460.0,6924.0,2125.0,153.0,8.0,183.0
2020-05-02,9605.0,475.0,7084.0,2046.0,96.0,15.0,160.0
2020-05-03,9721.0,484.0,7183.0,2054.0,116.0,9.0,99.0
2020-05-04,9868.0,493.0,7284.0,2091.0,147.0,9.0,101.0
2020-05-05,10019.0,503.0,7492.0,2024.0,151.0,10.0,208.0
2020-05-06,10136.0,506.0,7689.0,1941.0,117.0,3.0,197.0
2020-05-07,10281.0,514.0,7907.0,1860.0,145.0,8.0,218.0
2020-05-08,10416.0,522.0,8125.0,1769.0,135.0,8.0,218.0
2020-05-09,10517.0,526.0,8291.0,1700.0,101.0,4.0,166.0
2020-05-10,10627.0,529.0,8415.0,1683.0,110.0,3.0,124.0
2020-05-11,10711.0,533.0,8526.0,1652.0,84.0,4.0,111.0
2020-05-12,10789.0,527.0,8778.0,1484.0,78.0,-6.0,252.0
2020-05-13,10865.0,533.0,8861.0,1471.0,76.0,6.0,83.0
2020-05-14,10911.0,537.0,9003.0,1371.0,46.0,4.0,142.0
2020-05-15,10989.0,537.0,9157.0,1295.0,78.0,0.0,154.0
2020-05-16,11056.0,543.0,9305.0,1208.0,67.0,6.0,148.0
2020-05-17,11125.0,547.0,9425.0,1153.0,69.0,4.0,120.0
2020-05-18,11166.0,548.0,9499.0,1119.0,41.0,1.0,74.0
2020-05-19,11242.0,551.0,9614.0,1077.0,76.0,3.0,115.0
2020-05-20,11315.0,554.0,9734.0,1027.0,73.0,3.0,120.0
2020-05-21,11380.0,561.0,9841.0,978.0,65.0,7.0,107.0
2020-05-22,11428.0,561.0,9962.0,905.0,48.0,0.0,121.0
2020-05-23,11487.0,561.0,10034.0,892.0,59.0,0.0,72.0
2020-05-24,11559.0,562.0,10098.0,899.0,72.0,1.0,64.0
2020-05-25,11586.0,563.0,10162.0,861.0,27.0,1.0,64.0
2020-05-26,11627.0,563.0,10242.0,822.0,41.0,0.0,80.0
2020-05-27,11680.0,565.0,10304.0,811.0,53.0,2.0,62.0
2020-05-28,11712.0,568.0,10378.0,766.0,32.0,3.0,74.0
2020-05-29,11793.0,568.0,10438.0,787.0,81.0,0.0,60.0
2020-05-30,11833.0,571.0,10525.0,737.0,40.0,3.0,87.0
2020-05-31,11869.0,574.0,10560.0,735.0,36.0,3.0,35.0
2020-06-01,11899.0,576.0,10610.0,713.0,30.0,2.0,50.0
2020-06-02,11934.0,580.0,10687.0,667.0,35.0,4.0,77.0
2020-06-03,11971.0,580.0,10750.0,641.0,37.0,0.0,63.0
2020-06-04,12011.0,582.0,10820.0,609.0,40.0,2.0,70.0
2020-06-05,12075.0,586.0,10853.0,636.0,64.0,4.0,33.0
2020-06-06,12124.0,587.0,10921.0,616.0,49.0,1.0,68.0
2020-06-07,12148.0,589.0,10955.0,604.0,24.0,2.0,34.0
2020-06-08,12162.0,593.0,10992.0,577.0,14.0,4.0,37.0
2020-06-09,12201.0,593.0,11049.0,559.0,39.0,0.0,57.0
2020-06-10,12216.0,593.0,11104.0,519.0,15.0,0.0,55.0
2020-06-11,12235.0,593.0,11155.0,487.0,19.0,0.0,51.0
2020-06-12,12299.0,594.0,11193.0,512.0,64.0,1.0,38.0
2020-06-13,12339.0,597.0,11235.0,507.0,40.0,3.0,42.0
2020-06-14,12393.0,597.0,11268.0,528.0,54.0,0.0,33.0
2020-06-15,12417.0,598.0,11290.0,529.0,24.0,1.0,22.0
2020-06-16,12450.0,598.0,11325.0,527.0,33.0,0.0,35.0
2020-06-17,12494.0,598.0,11385.0,511.0,44.0,0.0,60.0
2020-06-18,12544.0,600.0,11442.0,502.0,50.0,2.0,57.0
2020-06-19,12591.0,600.0,11482.0,509.0,47.0,0.0,40.0
2020-06-20,12591.0,600.0,11482.0,509.0,0.0,0.0,0.0
2020-06-21,12591.0,600.0,11482.0,509.0,0.0,0.0,0.0
2020-06-22,12727.0,602.0,11547.0,578.0,136.0,2.0,65.0
2020-06-23,12761.0,603.0,11593.0,565.0,34.0,1.0,46.0
2020-06-24,12815.0,603.0,11622.0,590.0,54.0,0.0,29.0
2020-06-25,12836.0,603.0,11660.0,573.0,21.0,0.0,38.0
2020-06-26,12875.0,604.0,11708.0,563.0,39.0,1.0,48.0
2020-06-27,12875.0,604.0,11708.0,563.0,0.0,0.0,0.0
2020-06-28,12875.0,604.0,11708.0,563.0,0.0,0.0,0.0
2020-06-29,12951.0,605.0,11812.0,534.0,76.0,1.0,104.0
2020-06-30,12968.0,605.0,11849.0,514.0,17.0,0.0,37.0
2020-07-01,12994.0,606.0,11893.0,495.0,26.0,1.0,44.0
2020-07-02,13015.0,606.0,11969.0,440.0,21.0,0.0,76.0
2020-07-03,13032.0,606.0,12017.0,409.0,17.0,0.0,48.0
2020-07-04,13032.0,606.0,12017.0,409.0,0.0,0.0,0.0
2020-07-05,13033.0,606.0,12017.0,410.0,1.0,0.0,0.0
2020-07-06,13079.0,607.0,12135.0,337.0,46.0,1.0,118.0
2020-07-07,13089.0,609.0,12184.0,296.0,10.0,2.0,49.0
2020-07-08,13101.0,609.0,12202.0,290.0,12.0,0.0,18.0
2020-07-09,13117.0,609.0,12246.0,262.0,16.0,0.0,44.0
2020-07-10,13147.0,609.0,12278.0,260.0,30.0,0.0,32.0
2020-07-11,13147.0,609.0,12278.0,260.0,0.0,0.0,0.0
2020-07-12,13147.0,609.0,12278.0,260.0,0.0,0.0,0.0
2020-07-13,13238.0,610.0,12331.0,297.0,91.0,1.0,53.0
2020-07-14,13262.0,610.0,12361.0,291.0,24.0,0.0,30.0
2020-07-15,13293.0,610.0,12383.0,300.0,31.0,0.0,22.0
2020-07-16,13325.0,610.0,12396.0,319.0,32.0,0.0,13.0
2020-07-17,13374.0,611.0,12410.0,353.0,49.0,1.0,14.0
2020-07-18,13374.0,611.0,12410.0,353.0,0.0,0.0,0.0
2020-07-19,13377.0,611.0,12410.0,356.0,3.0,0.0,0.0
2020-07-20,13466.0,611.0,12452.0,403.0,89.0,0.0,42.0
2020-07-21,13506.0,611.0,12462.0,433.0,40.0,0.0,10.0
2020-07-22,13554.0,611.0,12475.0,468.0,48.0,0.0,13.0
2020-07-23,13594.0,612.0,12500.0,482.0,40.0,1.0,25.0
2020-07-24,13642.0,613.0,12541.0,488.0,48.0,1.0,41.0
2020-07-25,13643.0,613.0,12541.0,489.0,1.0,0.0,0.0
2020-07-26,13665.0,613.0,12541.0,511.0,22.0,0.0,0.0
2020-07-27,13775.0,613.0,12618.0,544.0,110.0,0.0,77.0
2020-07-28,13811.0,613.0,12652.0,546.0,36.0,0.0,34.0
2020-07-29,13868.0,614.0,12686.0,568.0,57.0,1.0,34.0
2020-07-30,13964.0,615.0,12727.0,622.0,96.0,1.0,41.0
2020-07-31,14028.0,615.0,12780.0,633.0,64.0,0.0,53.0
2020-08-01,14028.0,615.0,12780.0,633.0,0.0,0.0,0.0
2020-08-02,14028.0,615.0,12783.0,630.0,0.0,0.0,3.0
2020-08-03,14235.0,616.0,12887.0,732.0,207.0,1.0,104.0
2020-08-04,14314.0,616.0,12920.0,778.0,79.0,0.0,33.0
2020-08-05,14440.0,616.0,12958.0,866.0,126.0,0.0,38.0
2020-08-06,14586.0,617.0,12993.0,976.0,146.0,1.0,35.0
2020-08-07,14747.0,617.0,13046.0,1084.0,161.0,0.0,53.0
2020-08-08,14751.0,617.0,13047.0,1087.0,4.0,0.0,1.0
2020-08-09,14759.0,617.0,13069.0,1073.0,8.0,0.0,22.0
2020-08-10,15135.0,620.0,13154.0,1361.0,376.0,3.0,85.0
2020-08-11,15291.0,621.0,13227.0,1443.0,156.0,1.0,73.0
2020-08-12,15423.0,621.0,13305.0,1497.0,132.0,0.0,78.0
2020-08-13,15590.0,621.0,13370.0,1599.0,167.0,0.0,65.0
2020-08-14,15758.0,621.0,13455.0,1682.0,168.0,0.0,85.0
2020-08-15,15867.0,621.0,13514.0,1732.0,109.0,0.0,59.0
2020-08-16,16003.0,621.0,13579.0,1803.0,136.0,0.0,65.0
2020-08-17,16127.0,621.0,13660.0,1846.0,124.0,0.0,81.0
