date,confirmed,deaths,recovered,active,new_confirmed,new_deaths,new_recovered
2020-03-18,1.0,0.0,0.0,1.0,,,
2020-03-19,1.0,0.0,0.0,1.0,0.0,0.0,0.0
2020-03-20,1.0,0.0,0.0,1.0,0.0,0.0,0.0
2020-03-21,1.0,0.0,0.0,1.0,0.0,0.0,0.0
2020-03-22,1.0,0.0,0.0,1.0,0.0,0.0,0.0
2020-03-23,3.0,0.0,0.0,3.0,2.0,0.0,0.0
2020-03-24,3.0,0.0,0.0,3.0,0.0,0.0,0.0
2020-03-25,11.0,0.0,0.0,11.0,8.0,0.0,0.0
2020-03-26,11.0,0.0,0.0,11.0,0.0,0.0,0.0
2020-03-27,12.0,0.0,0.0,12.0,1.0,0.0,0.0
2020-03-28,14.0,0.0,0.0,14.0,2.0,0.0,0.0
2020-03-29,18.0,0.0,0.0,18.0,4.0,0.0,0.0
2020-03-30,18.0,0.0,0.0,18.0,0.0,0.0,0.0
2020-03-31,30.0,0.0,0.0,30.0,12.0,0.0,0.0
2020-04-01,33.0,0.0,0.0,33.0,3.0,0.0,0.0
2020-04-02,40.0,0.0,0.0,40.0,7.0,0.0,0.0
2020-04-03,49.0,0.0,8.0,41.0,9.0,0.0,8.0
2020-04-04,50.0,0.0,8.0,42.0,1.0,0.0,0.0
2020-04-05,59.0,0.0,9.0,50.0,9.0,0.0,1.0
2020-04-06,90.0,0.0,9.0,81.0,31.0,0.0,0.0
2020-04-07,90.0,0.0,9.0,81.0,0.0,0.0,0.0
2020-04-08,135.0,0.0,25.0,110.0,45.0,0.0,16.0
2020-04-09,135.0,0.0,25.0,110.0,0.0,0.0,0.0
2020-04-10,150.0,1.0,36.0,113.0,15.0,1.0,11.0
2020-04-11,187.0,2.0,36.0,149.0,37.0,1.0,0.0
2020-04-12,214.0,2.0,36.0,176.0,27.0,0.0,0.0
2020-04-13,298.0,2.0,41.0,255.0,84.0,0.0,5.0
2020-04-14,363.0,2.0,53.0,308.0,65.0,0.0,12.0
2020-04-15,435.0,2.0,71.0,362.0,72.0,0.0,18.0
2020-04-16,591.0,2.0,73.0,516.0,156.0,0.0,2.0
2020-04-17,732.0,2.0,76.0,654.0,141.0,0.0,3.0
2020-04-18,732.0,2.0,76.0,654.0,0.0,0.0,0.0
2020-04-19,846.0,2.0,102.0,742.0,114.0,0.0,26.0
2020-04-20,846.0,2.0,102.0,742.0,0.0,0.0,0.0
2020-04-21,945.0,2.0,112.0,831.0,99.0,0.0,10.0
2020-04-22,974.0,2.0,183.0,789.0,29.0,0.0,71.0
2020-04-23,986.0,2.0,252.0,732.0,12.0,0.0,69.0
2020-04-24,999.0,2.0,330.0,667.0,13.0,0.0,78.0
2020-04-25,1008.0,2.0,373.0,633.0,9.0,0.0,43.0
2020-04-26,1023.0,2.0,411.0,610.0,15.0,0.0,38.0
2020-04-27,1035.0,2.0,477.0,556.0,12.0,0.0,66.0
2020-04-28,1072.0,2.0,498.0,572.0,37.0,0.0,21.0
2020-04-29,1077.0,2.0,599.0,476.0,5.0,0.0,101.0
2020-04-30,1089.0,2.0,642.0,445.0,12.0,0.0,43.0
2020-05-01,1097.0,2.0,672.0,423.0,8.0,0.0,30.0
2020-05-02,1112.0,2.0,686.0,424.0,15.0,0.0,14.0
2020-05-03,1112.0,2.0,686.0,424.0,0.0,0.0,0.0
2020-05-04,1116.0,2.0,713.0,401.0,4.0,0.0,27.0
2020-05-05,1120.0,2.0,745.0,373.0,4.0,0.0,32.0
2020-05-06,1124.0,3.0,755.0,366.0,4.0,1.0,10.0
2020-05-07,1133.0,3.0,799.0,331.0,9.0,0.0,44.0
2020-05-08,1135.0,3.0,824.0,308.0,2.0,0.0,25.0
2020-05-09,1189.0,3.0,834.0,352.0,54.0,0.0,10.0
2020-05-10,1210.0,3.0,847.0,360.0,21.0,0.0,13.0
2020-05-11,1227.0,3.0,872.0,352.0,17.0,0.0,25.0
2020-05-12,1256.0,3.0,886.0,367.0,29.0,0.0,14.0
2020-05-13,1268.0,3.0,900.0,365.0,12.0,0.0,14.0
2020-05-14,1284.0,3.0,905.0,376.0,16.0,0.0,5.0
2020-05-15,1309.0,4.0,935.0,370.0,25.0,1.0,30.0
2020-05-16,1331.0,4.0,950.0,377.0,22.0,0.0,15.0
2020-05-17,1401.0,4.0,972.0,425.0,70.0,0.0,22.0
2020-05-18,1518.0,7.0,1018.0,493.0,117.0,3.0,46.0
2020-05-19,1618.0,7.0,1033.0,578.0,100.0,0.0,15.0
2020-05-20,1828.0,9.0,1052.0,767.0,210.0,2.0,19.0
2020-05-21,2047.0,10.0,1055.0,982.0,219.0,1.0,3.0
2020-05-22,2270.0,10.0,1064.0,1196.0,223.0,0.0,9.0
2020-05-23,2270.0,10.0,1064.0,1196.0,0.0,0.0,0.0
2020-05-24,2270.0,10.0,1064.0,1196.0,0.0,0.0,0.0
2020-05-25,2468.0,14.0,1079.0,1375.0,198.0,4.0,15.0
2020-05-26,2468.0,14.0,1079.0,1375.0,0.0,0.0,0.0
2020-05-27,2697.0,18.0,1185.0,1494.0,229.0,4.0,106.0
2020-05-28,2914.0,20.0,1241.0,1653.0,217.0,2.0,56.0
2020-05-29,2914.0,20.0,1241.0,1653.0,0.0,0.0,0.0
2020-05-30,3194.0,22.0,1286.0,1886.0,280.0,2.0,45.0
2020-05-31,3354.0,24.0,1504.0,1826.0,160.0,2.0,218.0
2020-06-01,3569.0,24.0,1521.0,2024.0,215.0,0.0,17.0
2020-06-02,3779.0,25.0,1607.0,2147.0,210.0,1.0,86.0
2020-06-03,3935.0,26.0,1636.0,2273.0,156.0,1.0,29.0
2020-06-04,4054.0,26.0,1685.0,2343.0,119.0,0.0,49.0
2020-06-05,4123.0,26.0,1707.0,2390.0,69.0,0.0,22.0
2020-06-06,4169.0,26.0,1815.0,2328.0,46.0,0.0,108.0
2020-06-07,4207.0,28.0,1877.0,2302.0,38.0,2.0,62.0
2020-06-08,4278.0,31.0,2013.0,2234.0,71.0,3.0,136.0
2020-06-09,4331.0,34.0,2139.0,2158.0,53.0,3.0,126.0
2020-06-10,4373.0,34.0,2260.0,2079.0,42.0,0.0,121.0
2020-06-11,4398.0,37.0,2519.0,1842.0,25.0,3.0,259.0
2020-06-12,4441.0,38.0,2730.0,1673.0,43.0,1.0,211.0
2020-06-13,4449.0,41.0,2823.0,1585.0,8.0,3.0,93.0
2020-06-14,4465.0,43.0,2950.0,1472.0,16.0,2.0,127.0
2020-06-15,4501.0,43.0,3183.0,1275.0,36.0,0.0,233.0
2020-06-16,4539.0,43.0,3324.0,1172.0,38.0,0.0,141.0
2020-06-17,4545.0,43.0,3411.0,1091.0,6.0,0.0,87.0
2020-06-18,4557.0,43.0,3527.0,987.0,12.0,0.0,116.0
2020-06-19,4565.0,45.0,3565.0,955.0,8.0,2.0,38.0
2020-06-20,4565.0,45.0,3565.0,955.0,0.0,0.0,0.0
2020-06-21,4582.0,45.0,3859.0,678.0,17.0,0.0,294.0
2020-06-22,4599.0,48.0,3952.0,599.0,17.0,3.0,93.0
2020-06-23,4617.0,49.0,3989.0,579.0,18.0,1.0,37.0
2020-06-24,4630.0,52.0,4182.0,396.0,13.0,3.0,193.0
2020-06-25,4635.0,52.0,4269.0,314.0,5.0,0.0,87.0
2020-06-26,4643.0,52.0,4348.0,243.0,8.0,0.0,79.0
2020-06-27,4643.0,52.0,4348.0,243.0,0.0,0.0,0.0
2020-06-28,4643.0,52.0,4348.0,243.0,0.0,0.0,0.0
2020-06-29,4656.0,53.0,4433.0,170.0,13.0,1.0,85.0
2020-06-30,4682.0,54.0,4524.0,104.0,26.0,1.0,91.0
2020-07-01,4704.0,55.0,4550.0,99.0,22.0,1.0,26.0
2020-07-02,4715.0,55.0,4564.0,96.0,11.0,0.0,14.0
2020-07-03,4736.0,55.0,4580.0,101.0,21.0,0.0,16.0
2020-07-04,4736.0,55.0,4580.0,101.0,0.0,0.0,0.0
2020-07-05,4792.0,55.0,4593.0,144.0,56.0,0.0,13.0
2020-07-06,4822.0,55.0,4610.0,157.0,30.0,0.0,17.0
2020-07-07,4878.0,55.0,4621.0,202.0,56.0,0.0,11.0
2020-07-08,4889.0,55.0,4644.0,190.0,11.0,0.0,23.0
2020-07-09,4955.0,56.0,4671.0,228.0,66.0,1.0,27.0
2020-07-10,4968.0,56.0,4689.0,223.0,13.0,0.0,18.0
2020-07-11,4968.0,56.0,4689.0,223.0,0.0,0.0,0.0
2020-07-12,4972.0,56.0,4712.0,204.0,4.0,0.0,23.0
2020-07-13,4977.0,56.0,4729.0,192.0,5.0,0.0,17.0
2020-07-14,4979.0,56.0,4743.0,180.0,2.0,0.0,14.0
2020-07-15,4985.0,56.0,4765.0,164.0,6.0,0.0,22.0
2020-07-16,4993.0,56.0,4796.0,141.0,8.0,0.0,31.0
2020-07-17,5003.0,56.0,4809.0,138.0,10.0,0.0,13.0
2020-07-18,5003.0,56.0,4809.0,138.0,0.0,0.0,0.0
2020-07-19,5011.0,56.0,4838.0,117.0,8.0,0.0,29.0
2020-07-20,5020.0,56.0,4868.0,96.0,9.0,0.0,30.0
2020-07-21,5027.0,56.0,4884.0,87.0,7.0,0.0,16.0
2020-07-22,5030.0,58.0,4904.0,68.0,3.0,2.0,20.0
2020-07-23,5031.0,58.0,4927.0,46.0,1.0,0.0,23.0
2020-07-24,5039.0,58.0,4949.0,32.0,8.0,0.0,22.0
2020-07-25,5039.0,58.0,4949.0,32.0,0.0,0.0,0.0
2020-07-26,5050.0,58.0,4966.0,26.0,11.0,0.0,17.0
2020-07-27,5059.0,58.0,4977.0,24.0,9.0,0.0,11.0
2020-07-28,5068.0,58.0,4992.0,18.0,9.0,0.0,15.0
2020-07-29,5081.0,58.0,4999.0,24.0,13.0,0.0,7.0
2020-07-30,5081.0,58.0,4999.0,24.0,0.0,0.0,0.0
2020-07-31,5084.0,58.0,4999.0,27.0,3.0,0.0,0.0
2020-08-01,5084.0,58.0,4999.0,27.0,0.0,0.0,0.0
2020-08-02,5161.0,59.0,5019.0,83.0,77.0,1.0,20.0
2020-08-03,5240.0,59.0,5028.0,153.0,79.0,0.0,9.0
2020-08-04,5248.0,59.0,5044.0,145.0,8.0,0.0,16.0
2020-08-05,5330.0,59.0,5057.0,214.0,82.0,0.0,13.0
2020-08-06,5330.0,59.0,5057.0,214.0,0.0,0.0,0.0
2020-08-07,5338.0,59.0,5083.0,196.0,8.0,0.0,26.0
2020-08-08,5338.0,59.0,5083.0,196.0,0.0,0.0,0.0
2020-08-09,5344.0,59.0,5106.0,179.0,6.0,0.0,23.0
2020-08-10,5347.0,59.0,5120.0,168.0,3.0,0.0,14.0
2020-08-11,5348.0,59.0,5133.0,156.0,1.0,0.0,13.0
2020-08-12,5358.0,59.0,5150.0,149.0,10.0,0.0,17.0
2020-08-13,5358.0,59.0,5167.0,132.0,0.0,0.0,17.0
2020-08-14,5367.0,59.0,5181.0,127.0,9.0,0.0,14.0
2020-08-15,5367.0,59.0,5181.0,127.0,0.0,0.0,0.0
2020-08-16,5369.0,59.0,5202.0,108.0,2.0,0.0,21.0
2020-08-17,5372.0,59.0,5211.0,102.0,3.0,0.0,9.0
2020-08-18,5374.0,59.0,5216.0,99.0,2.0,0.0,5.0
2020-08-19,5374.0,59.0,5216.0,99.0,0.0,0.0,0.0
2020-08-20,5374.0,59.0,5216.0,99.0,0.0,0.0,0.0
2020-08-21,5382.0,60.0,5233.0,89.0,8.0,1.0,17.0
2020-08-22,5382.0,60.0,5233.0,89.0,0.0,0.0,0.0
2020-08-23,5382.0,60.0,5254.0,68.0,0.0,0.0,21.0
2020-08-24,5383.0,60.0,5273.0,50.0,1.0,0.0,19.0
2020-08-25,5383.0,60.0,5282.0,41.0,0.0,0.0,9.0
2020-08-26,5383.0,60.0,5297.0,26.0,0.0,0.0,15.0
2020-08-27,5383.0,60.0,5307.0,16.0,0.0,0.0,10.0
2020-08-28,5383.0,60.0,5307.0,16.0,0.0,0.0,0.0
2020-08-29,5385.0,60.0,5314.0,11.0,2.0,0.0,7.0
2020-08-30,5385.0,60.0,5319.0,6.0,0.0,0.0,5.0
2020-08-31,5387.0,60.0,5323.0,4.0,2.0,0.0,4.0
2020-09-01,5387.0,60.0,5327.0,0.0,0.0,0.0,4.0
2020-09-02,5387.0,60.0,5327.0,0.0,0.0,0.0,0.0
2020-09-03,5387.0,60.0,5327.0,0.0,0.0,0.0,0.0
2020-09-04,5387.0,60.0,5327.0,0.0,0.0,0.0,0.0
2020-09-05,5387.0,60.0,5327.0,0.0,0.0,0.0,0.0
2020-09-06,5388.0,61.0,5327.0,0.0,1.0,1.0,0.0
2020-09-07,5388.0,61.0,5327.0,0.0,0.0,0.0,0.0
