date,confirmed,deaths,recovered,active,new_confirmed,new_deaths,new_recovered
2020-03-01,1.0,0.0,0.0,1.0,,,
2020-03-02,1.0,0.0,0.0,1.0,0.0,0.0,0.0
2020-03-03,1.0,0.0,0.0,1.0,0.0,0.0,0.0
2020-03-04,1.0,0.0,0.0,1.0,0.0,0.0,0.0
2020-03-05,1.0,0.0,0.0,1.0,0.0,0.0,0.0
2020-03-06,2.0,0.0,0.0,2.0,1.0,0.0,0.0
2020-03-07,2.0,0.0,0.0,2.0,0.0,0.0,0.0
2020-03-08,5.0,0.0,0.0,5.0,3.0,0.0,0.0
2020-03-09,5.0,0.0,0.0,5.0,0.0,0.0,0.0
2020-03-10,5.0,0.0,0.0,5.0,0.0,0.0,0.0
2020-03-11,5.0,0.0,0.0,5.0,0.0,0.0,0.0
2020-03-12,5.0,0.0,0.0,5.0,0.0,0.0,0.0
2020-03-13,5.0,0.0,0.0,5.0,0.0,0.0,0.0
2020-03-14,11.0,0.0,0.0,11.0,6.0,0.0,0.0
2020-03-15,11.0,0.0,0.0,11.0,0.0,0.0,0.0
2020-03-16,11.0,0.0,0.0,11.0,0.0,0.0,0.0
2020-03-17,21.0,1.0,0.0,20.0,10.0,1.0,0.0
2020-03-18,21.0,1.0,0.0,20.0,0.0,0.0,0.0
2020-03-19,34.0,2.0,0.0,32.0,13.0,1.0,0.0
2020-03-20,72.0,2.0,0.0,70.0,38.0,0.0,0.0
2020-03-21,112.0,2.0,0.0,110.0,40.0,0.0,0.0
2020-03-22,202.0,3.0,0.0,199.0,90.0,1.0,0.0
2020-03-23,245.0,3.0,3.0,239.0,43.0,0.0,3.0
2020-03-24,312.0,6.0,3.0,303.0,67.0,3.0,0.0
2020-03-25,392.0,10.0,3.0,379.0,80.0,4.0,0.0
2020-03-26,488.0,10.0,3.0,475.0,96.0,0.0,0.0
2020-03-27,581.0,20.0,3.0,558.0,93.0,10.0,0.0
2020-03-28,719.0,28.0,3.0,688.0,138.0,8.0,0.0
2020-03-29,859.0,39.0,3.0,817.0,140.0,11.0,0.0
2020-03-30,901.0,42.0,4.0,855.0,42.0,3.0,1.0
2020-03-31,1109.0,51.0,5.0,1053.0,208.0,9.0,1.0
2020-04-01,1284.0,57.0,9.0,1218.0,175.0,6.0,4.0
2020-04-02,1380.0,60.0,16.0,1304.0,96.0,3.0,7.0
2020-04-03,1488.0,68.0,16.0,1404.0,108.0,8.0,0.0
2020-04-04,1488.0,68.0,16.0,1404.0,0.0,0.0,0.0
2020-04-05,1745.0,82.0,17.0,1646.0,257.0,14.0,1.0
2020-04-06,1828.0,86.0,33.0,1709.0,83.0,4.0,16.0
2020-04-07,1956.0,98.0,36.0,1822.0,128.0,12.0,3.0
2020-04-08,2111.0,108.0,50.0,1953.0,155.0,10.0,14.0
2020-04-09,2349.0,118.0,80.0,2151.0,238.0,10.0,30.0
2020-04-10,2620.0,126.0,98.0,2396.0,271.0,8.0,18.0
2020-04-11,2759.0,135.0,108.0,2516.0,139.0,9.0,10.0
2020-04-12,2967.0,173.0,131.0,2663.0,208.0,38.0,23.0
2020-04-13,3167.0,177.0,152.0,2838.0,200.0,4.0,21.0
2020-04-14,3286.0,183.0,162.0,2941.0,119.0,6.0,10.0
2020-04-15,3614.0,189.0,208.0,3217.0,328.0,6.0,46.0
2020-04-16,3755.0,196.0,215.0,3344.0,141.0,7.0,7.0
2020-04-17,4126.0,200.0,268.0,3658.0,371.0,4.0,53.0
2020-04-18,4335.0,217.0,312.0,3806.0,209.0,17.0,44.0
2020-04-19,4680.0,226.0,363.0,4091.0,345.0,9.0,51.0
2020-04-20,4964.0,235.0,416.0,4313.0,284.0,9.0,53.0
2020-04-21,5044.0,245.0,463.0,4336.0,80.0,10.0,47.0
2020-04-22,5300.0,260.0,581.0,4459.0,256.0,15.0,118.0
2020-04-23,5543.0,265.0,581.0,4697.0,243.0,5.0,0.0
2020-04-24,5749.0,267.0,763.0,4719.0,206.0,2.0,182.0
2020-04-25,5926.0,273.0,822.0,4831.0,177.0,6.0,59.0
2020-04-26,6135.0,278.0,910.0,4947.0,209.0,5.0,88.0
2020-04-27,6293.0,282.0,993.0,5018.0,158.0,4.0,83.0
2020-04-28,6416.0,286.0,1165.0,4965.0,123.0,4.0,172.0
2020-04-29,6652.0,293.0,1228.0,5131.0,236.0,7.0,63.0
2020-04-30,6972.0,301.0,1301.0,5370.0,320.0,8.0,73.0
2020-05-01,7288.0,313.0,1387.0,5588.0,316.0,12.0,86.0
2020-05-02,7578.0,326.0,1481.0,5771.0,290.0,13.0,94.0
2020-05-03,7954.0,333.0,1606.0,6015.0,376.0,7.0,125.0
2020-05-04,8235.0,346.0,1771.0,6118.0,281.0,13.0,165.0
2020-05-05,8480.0,354.0,1905.0,6221.0,245.0,8.0,134.0
2020-05-06,8807.0,362.0,1960.0,6485.0,327.0,8.0,55.0
2020-05-07,9095.0,373.0,2064.0,6658.0,288.0,11.0,104.0
2020-05-08,9376.0,380.0,2286.0,6710.0,281.0,7.0,222.0
2020-05-09,9882.0,385.0,2584.0,6913.0,506.0,5.0,298.0
2020-05-10,10347.0,388.0,2763.0,7196.0,465.0,3.0,179.0
2020-05-11,10634.0,393.0,2870.0,7371.0,287.0,5.0,107.0
2020-05-12,10900.0,402.0,3221.0,7277.0,266.0,9.0,351.0
2020-05-13,11196.0,409.0,3221.0,7566.0,296.0,7.0,0.0
2020-05-14,11320.0,422.0,3351.0,7547.0,124.0,13.0,130.0
2020-05-15,11739.0,424.0,3557.0,7758.0,419.0,2.0,206.0
2020-05-16,12110.0,428.0,3726.0,7956.0,371.0,4.0,169.0
2020-05-17,12314.0,428.0,5847.0,6039.0,204.0,0.0,2121.0
2020-05-18,12725.0,434.0,6613.0,5678.0,411.0,6.0,766.0
2020-05-19,13223.0,441.0,6613.0,6169.0,498.0,7.0,0.0
2020-05-20,13477.0,446.0,7142.0,5889.0,254.0,5.0,529.0
2020-05-21,13657.0,448.0,7366.0,5843.0,180.0,2.0,224.0
2020-05-22,13989.0,456.0,7572.0,5961.0,332.0,8.0,206.0
2020-05-23,14422.0,458.0,7854.0,6110.0,433.0,2.0,282.0
2020-05-24,14801.0,458.0,8133.0,6210.0,379.0,0.0,279.0
2020-05-25,15073.0,460.0,8285.0,6328.0,272.0,2.0,152.0
2020-05-26,15264.0,468.0,8534.0,6262.0,191.0,8.0,249.0
2020-05-27,15723.0,474.0,8790.0,6459.0,459.0,6.0,256.0
2020-05-28,16068.0,485.0,8952.0,6631.0,345.0,11.0,162.0
2020-05-29,16531.0,488.0,9266.0,6777.0,463.0,3.0,314.0
2020-05-30,16908.0,498.0,9557.0,6853.0,377.0,10.0,291.0
2020-05-31,17285.0,502.0,10559.0,6224.0,377.0,4.0,1002.0
2020-06-01,17572.0,502.0,10893.0,6177.0,287.0,0.0,334.0
2020-06-02,17752.0,515.0,11075.0,6162.0,180.0,13.0,182.0
2020-06-03,18040.0,516.0,11224.0,6300.0,288.0,1.0,149.0
2020-06-04,18319.0,520.0,11474.0,6325.0,279.0,4.0,250.0
2020-06-05,18708.0,525.0,11736.0,6447.0,389.0,5.0,262.0
2020-06-06,19195.0,536.0,11919.0,6740.0,487.0,11.0,183.0
2020-06-07,19600.0,538.0,12007.0,7055.0,405.0,2.0,88.0
2020-06-08,20126.0,539.0,12158.0,7429.0,526.0,1.0,151.0
2020-06-09,20415.0,544.0,12208.0,7663.0,289.0,5.0,50.0
2020-06-10,20808.0,550.0,12318.0,7940.0,393.0,6.0,110.0
2020-06-11,21437.0,561.0,12541.0,8335.0,629.0,11.0,223.0
2020-06-12,22008.0,568.0,12754.0,8686.0,571.0,7.0,213.0
2020-06-13,22572.0,577.0,13084.0,8911.0,564.0,9.0,330.0
2020-06-14,22962.0,592.0,13320.0,9050.0,390.0,15.0,236.0
2020-06-15,23271.0,605.0,14025.0,8641.0,309.0,13.0,705.0
2020-06-16,23686.0,615.0,14133.0,8938.0,415.0,10.0,108.0
2020-06-17,24105.0,633.0,14216.0,9256.0,419.0,18.0,83.0
2020-06-18,24645.0,635.0,14293.0,9717.0,540.0,2.0,77.0
2020-06-19,25068.0,647.0,14605.0,9816.0,423.0,12.0,312.0
2020-06-20,25778.0,655.0,14957.0,10166.0,710.0,8.0,352.0
2020-06-21,26677.0,662.0,15138.0,10877.0,899.0,7.0,181.0
2020-06-22,27370.0,669.0,15338.0,11363.0,693.0,7.0,200.0
2020-06-23,27936.0,675.0,15551.0,11710.0,566.0,6.0,213.0
2020-06-24,28631.0,691.0,16006.0,11934.0,695.0,16.0,455.0
2020-06-25,29141.0,698.0,16223.0,12220.0,510.0,7.0,217.0
2020-06-26,29764.0,712.0,16357.0,12695.0,623.0,14.0,134.0
2020-06-27,30619.0,718.0,16666.0,13235.0,855.0,6.0,309.0
2020-06-28,31373.0,726.0,17142.0,13505.0,754.0,8.0,476.0
2020-06-29,31816.0,733.0,17280.0,13803.0,443.0,7.0,138.0
2020-06-30,32568.0,747.0,17580.0,14241.0,752.0,14.0,300.0
2020-07-01,33387.0,754.0,17904.0,14729.0,819.0,7.0,324.0
2020-07-02,34197.0,765.0,18141.0,15291.0,810.0,11.0,237.0
2020-07-03,35148.0,775.0,18392.0,15981.0,951.0,10.0,251.0
2020-07-04,36184.0,786.0,18602.0,16796.0,1036.0,11.0,210.0
2020-07-05,37425.0,794.0,18943.0,17688.0,1241.0,8.0,341.0
2020-07-06,38128.0,804.0,19489.0,17835.0,703.0,10.0,546.0
2020-07-07,38430.0,821.0,19564.0,18045.0,302.0,17.0,75.0
2020-07-08,39588.0,829.0,20056.0,18703.0,1158.0,8.0,492.0
2020-07-09,40790.0,842.0,20426.0,19522.0,1202.0,13.0,370.0
2020-07-10,41915.0,864.0,20830.0,20221.0,1125.0,22.0,404.0
2020-07-11,43114.0,880.0,20996.0,21238.0,1199.0,16.0,166.0
2020-07-12,44532.0,897.0,21459.0,22176.0,1418.0,17.0,463.0
2020-07-13,45506.0,903.0,22441.0,22162.0,974.0,6.0,982.0
2020-07-14,46305.0,910.0,23134.0,22261.0,799.0,7.0,693.0
2020-07-15,47671.0,929.0,23459.0,23283.0,1366.0,19.0,325.0
2020-07-16,48743.0,941.0,23636.0,24166.0,1072.0,12.0,177.0
2020-07-17,50113.0,942.0,24423.0,24748.0,1370.0,1.0,787.0
2020-07-18,51519.0,971.0,24607.0,25941.0,1406.0,29.0,184.0
2020-07-19,52855.0,981.0,25094.0,26780.0,1336.0,10.0,487.0
2020-07-20,53956.0,993.0,25561.0,27402.0,1101.0,12.0,467.0
2020-07-21,54797.0,999.0,25976.0,27822.0,841.0,6.0,415.0
2020-07-22,56043.0,1005.0,26466.0,28572.0,1246.0,6.0,490.0
2020-07-23,57615.0,1006.0,26905.0,29704.0,1572.0,1.0,439.0
2020-07-24,59077.0,1036.0,27625.0,30416.0,1462.0,30.0,720.0
2020-07-25,60896.0,1055.0,27980.0,31861.0,1819.0,19.0,355.0
2020-07-26,62908.0,1063.0,28603.0,33242.0,2012.0,8.0,623.0
2020-07-27,64156.0,1083.0,30204.0,32869.0,1248.0,20.0,1601.0
2020-07-28,64690.0,1101.0,32014.0,31575.0,534.0,18.0,1810.0
2020-07-29,66182.0,1123.0,33947.0,31112.0,1492.0,22.0,1933.0
2020-07-30,67915.0,1146.0,35302.0,31467.0,1733.0,23.0,1355.0
2020-07-31,69649.0,1160.0,36470.0,32019.0,1734.0,14.0,1168.0
2020-08-01,71415.0,1170.0,37509.0,32736.0,1766.0,10.0,1039.0
2020-08-02,72243.0,1178.0,38244.0,32821.0,828.0,8.0,735.0
2020-08-03,73117.0,1183.0,38824.0,33110.0,874.0,5.0,580.0
2020-08-04,74295.0,1213.0,38824.0,34258.0,1178.0,30.0,0.0
2020-08-05,75660.0,1222.0,40122.0,34316.0,1365.0,9.0,1298.0
2020-08-06,76536.0,1246.0,40539.0,34751.0,876.0,24.0,417.0
2020-08-07,77709.0,1259.0,41393.0,35057.0,1173.0,13.0,854.0
2020-08-08,78778.0,1289.0,42538.0,34951.0,1069.0,30.0,1145.0
2020-08-09,79732.0,1309.0,43744.0,34679.0,954.0,20.0,1206.0
2020-08-10,80499.0,1328.0,44910.0,34261.0,767.0,19.0,1166.0
2020-08-11,81094.0,1346.0,45666.0,34082.0,595.0,18.0,756.0
2020-08-12,82224.0,1371.0,47095.0,33758.0,1130.0,25.0,1429.0
2020-08-13,83134.0,1393.0,47946.0,33795.0,910.0,22.0,851.0
2020-08-14,84488.0,1409.0,49539.0,33540.0,1354.0,16.0,1593.0
2020-08-15,85545.0,1438.0,51356.0,32751.0,1057.0,29.0,1817.0
2020-08-16,86309.0,1453.0,52905.0,31951.0,764.0,15.0,1549.0
2020-08-17,86737.0,1481.0,54108.0,31148.0,428.0,28.0,1203.0
2020-08-18,87123.0,1489.0,55504.0,30130.0,386.0,8.0,1396.0
2020-08-19,88127.0,1501.0,56760.0,29866.0,1004.0,12.0,1256.0
2020-08-20,89010.0,1505.0,57734.0,29771.0,883.0,4.0,974.0
2020-08-21,89867.0,1533.0,59132.0,29202.0,857.0,28.0,1398.0
2020-08-22,90561.0,1554.0,59949.0,29058.0,694.0,21.0,817.0
2020-08-23,91161.0,1567.0,60670.0,28924.0,600.0,13.0,721.0
2020-08-24,91608.0,1573.0,61558.0,28477.0,447.0,6.0,888.0
2020-08-25,92217.0,1585.0,62460.0,28172.0,609.0,12.0,902.0
2020-08-26,92557.0,1613.0,63478.0,27466.0,340.0,28.0,1018.0
2020-08-27,92964.0,1630.0,64347.0,26987.0,407.0,17.0,869.0
2020-08-28,93390.0,1648.0,65285.0,26457.0,426.0,18.0,938.0
2020-08-29,93732.0,1673.0,66320.0,25739.0,342.0,25.0,1035.0
2020-08-30,94241.0,1681.0,66776.0,25784.0,509.0,8.0,456.0
2020-08-31,94715.0,1710.0,68082.0,24923.0,474.0,29.0,1306.0
2020-09-01,94979.0,1738.0,68736.0,24505.0,264.0,28.0,654.0
2020-09-02,95627.0,1765.0,69519.0,24343.0,648.0,27.0,783.0
2020-09-03,96629.0,1801.0,70871.0,23957.0,1002.0,36.0,1352.0
2020-09-04,96629.0,1801.0,70871.0,23957.0,0.0,0.0,0.0
2020-09-05,98776.0,1840.0,71901.0,25035.0,2147.0,39.0,1030.0
2020-09-06,99333.0,1845.0,72567.0,24921.0,557.0,5.0,666.0
2020-09-07,99898.0,1864.0,73228.0,24806.0,565.0,19.0,661.0
2020-09-08,100131.0,1889.0,73795.0,24447.0,233.0,25.0,567.0
2020-09-09,100937.0,1914.0,74305.0,24718.0,806.0,25.0,510.0
2020-09-10,101716.0,1926.0,75034.0,24756.0,779.0,12.0,729.0
2020-09-11,102232.0,1941.0,75747.0,24544.0,516.0,15.0,713.0
2020-09-12,103092.0,1953.0,76531.0,24608.0,860.0,12.0,784.0
2020-09-13,103660.0,1968.0,77182.0,24510.0,568.0,15.0,651.0
2020-09-14,104110.0,1984.0,77790.0,24336.0,450.0,16.0,608.0
2020-09-15,104803.0,1998.0,78387.0,24418.0,693.0,14.0,597.0
2020-09-16,105521.0,2009.0,78891.0,24621.0,718.0,11.0,504.0
2020-09-17,106136.0,2022.0,79363.0,24751.0,615.0,13.0,472.0
2020-09-18,106732.0,2034.0,80179.0,24519.0,596.0,12.0,816.0
