date,confirmed,deaths,recovered,active,new_confirmed,new_deaths,new_recovered
2020-02-14,1.0,0.0,0.0,1.0,,,
2020-02-15,1.0,0.0,0.0,1.0,0.0,0.0,0.0
2020-02-16,1.0,0.0,0.0,1.0,0.0,0.0,0.0
2020-02-17,1.0,0.0,0.0,1.0,0.0,0.0,0.0
2020-02-18,1.0,0.0,0.0,1.0,0.0,0.0,0.0
2020-02-19,1.0,0.0,0.0,1.0,0.0,0.0,0.0
2020-02-20,1.0,0.0,0.0,1.0,0.0,0.0,0.0
2020-02-21,1.0,0.0,0.0,1.0,0.0,0.0,0.0
2020-02-22,1.0,0.0,0.0,1.0,0.0,0.0,0.0
2020-02-23,1.0,0.0,0.0,1.0,0.0,0.0,0.0
2020-02-24,1.0,0.0,0.0,1.0,0.0,0.0,0.0
2020-02-25,1.0,0.0,0.0,1.0,0.0,0.0,0.0
2020-02-26,1.0,0.0,0.0,1.0,0.0,0.0,0.0
2020-02-27,1.0,0.0,0.0,1.0,0.0,0.0,0.0
2020-02-28,1.0,0.0,1.0,0.0,0.0,0.0,1.0
2020-02-29,1.0,0.0,1.0,0.0,0.0,0.0,0.0
2020-03-01,2.0,0.0,1.0,1.0,1.0,0.0,0.0
2020-03-02,2.0,0.0,1.0,1.0,0.0,0.0,0.0
2020-03-03,2.0,0.0,1.0,1.0,0.0,0.0,0.0
2020-03-04,2.0,0.0,1.0,1.0,0.0,0.0,0.0
2020-03-05,3.0,0.0,1.0,2.0,1.0,0.0,0.0
2020-03-06,15.0,0.0,1.0,14.0,12.0,0.0,0.0
2020-03-07,15.0,0.0,1.0,14.0,0.0,0.0,0.0
2020-03-08,49.0,1.0,1.0,47.0,34.0,1.0,0.0
2020-03-09,55.0,1.0,12.0,42.0,6.0,0.0,11.0
2020-03-10,59.0,1.0,1.0,57.0,4.0,0.0,-11.0
2020-03-11,60.0,1.0,27.0,32.0,1.0,0.0,26.0
2020-03-12,67.0,1.0,27.0,39.0,7.0,0.0,0.0
2020-03-13,80.0,2.0,27.0,51.0,13.0,1.0,0.0
2020-03-14,109.0,2.0,27.0,80.0,29.0,0.0,0.0
2020-03-15,110.0,2.0,21.0,87.0,1.0,0.0,-6.0
2020-03-16,150.0,2.0,27.0,121.0,40.0,0.0,6.0
2020-03-17,196.0,4.0,32.0,160.0,46.0,2.0,5.0
2020-03-18,196.0,6.0,32.0,158.0,0.0,2.0,0.0
2020-03-19,256.0,6.0,32.0,218.0,60.0,0.0,0.0
2020-03-20,285.0,8.0,39.0,238.0,29.0,2.0,7.0
2020-03-21,294.0,10.0,41.0,243.0,9.0,2.0,2.0
2020-03-22,327.0,14.0,56.0,257.0,33.0,4.0,15.0
2020-03-23,366.0,19.0,68.0,279.0,39.0,5.0,12.0
2020-03-24,402.0,20.0,80.0,302.0,36.0,1.0,12.0
2020-03-25,456.0,21.0,95.0,340.0,54.0,1.0,15.0
2020-03-26,495.0,24.0,102.0,369.0,39.0,3.0,7.0
2020-03-27,536.0,30.0,116.0,390.0,41.0,6.0,14.0
2020-03-28,576.0,36.0,121.0,419.0,40.0,6.0,5.0
2020-03-29,609.0,40.0,132.0,437.0,33.0,4.0,11.0
2020-03-30,656.0,41.0,150.0,465.0,47.0,1.0,18.0
2020-03-31,710.0,46.0,157.0,507.0,54.0,5.0,7.0
2020-04-01,779.0,52.0,179.0,548.0,69.0,6.0,22.0
2020-04-02,865.0,58.0,201.0,606.0,86.0,6.0,22.0
2020-04-03,985.0,66.0,216.0,703.0,120.0,8.0,15.0
2020-04-04,1070.0,71.0,241.0,758.0,85.0,5.0,25.0
2020-04-05,1173.0,78.0,247.0,848.0,103.0,7.0,6.0
2020-04-06,1322.0,85.0,259.0,978.0,149.0,7.0,12.0
2020-04-07,1450.0,94.0,276.0,1080.0,128.0,9.0,17.0
2020-04-08,1560.0,103.0,305.0,1152.0,110.0,9.0,29.0
2020-04-09,1699.0,118.0,348.0,1233.0,139.0,15.0,43.0
2020-04-10,1794.0,135.0,384.0,1275.0,95.0,17.0,36.0
2020-04-11,1939.0,146.0,426.0,1367.0,145.0,11.0,42.0
2020-04-12,2065.0,159.0,589.0,1317.0,126.0,13.0,163.0
2020-04-13,2190.0,164.0,589.0,1437.0,125.0,5.0,0.0
2020-04-14,2350.0,178.0,589.0,1583.0,160.0,14.0,0.0
2020-04-15,2505.0,183.0,589.0,1733.0,155.0,5.0,0.0
2020-04-16,2673.0,196.0,596.0,1881.0,168.0,13.0,7.0
2020-04-17,2844.0,205.0,646.0,1993.0,171.0,9.0,50.0
2020-04-18,3032.0,224.0,701.0,2107.0,188.0,19.0,55.0
2020-04-19,3144.0,239.0,732.0,2173.0,112.0,15.0,31.0
2020-04-20,3333.0,250.0,821.0,2262.0,189.0,11.0,89.0
2020-04-21,3490.0,264.0,870.0,2356.0,157.0,14.0,49.0
2020-04-22,3659.0,276.0,935.0,2448.0,169.0,12.0,65.0
2020-04-23,3891.0,287.0,1004.0,2600.0,232.0,11.0,69.0
2020-04-24,4092.0,294.0,1075.0,2723.0,201.0,7.0,71.0
2020-04-25,4319.0,307.0,1114.0,2898.0,227.0,13.0,39.0
2020-04-26,4534.0,317.0,1176.0,3041.0,215.0,10.0,62.0
2020-04-27,4782.0,337.0,1236.0,3209.0,248.0,20.0,60.0
2020-04-28,5042.0,359.0,1304.0,3379.0,260.0,22.0,68.0
2020-04-29,5268.0,380.0,1335.0,3553.0,226.0,21.0,31.0
2020-04-30,5537.0,392.0,1381.0,3764.0,269.0,12.0,46.0
2020-05-01,5895.0,406.0,1460.0,4029.0,358.0,14.0,79.0
2020-05-02,6193.0,415.0,1522.0,4256.0,298.0,9.0,62.0
2020-05-03,6465.0,429.0,1562.0,4474.0,272.0,14.0,40.0
2020-05-04,6813.0,436.0,1632.0,4745.0,348.0,7.0,70.0
2020-05-05,7201.0,452.0,1730.0,5019.0,388.0,16.0,98.0
2020-05-06,7588.0,469.0,1815.0,5304.0,387.0,17.0,85.0
2020-05-07,7981.0,482.0,1887.0,5612.0,393.0,13.0,72.0
2020-05-08,8476.0,503.0,1945.0,6028.0,495.0,21.0,58.0
2020-05-09,8964.0,514.0,2002.0,6448.0,488.0,11.0,57.0
2020-05-10,9400.0,525.0,2075.0,6800.0,436.0,11.0,73.0
2020-05-11,9746.0,533.0,2172.0,7041.0,346.0,8.0,97.0
2020-05-12,10093.0,544.0,2326.0,7223.0,347.0,11.0,154.0
2020-05-13,10431.0,556.0,2486.0,7389.0,338.0,12.0,160.0
2020-05-14,10829.0,571.0,2626.0,7632.0,398.0,15.0,140.0
2020-05-15,11228.0,592.0,2799.0,7837.0,399.0,21.0,173.0
2020-05-16,11719.0,612.0,2950.0,8157.0,491.0,20.0,151.0
2020-05-17,12229.0,630.0,3172.0,8427.0,510.0,18.0,222.0
2020-05-18,12764.0,645.0,3440.0,8679.0,535.0,15.0,268.0
2020-05-19,13484.0,659.0,3742.0,9083.0,720.0,14.0,302.0
2020-05-20,14229.0,680.0,3994.0,9555.0,745.0,21.0,252.0
2020-05-21,15003.0,696.0,4217.0,10090.0,774.0,16.0,223.0
2020-05-22,15786.0,707.0,4374.0,10705.0,783.0,11.0,157.0
2020-05-23,16513.0,735.0,4628.0,11150.0,727.0,28.0,254.0
2020-05-24,17265.0,764.0,4807.0,11694.0,752.0,29.0,179.0
2020-05-25,17967.0,783.0,4900.0,12284.0,702.0,19.0,93.0
2020-05-26,18756.0,797.0,5027.0,12932.0,789.0,14.0,127.0
2020-05-27,19666.0,816.0,5205.0,13645.0,910.0,19.0,178.0
2020-05-28,20793.0,845.0,5359.0,14589.0,1127.0,29.0,154.0
2020-05-29,22082.0,879.0,5511.0,15692.0,1289.0,34.0,152.0
2020-05-30,23449.0,913.0,5693.0,16843.0,1367.0,34.0,182.0
2020-05-31,24985.0,959.0,6037.0,17989.0,1536.0,46.0,344.0
2020-06-01,26384.0,1005.0,6447.0,18932.0,1399.0,46.0,410.0
2020-06-02,27536.0,1052.0,6827.0,19657.0,1152.0,47.0,380.0
2020-06-03,28615.0,1088.0,7350.0,20177.0,1079.0,36.0,523.0
2020-06-04,29767.0,1126.0,7756.0,20885.0,1152.0,38.0,406.0
2020-06-05,31115.0,1166.0,8158.0,21791.0,1348.0,40.0,402.0
2020-06-06,32612.0,1198.0,8538.0,22876.0,1497.0,32.0,380.0
2020-06-07,34079.0,1237.0,8961.0,23881.0,1467.0,39.0,423.0
2020-06-08,35444.0,1271.0,9375.0,24798.0,1365.0,34.0,414.0
2020-06-09,36829.0,1306.0,9786.0,25737.0,1385.0,35.0,411.0
2020-06-10,38284.0,1342.0,10289.0,26653.0,1455.0,36.0,503.0
2020-06-11,39726.0,1377.0,10691.0,27658.0,1442.0,35.0,402.0
2020-06-12,41303.0,1422.0,11108.0,28773.0,1577.0,45.0,417.0
2020-06-13,42980.0,1484.0,11529.0,29967.0,1677.0,62.0,421.0
2020-06-14,44598.0,1575.0,11931.0,31092.0,1618.0,91.0,402.0
2020-06-15,46289.0,1672.0,12329.0,32288.0,1691.0,97.0,398.0
2020-06-16,47856.0,1766.0,12730.0,33360.0,1567.0,94.0,401.0
2020-06-17,49219.0,1850.0,13141.0,34228.0,1363.0,84.0,411.0
2020-06-18,50437.0,1938.0,13528.0,34971.0,1218.0,88.0,387.0
2020-06-19,52211.0,2017.0,13928.0,36266.0,1774.0,79.0,400.0
2020-06-20,53758.0,2106.0,14327.0,37325.0,1547.0,89.0,399.0
2020-06-21,55233.0,2193.0,14736.0,38304.0,1475.0,87.0,409.0
2020-06-22,56809.0,2278.0,15133.0,39398.0,1576.0,85.0,397.0
2020-06-23,58141.0,2365.0,15535.0,40241.0,1332.0,87.0,402.0
2020-06-24,59561.0,2450.0,15935.0,41176.0,1420.0,85.0,400.0
2020-06-25,61130.0,2533.0,16338.0,42259.0,1569.0,83.0,403.0
2020-06-26,62755.0,2620.0,16737.0,43398.0,1625.0,87.0,399.0
2020-06-27,63923.0,2708.0,17140.0,44075.0,1168.0,88.0,403.0
2020-06-28,65188.0,2789.0,17539.0,44860.0,1265.0,81.0,399.0
2020-06-29,66754.0,2872.0,17951.0,45931.0,1566.0,83.0,412.0
2020-06-30,68311.0,2953.0,18460.0,46898.0,1557.0,81.0,509.0
2020-07-01,69814.0,3034.0,18881.0,47899.0,1503.0,81.0,421.0
2020-07-02,71299.0,3120.0,19288.0,48891.0,1485.0,86.0,407.0
2020-07-03,72711.0,3201.0,19690.0,49820.0,1412.0,81.0,402.0
2020-07-04,74035.0,3280.0,20103.0,50652.0,1324.0,79.0,413.0
2020-07-05,75253.0,3343.0,20726.0,51184.0,1218.0,63.0,623.0
2020-07-06,76222.0,3422.0,21238.0,51562.0,969.0,79.0,512.0
2020-07-07,77279.0,3489.0,21718.0,52072.0,1057.0,67.0,480.0
2020-07-08,78304.0,3564.0,22241.0,52499.0,1025.0,75.0,523.0
2020-07-09,79254.0,3617.0,22753.0,52884.0,950.0,53.0,512.0
2020-07-10,80235.0,3702.0,23274.0,53259.0,981.0,85.0,521.0
2020-07-11,81158.0,3769.0,23876.0,53513.0,923.0,67.0,602.0
2020-07-12,82070.0,3858.0,24419.0,53793.0,912.0,89.0,543.0
2020-07-13,83001.0,3935.0,24975.0,54091.0,931.0,77.0,556.0
2020-07-14,83930.0,4008.0,25544.0,54378.0,929.0,73.0,569.0
2020-07-15,84843.0,4067.0,26135.0,54641.0,913.0,59.0,591.0
2020-07-16,85771.0,4120.0,26691.0,54960.0,928.0,53.0,556.0
2020-07-17,86474.0,4188.0,27302.0,54984.0,703.0,68.0,611.0
2020-07-18,87172.0,4251.0,27868.0,55053.0,698.0,63.0,566.0
2020-07-19,87775.0,4302.0,28380.0,55093.0,603.0,51.0,512.0
2020-07-20,88402.0,4352.0,28924.0,55126.0,627.0,50.0,544.0
2020-07-21,89078.0,4399.0,29473.0,55206.0,676.0,47.0,549.0
2020-07-22,89745.0,4440.0,30075.0,55230.0,667.0,41.0,602.0
2020-07-23,90413.0,4480.0,31066.0,54867.0,668.0,40.0,991.0
2020-07-24,91072.0,4518.0,31970.0,54584.0,659.0,38.0,904.0
2020-07-25,91583.0,4558.0,32903.0,54122.0,511.0,40.0,933.0
2020-07-26,92062.0,4606.0,33831.0,53625.0,479.0,48.0,928.0
2020-07-27,92482.0,4652.0,34838.0,52992.0,420.0,46.0,1007.0
2020-07-28,92947.0,4691.0,35959.0,52297.0,465.0,39.0,1121.0
2020-07-29,93356.0,4728.0,37025.0,51603.0,409.0,37.0,1066.0
2020-07-30,93757.0,4774.0,38236.0,50747.0,401.0,46.0,1211.0
2020-07-31,94078.0,4805.0,39638.0,49635.0,321.0,31.0,1402.0
2020-08-01,94316.0,4834.0,41137.0,48345.0,238.0,29.0,1499.0
2020-08-02,94483.0,4865.0,42455.0,47163.0,167.0,31.0,1318.0
2020-08-03,94640.0,4888.0,44066.0,45686.0,157.0,23.0,1611.0
2020-08-04,94752.0,4912.0,45569.0,44271.0,112.0,24.0,1503.0
2020-08-05,94875.0,4930.0,47182.0,42763.0,123.0,18.0,1613.0
2020-08-06,95006.0,4951.0,48898.0,41157.0,131.0,21.0,1716.0
2020-08-07,95147.0,4971.0,50553.0,39623.0,141.0,20.0,1655.0
2020-08-08,95314.0,4992.0,51672.0,38650.0,167.0,21.0,1119.0
2020-08-09,95492.0,5009.0,52678.0,37805.0,178.0,17.0,1006.0
2020-08-10,95666.0,5035.0,53779.0,36852.0,174.0,26.0,1101.0
2020-08-11,95834.0,5059.0,54888.0,35887.0,168.0,24.0,1109.0
2020-08-12,95963.0,5085.0,55901.0,34977.0,129.0,26.0,1013.0
2020-08-13,96108.0,5107.0,56890.0,34111.0,145.0,22.0,989.0
2020-08-14,96220.0,5124.0,57858.0,33238.0,112.0,17.0,968.0
2020-08-15,96336.0,5141.0,58835.0,32360.0,116.0,17.0,977.0
2020-08-16,96475.0,5160.0,59743.0,31572.0,139.0,19.0,908.0
2020-08-17,96590.0,5173.0,60651.0,30766.0,115.0,13.0,908.0
2020-08-18,96753.0,5184.0,61562.0,30007.0,163.0,11.0,911.0
2020-08-19,96914.0,5197.0,62553.0,29164.0,161.0,13.0,991.0
2020-08-20,97025.0,5212.0,63462.0,28351.0,111.0,15.0,909.0
2020-08-21,97148.0,5231.0,64318.0,27599.0,123.0,19.0,856.0
2020-08-22,97237.0,5243.0,65118.0,26876.0,89.0,12.0,800.0
2020-08-23,97340.0,5262.0,65927.0,26151.0,103.0,19.0,809.0
2020-08-24,97478.0,5280.0,66817.0,25381.0,138.0,18.0,890.0
2020-08-25,97619.0,5298.0,67717.0,24604.0,141.0,18.0,900.0
2020-08-26,97825.0,5317.0,68713.0,23795.0,206.0,19.0,996.0
2020-08-27,98062.0,5342.0,69612.0,23108.0,237.0,25.0,899.0
2020-08-28,98285.0,5362.0,70419.0,22504.0,223.0,20.0,807.0
2020-08-29,98497.0,5376.0,71302.0,21819.0,212.0,14.0,883.0
2020-08-30,98727.0,5399.0,72120.0,21208.0,230.0,23.0,818.0
2020-08-31,98939.0,5421.0,72929.0,20589.0,212.0,22.0,809.0
2020-09-01,99115.0,5440.0,73828.0,19847.0,176.0,19.0,899.0
2020-09-02,99280.0,5461.0,74626.0,19193.0,165.0,21.0,798.0
2020-09-03,99425.0,5479.0,75415.0,18531.0,145.0,18.0,789.0
2020-09-04,99582.0,5495.0,76305.0,17782.0,157.0,16.0,890.0
2020-09-05,99712.0,5511.0,77208.0,16993.0,130.0,16.0,903.0
2020-09-06,99863.0,5530.0,78108.0,16225.0,151.0,19.0,900.0
2020-09-07,100041.0,5541.0,79008.0,15492.0,178.0,11.0,900.0
2020-09-08,100228.0,5560.0,79886.0,14782.0,187.0,19.0,878.0
2020-09-09,100403.0,5577.0,80689.0,14137.0,175.0,17.0,803.0
2020-09-10,100557.0,5590.0,81597.0,13370.0,154.0,13.0,908.0
2020-09-11,100708.0,5607.0,82473.0,12628.0,151.0,17.0,876.0
2020-09-12,100856.0,5627.0,83261.0,11968.0,148.0,20.0,788.0
2020-09-13,101009.0,5648.0,84161.0,11200.0,153.0,21.0,900.0
2020-09-14,101177.0,5661.0,84969.0,10547.0,168.0,13.0,808.0
2020-09-15,101340.0,5679.0,85745.0,9916.0,163.0,18.0,776.0
2020-09-16,101500.0,5696.0,86549.0,9255.0,160.0,17.0,804.0
2020-09-17,101641.0,5715.0,87158.0,8768.0,141.0,19.0,609.0
2020-09-18,101772.0,5733.0,87958.0,8081.0,131.0,18.0,800.0
2020-09-19,101900.0,5750.0,88666.0,7484.0,128.0,17.0,708.0
2020-09-20,102015.0,5770.0,89532.0,6713.0,115.0,20.0,866.0
2020-09-21,102141.0,5787.0,90332.0,6022.0,126.0,17.0,800.0
2020-09-22,102254.0,5806.0,91143.0,5305.0,113.0,19.0,811.0
2020-09-23,102375.0,5822.0,91843.0,4710.0,121.0,16.0,700.0
2020-09-24,102513.0,5835.0,92644.0,4034.0,138.0,13.0,801.0
2020-09-25,102625.0,5853.0,93531.0,3241.0,112.0,18.0,887.0
2020-09-26,102736.0,5869.0,94374.0,2493.0,111.0,16.0,843.0
2020-09-27,102840.0,5883.0,95080.0,1877.0,104.0,14.0,706.0
2020-09-28,102955.0,5901.0,95586.0,1468.0,115.0,18.0,506.0
2020-09-29,103079.0,5914.0,96094.0,1071.0,124.0,13.0,508.0
2020-09-30,103198.0,5930.0,96494.0,774.0,119.0,16.0,400.0
2020-10-01,103317.0,5946.0,96855.0,516.0,119.0,16.0,361.0
2020-10-02,103466.0,5956.0,97143.0,367.0,149.0,10.0,288.0
2020-10-03,103575.0,5970.0,97274.0,331.0,109.0,14.0,131.0
2020-10-04,103683.0,5981.0,97355.0,347.0,108.0,11.0,81.0
