date,confirmed,deaths,recovered,active,new_confirmed,new_deaths,new_recovered
2020-02-27,1.0,0.0,0.0,1.0,,,
2020-02-28,1.0,0.0,0.0,1.0,0.0,0.0,0.0
2020-02-29,1.0,0.0,0.0,1.0,0.0,0.0,0.0
2020-03-01,1.0,0.0,0.0,1.0,0.0,0.0,0.0
2020-03-02,1.0,0.0,0.0,1.0,0.0,0.0,0.0
2020-03-03,2.0,0.0,0.0,2.0,1.0,0.0,0.0
2020-03-04,2.0,0.0,0.0,2.0,0.0,0.0,0.0
2020-03-05,3.0,0.0,0.0,3.0,1.0,0.0,0.0
2020-03-06,10.0,0.0,0.0,10.0,7.0,0.0,0.0
2020-03-07,10.0,0.0,0.0,10.0,0.0,0.0,0.0
2020-03-08,10.0,0.0,0.0,10.0,0.0,0.0,0.0
2020-03-09,10.0,0.0,0.0,10.0,0.0,0.0,0.0
2020-03-10,12.0,0.0,0.0,12.0,2.0,0.0,0.0
2020-03-11,16.0,0.0,0.0,16.0,4.0,0.0,0.0
2020-03-12,16.0,0.0,0.0,16.0,0.0,0.0,0.0
2020-03-13,79.0,0.0,0.0,79.0,63.0,0.0,0.0
2020-03-14,115.0,0.0,0.0,115.0,36.0,0.0,0.0
2020-03-15,171.0,0.0,1.0,170.0,56.0,0.0,1.0
2020-03-16,205.0,0.0,1.0,204.0,34.0,0.0,0.0
2020-03-17,225.0,0.0,1.0,224.0,20.0,0.0,0.0
2020-03-18,258.0,0.0,1.0,257.0,33.0,0.0,0.0
2020-03-19,267.0,0.0,1.0,266.0,9.0,0.0,0.0
2020-03-20,283.0,0.0,1.0,282.0,16.0,0.0,0.0
2020-03-21,306.0,0.0,1.0,305.0,23.0,0.0,0.0
2020-03-22,326.0,0.0,4.0,322.0,20.0,0.0,3.0
2020-03-23,352.0,0.0,4.0,348.0,26.0,0.0,0.0
2020-03-24,369.0,0.0,7.0,362.0,17.0,0.0,3.0
2020-03-25,404.0,1.0,8.0,395.0,35.0,1.0,1.0
2020-03-26,538.0,1.0,8.0,529.0,134.0,0.0,0.0
2020-03-27,575.0,1.0,11.0,563.0,37.0,0.0,3.0
2020-03-28,645.0,1.0,20.0,624.0,70.0,0.0,9.0
2020-03-29,679.0,3.0,20.0,656.0,34.0,2.0,0.0
2020-03-30,715.0,3.0,20.0,692.0,36.0,0.0,0.0
2020-03-31,745.0,4.0,26.0,715.0,30.0,1.0,6.0
2020-04-01,779.0,5.0,33.0,741.0,34.0,1.0,7.0
2020-04-02,858.0,11.0,45.0,802.0,79.0,6.0,12.0
2020-04-03,961.0,12.0,48.0,901.0,103.0,1.0,3.0
2020-04-04,1039.0,13.0,59.0,967.0,78.0,1.0,11.0
2020-04-05,1097.0,15.0,62.0,1020.0,58.0,2.0,3.0
2020-04-06,1108.0,19.0,62.0,1027.0,11.0,4.0,0.0
2020-04-07,1149.0,21.0,69.0,1059.0,41.0,2.0,7.0
2020-04-08,1185.0,24.0,72.0,1089.0,36.0,3.0,3.0
2020-04-09,1207.0,24.0,83.0,1100.0,22.0,0.0,11.0
2020-04-10,1258.0,24.0,93.0,1141.0,51.0,0.0,10.0
2020-04-11,1304.0,24.0,93.0,1187.0,46.0,0.0,0.0
2020-04-12,1309.0,25.0,98.0,1186.0,5.0,1.0,5.0
2020-04-13,1332.0,28.0,102.0,1202.0,23.0,3.0,4.0
2020-04-14,1373.0,31.0,115.0,1227.0,41.0,3.0,13.0
2020-04-15,1400.0,35.0,117.0,1248.0,27.0,4.0,2.0
2020-04-16,1434.0,36.0,133.0,1265.0,34.0,1.0,16.0
2020-04-17,1459.0,38.0,145.0,1276.0,25.0,2.0,12.0
2020-04-18,1512.0,38.0,162.0,1312.0,53.0,0.0,17.0
2020-04-19,1528.0,40.0,164.0,1324.0,16.0,2.0,2.0
2020-04-20,1535.0,40.0,165.0,1330.0,7.0,0.0,1.0
2020-04-21,1552.0,43.0,169.0,1340.0,17.0,3.0,4.0
2020-04-22,1559.0,44.0,184.0,1331.0,7.0,1.0,15.0
2020-04-23,1592.0,45.0,192.0,1355.0,33.0,1.0,8.0
2020-04-24,1605.0,46.0,206.0,1353.0,13.0,1.0,14.0
2020-04-25,1635.0,46.0,228.0,1361.0,30.0,0.0,22.0
2020-04-26,1643.0,49.0,233.0,1361.0,8.0,3.0,5.0
2020-04-27,1647.0,50.0,233.0,1364.0,4.0,1.0,0.0
2020-04-28,1660.0,50.0,240.0,1370.0,13.0,0.0,7.0
2020-04-29,1666.0,50.0,236.0,1380.0,6.0,0.0,-4.0
2020-04-30,1689.0,52.0,249.0,1388.0,23.0,2.0,13.0
2020-05-01,1694.0,52.0,253.0,1389.0,5.0,0.0,4.0
2020-05-02,1699.0,53.0,256.0,1390.0,5.0,1.0,3.0
2020-05-03,1700.0,55.0,259.0,1386.0,1.0,2.0,3.0
2020-05-04,1703.0,55.0,259.0,1389.0,3.0,0.0,0.0
2020-05-05,1711.0,55.0,261.0,1395.0,8.0,0.0,2.0
2020-05-06,1713.0,55.0,264.0,1394.0,2.0,0.0,3.0
2020-05-07,1720.0,56.0,273.0,1391.0,7.0,1.0,9.0
2020-05-08,1725.0,56.0,704.0,965.0,5.0,0.0,431.0
2020-05-09,1733.0,60.0,747.0,926.0,8.0,4.0,43.0
2020-05-10,1739.0,60.0,750.0,929.0,6.0,0.0,3.0
2020-05-11,1741.0,61.0,751.0,929.0,2.0,1.0,1.0
2020-05-12,1746.0,61.0,777.0,908.0,5.0,0.0,26.0
2020-05-13,1751.0,61.0,777.0,913.0,5.0,0.0,0.0
2020-05-14,1758.0,62.0,909.0,787.0,7.0,1.0,132.0
2020-05-15,1766.0,63.0,923.0,780.0,8.0,1.0,14.0
2020-05-16,1770.0,63.0,934.0,773.0,4.0,0.0,11.0
2020-05-17,1774.0,63.0,938.0,773.0,4.0,0.0,4.0
2020-05-18,1784.0,64.0,938.0,782.0,10.0,1.0,0.0
2020-05-19,1791.0,64.0,938.0,789.0,7.0,0.0,0.0
2020-05-20,1794.0,64.0,956.0,774.0,3.0,0.0,18.0
2020-05-21,1800.0,64.0,1488.0,248.0,6.0,0.0,532.0
2020-05-22,1807.0,64.0,1508.0,235.0,7.0,0.0,20.0
2020-05-23,1821.0,64.0,1526.0,231.0,14.0,0.0,18.0
2020-05-24,1823.0,64.0,1532.0,227.0,2.0,0.0,6.0
2020-05-25,1824.0,65.0,1538.0,221.0,1.0,1.0,6.0
2020-05-26,1834.0,65.0,1552.0,217.0,10.0,0.0,14.0
2020-05-27,1840.0,66.0,1561.0,213.0,6.0,1.0,9.0
2020-05-28,1851.0,66.0,1574.0,211.0,11.0,0.0,13.0
2020-05-29,1859.0,67.0,1610.0,182.0,8.0,1.0,36.0
2020-05-30,1865.0,67.0,1622.0,176.0,6.0,0.0,12.0
2020-05-31,1869.0,68.0,1624.0,177.0,4.0,1.0,2.0
2020-06-01,1870.0,68.0,1625.0,177.0,1.0,0.0,1.0
2020-06-02,1870.0,68.0,1632.0,170.0,0.0,0.0,7.0
2020-06-03,1880.0,69.0,1650.0,161.0,10.0,1.0,18.0
2020-06-04,1890.0,69.0,1663.0,158.0,10.0,0.0,13.0
2020-06-05,1910.0,69.0,1667.0,174.0,20.0,0.0,4.0
2020-06-06,1931.0,69.0,1675.0,187.0,21.0,0.0,8.0
2020-06-07,1939.0,69.0,1681.0,189.0,8.0,0.0,6.0
2020-06-08,1940.0,69.0,1683.0,188.0,1.0,0.0,2.0
2020-06-09,1947.0,69.0,1684.0,194.0,7.0,0.0,1.0
2020-06-10,1958.0,69.0,1690.0,199.0,11.0,0.0,6.0
2020-06-11,1965.0,69.0,1697.0,199.0,7.0,0.0,7.0
2020-06-12,1970.0,69.0,1703.0,198.0,5.0,0.0,6.0
2020-06-13,1973.0,69.0,1705.0,199.0,3.0,0.0,2.0
2020-06-14,1973.0,69.0,1705.0,199.0,0.0,0.0,0.0
2020-06-15,1974.0,69.0,1717.0,188.0,1.0,0.0,12.0
2020-06-16,1975.0,69.0,1728.0,178.0,1.0,0.0,11.0
2020-06-17,1977.0,69.0,1743.0,165.0,2.0,0.0,15.0
2020-06-18,1977.0,69.0,1748.0,160.0,0.0,0.0,5.0
2020-06-19,1979.0,69.0,1755.0,155.0,2.0,0.0,7.0
2020-06-20,1981.0,69.0,1758.0,154.0,2.0,0.0,3.0
2020-06-21,1981.0,69.0,1764.0,148.0,0.0,0.0,6.0
2020-06-22,1981.0,69.0,1765.0,147.0,0.0,0.0,1.0
2020-06-23,1982.0,69.0,1771.0,142.0,1.0,0.0,6.0
2020-06-24,1983.0,69.0,1783.0,131.0,1.0,0.0,12.0
2020-06-25,1984.0,69.0,1790.0,125.0,1.0,0.0,7.0
2020-06-26,1986.0,69.0,1797.0,120.0,2.0,0.0,7.0
2020-06-27,1986.0,69.0,1812.0,105.0,0.0,0.0,15.0
2020-06-28,1987.0,69.0,1818.0,100.0,1.0,0.0,6.0
2020-06-29,1987.0,69.0,1818.0,100.0,0.0,0.0,0.0
2020-06-30,1989.0,69.0,1829.0,91.0,2.0,0.0,11.0
2020-07-01,1989.0,69.0,1836.0,84.0,0.0,0.0,7.0
2020-07-02,1990.0,69.0,1842.0,79.0,1.0,0.0,6.0
2020-07-03,1991.0,69.0,1859.0,63.0,1.0,0.0,17.0
2020-07-04,1993.0,69.0,1870.0,54.0,2.0,0.0,11.0
2020-07-05,1993.0,69.0,1874.0,50.0,0.0,0.0,4.0
2020-07-06,1994.0,69.0,1875.0,50.0,1.0,0.0,1.0
2020-07-07,1995.0,69.0,1880.0,46.0,1.0,0.0,5.0
2020-07-08,2003.0,69.0,1882.0,52.0,8.0,0.0,2.0
2020-07-09,2011.0,69.0,1889.0,53.0,8.0,0.0,7.0
2020-07-10,2013.0,69.0,1894.0,50.0,2.0,0.0,5.0
2020-07-11,2014.0,69.0,1895.0,50.0,1.0,0.0,1.0
2020-07-12,2014.0,69.0,1895.0,50.0,0.0,0.0,0.0
2020-07-13,2014.0,69.0,1895.0,50.0,0.0,0.0,0.0
2020-07-14,2015.0,69.0,1897.0,49.0,1.0,0.0,2.0
2020-07-15,2016.0,69.0,1901.0,46.0,1.0,0.0,4.0
2020-07-16,2016.0,69.0,1904.0,43.0,0.0,0.0,3.0
2020-07-17,2020.0,69.0,1910.0,41.0,4.0,0.0,6.0
2020-07-18,2021.0,69.0,1912.0,40.0,1.0,0.0,2.0
2020-07-19,2021.0,69.0,1912.0,40.0,0.0,0.0,0.0
2020-07-20,2021.0,69.0,1912.0,40.0,0.0,0.0,0.0
2020-07-21,2022.0,69.0,1912.0,41.0,1.0,0.0,0.0
2020-07-22,2025.0,69.0,1912.0,44.0,3.0,0.0,0.0
2020-07-23,2027.0,69.0,1912.0,46.0,2.0,0.0,0.0
2020-07-24,2028.0,69.0,1915.0,44.0,1.0,0.0,3.0
2020-07-25,2033.0,69.0,1915.0,49.0,5.0,0.0,0.0
2020-07-26,2034.0,69.0,1922.0,43.0,1.0,0.0,7.0
2020-07-27,2034.0,69.0,1923.0,42.0,0.0,0.0,1.0
2020-07-28,2038.0,69.0,1924.0,45.0,4.0,0.0,1.0
2020-07-29,2042.0,69.0,1926.0,47.0,4.0,0.0,2.0
2020-07-30,2051.0,69.0,1926.0,56.0,9.0,0.0,0.0
2020-07-31,2064.0,69.0,1930.0,65.0,13.0,0.0,4.0
2020-08-01,2072.0,69.0,1934.0,69.0,8.0,0.0,4.0
2020-08-02,2079.0,63.0,1934.0,82.0,7.0,-6.0,0.0
2020-08-03,2080.0,63.0,1935.0,82.0,1.0,0.0,1.0
2020-08-04,2091.0,63.0,1937.0,91.0,11.0,0.0,2.0
2020-08-05,2113.0,63.0,1948.0,102.0,22.0,0.0,11.0
2020-08-06,2124.0,63.0,1954.0,107.0,11.0,0.0,6.0
2020-08-07,2133.0,63.0,1956.0,114.0,9.0,0.0,2.0
2020-08-08,2147.0,63.0,1961.0,123.0,14.0,0.0,5.0
2020-08-09,2152.0,63.0,1961.0,128.0,5.0,0.0,0.0
2020-08-10,2158.0,63.0,1962.0,133.0,6.0,0.0,1.0
2020-08-11,2167.0,63.0,1968.0,136.0,9.0,0.0,6.0
2020-08-12,2174.0,63.0,1975.0,136.0,7.0,0.0,7.0
2020-08-13,2174.0,63.0,1975.0,136.0,0.0,0.0,0.0
2020-08-14,2177.0,63.0,1976.0,138.0,3.0,0.0,1.0
2020-08-15,2184.0,63.0,1976.0,145.0,7.0,0.0,0.0
2020-08-16,2190.0,63.0,1976.0,151.0,6.0,0.0,0.0
2020-08-17,2192.0,63.0,1976.0,153.0,2.0,0.0,0.0
2020-08-18,2200.0,63.0,1990.0,147.0,8.0,0.0,14.0
2020-08-19,2207.0,63.0,2002.0,142.0,7.0,0.0,12.0
2020-08-20,2227.0,63.0,2009.0,155.0,20.0,0.0,7.0
2020-08-21,2244.0,63.0,2011.0,170.0,17.0,0.0,2.0
2020-08-22,2265.0,63.0,2024.0,178.0,21.0,0.0,13.0
2020-08-23,2272.0,63.0,2024.0,185.0,7.0,0.0,0.0
2020-08-24,2275.0,64.0,2025.0,186.0,3.0,1.0,1.0
2020-08-25,2294.0,64.0,2038.0,192.0,19.0,0.0,13.0
2020-08-26,2311.0,64.0,2054.0,193.0,17.0,0.0,16.0
2020-08-27,2325.0,64.0,2067.0,194.0,14.0,0.0,13.0
2020-08-28,2343.0,64.0,2076.0,203.0,18.0,0.0,9.0
2020-08-29,2363.0,64.0,2086.0,213.0,20.0,0.0,10.0
2020-08-30,2373.0,64.0,2088.0,221.0,10.0,0.0,2.0
2020-08-31,2375.0,64.0,2088.0,223.0,2.0,0.0,0.0
2020-09-01,2395.0,64.0,2112.0,219.0,20.0,0.0,24.0
2020-09-02,2415.0,64.0,2130.0,221.0,20.0,0.0,18.0
2020-09-03,2441.0,64.0,2150.0,227.0,26.0,0.0,20.0
2020-09-04,2456.0,64.0,2157.0,235.0,15.0,0.0,7.0
2020-09-05,2491.0,64.0,2165.0,262.0,35.0,0.0,8.0
2020-09-06,2516.0,64.0,2170.0,282.0,25.0,0.0,5.0
2020-09-07,2532.0,64.0,2176.0,292.0,16.0,0.0,6.0
2020-09-08,2564.0,64.0,2195.0,305.0,32.0,0.0,19.0
2020-09-09,2585.0,64.0,2213.0,308.0,21.0,0.0,18.0
2020-09-10,2600.0,64.0,2223.0,313.0,15.0,0.0,10.0
2020-09-11,2632.0,64.0,2233.0,335.0,32.0,0.0,10.0
2020-09-12,2655.0,64.0,2252.0,339.0,23.0,0.0,19.0
2020-09-13,2676.0,64.0,2256.0,356.0,21.0,0.0,4.0
2020-09-14,2698.0,64.0,2256.0,378.0,22.0,0.0,0.0
2020-09-15,2722.0,64.0,2286.0,372.0,24.0,0.0,30.0
2020-09-16,2756.0,64.0,2318.0,374.0,34.0,0.0,32.0
2020-09-17,2778.0,64.0,2337.0,377.0,22.0,0.0,19.0
2020-09-18,2814.0,64.0,2357.0,393.0,36.0,0.0,20.0
2020-09-19,2875.0,64.0,2374.0,437.0,61.0,0.0,17.0
2020-09-20,2924.0,64.0,2377.0,483.0,49.0,0.0,3.0
2020-09-21,2941.0,64.0,2379.0,498.0,17.0,0.0,2.0
2020-09-22,2976.0,64.0,2385.0,527.0,35.0,0.0,6.0
2020-09-23,3033.0,64.0,2387.0,582.0,57.0,0.0,2.0
2020-09-24,3076.0,64.0,2395.0,617.0,43.0,0.0,8.0
2020-09-25,3118.0,64.0,2417.0,637.0,42.0,0.0,22.0
2020-09-26,3165.0,64.0,2499.0,602.0,47.0,0.0,82.0
2020-09-27,3200.0,64.0,2506.0,630.0,35.0,0.0,7.0
2020-09-28,3267.0,64.0,2513.0,690.0,67.0,0.0,7.0
2020-09-29,3315.0,64.0,2564.0,687.0,48.0,0.0,51.0
2020-09-30,3371.0,64.0,2605.0,702.0,56.0,0.0,41.0
2020-10-01,3450.0,65.0,2643.0,742.0,79.0,1.0,38.0
2020-10-02,3507.0,66.0,2675.0,766.0,57.0,1.0,32.0
2020-10-03,3577.0,67.0,2727.0,783.0,70.0,1.0,52.0
2020-10-04,3607.0,67.0,2749.0,791.0,30.0,0.0,22.0
2020-10-05,3617.0,67.0,2755.0,795.0,10.0,0.0,6.0
2020-10-06,3659.0,67.0,2806.0,786.0,42.0,0.0,51.0
2020-10-07,3715.0,67.0,2813.0,835.0,56.0,0.0,7.0
2020-10-08,3760.0,67.0,2824.0,869.0,45.0,0.0,11.0
2020-10-09,3809.0,68.0,2906.0,835.0,49.0,1.0,82.0
2020-10-10,3846.0,68.0,2946.0,832.0,37.0,0.0,40.0
2020-10-11,3865.0,68.0,2958.0,839.0,19.0,0.0,12.0
2020-10-12,3883.0,68.0,2967.0,848.0,18.0,0.0,9.0
2020-10-13,3908.0,68.0,3015.0,825.0,25.0,0.0,48.0
2020-10-14,3947.0,68.0,3060.0,819.0,39.0,0.0,45.0
2020-10-15,3980.0,68.0,3093.0,819.0,33.0,0.0,33.0
2020-10-16,4017.0,68.0,3137.0,812.0,37.0,0.0,44.0
2020-10-17,4052.0,68.0,3198.0,786.0,35.0,0.0,61.0
2020-10-18,4078.0,68.0,3211.0,799.0,26.0,0.0,13.0
2020-10-19,4085.0,68.0,3229.0,788.0,7.0,0.0,18.0
2020-10-20,4127.0,71.0,3270.0,786.0,42.0,3.0,41.0
2020-10-21,4171.0,71.0,3334.0,766.0,44.0,0.0,64.0
2020-10-22,4247.0,71.0,3366.0,810.0,76.0,0.0,32.0
2020-10-23,4300.0,73.0,3418.0,809.0,53.0,2.0,52.0
2020-10-24,4351.0,73.0,3441.0,837.0,51.0,0.0,23.0
2020-10-25,4411.0,73.0,3457.0,881.0,60.0,0.0,16.0
2020-10-26,4428.0,73.0,3505.0,850.0,17.0,0.0,48.0
2020-10-27,4465.0,73.0,3561.0,831.0,37.0,0.0,56.0
2020-10-28,4590.0,73.0,3626.0,891.0,125.0,0.0,65.0
2020-10-29,4671.0,73.0,3684.0,914.0,81.0,0.0,58.0
2020-10-30,4771.0,73.0,3747.0,951.0,100.0,0.0,63.0
2020-10-31,4905.0,73.0,3811.0,1021.0,134.0,0.0,64.0
2020-11-01,4985.0,73.0,3824.0,1088.0,80.0,0.0,13.0
