date,confirmed,deaths,recovered,active,new_confirmed,new_deaths,new_recovered
2020-03-14,1.0,0.0,0.0,1.0,,,
2020-03-15,1.0,0.0,0.0,1.0,0.0,0.0,0.0
2020-03-16,1.0,0.0,0.0,1.0,0.0,0.0,0.0
2020-03-17,1.0,0.0,0.0,1.0,0.0,0.0,0.0
2020-03-18,1.0,0.0,0.0,1.0,0.0,0.0,0.0
2020-03-19,1.0,0.0,0.0,1.0,0.0,0.0,0.0
2020-03-20,1.0,0.0,0.0,1.0,0.0,0.0,0.0
2020-03-21,1.0,0.0,0.0,1.0,0.0,0.0,0.0
2020-03-22,4.0,0.0,0.0,4.0,3.0,0.0,0.0
2020-03-23,4.0,0.0,0.0,4.0,0.0,0.0,0.0
2020-03-24,4.0,0.0,0.0,4.0,0.0,0.0,0.0
2020-03-25,4.0,0.0,0.0,4.0,0.0,0.0,0.0
2020-03-26,6.0,0.0,0.0,6.0,2.0,0.0,0.0
2020-03-27,9.0,0.0,0.0,9.0,3.0,0.0,0.0
2020-03-28,9.0,0.0,0.0,9.0,0.0,0.0,0.0
2020-03-29,9.0,0.0,0.0,9.0,0.0,0.0,0.0
2020-03-30,9.0,0.0,0.0,9.0,0.0,0.0,0.0
2020-03-31,9.0,0.0,0.0,9.0,0.0,0.0,0.0
2020-04-01,9.0,0.0,0.0,9.0,0.0,0.0,0.0
2020-04-02,9.0,0.0,0.0,9.0,0.0,0.0,0.0
2020-04-03,9.0,0.0,0.0,9.0,0.0,0.0,0.0
2020-04-04,9.0,0.0,0.0,9.0,0.0,0.0,0.0
2020-04-05,9.0,0.0,0.0,9.0,0.0,0.0,0.0
2020-04-06,10.0,0.0,4.0,6.0,1.0,0.0,4.0
2020-04-07,10.0,0.0,4.0,6.0,0.0,0.0,0.0
2020-04-08,12.0,0.0,7.0,5.0,2.0,0.0,3.0
2020-04-09,12.0,0.0,7.0,5.0,0.0,0.0,0.0
2020-04-10,12.0,0.0,7.0,5.0,0.0,0.0,0.0
2020-04-11,12.0,0.0,7.0,5.0,0.0,0.0,0.0
2020-04-12,14.0,0.0,7.0,7.0,2.0,0.0,0.0
2020-04-13,15.0,0.0,7.0,8.0,1.0,0.0,0.0
2020-04-14,15.0,0.0,8.0,7.0,0.0,0.0,1.0
2020-04-15,15.0,0.0,8.0,7.0,0.0,0.0,0.0
2020-04-16,16.0,1.0,8.0,7.0,1.0,1.0,0.0
2020-04-17,16.0,1.0,8.0,7.0,0.0,0.0,0.0
2020-04-18,22.0,1.0,8.0,13.0,6.0,0.0,0.0
2020-04-19,22.0,1.0,8.0,13.0,0.0,0.0,0.0
2020-04-20,24.0,1.0,8.0,15.0,2.0,0.0,0.0
2020-04-21,31.0,1.0,8.0,22.0,7.0,0.0,0.0
2020-04-22,31.0,1.0,8.0,22.0,0.0,0.0,0.0
2020-04-23,31.0,1.0,8.0,22.0,0.0,0.0,0.0
2020-04-24,36.0,1.0,10.0,25.0,5.0,0.0,2.0
2020-04-25,56.0,1.0,10.0,45.0,20.0,0.0,0.0
2020-04-26,59.0,1.0,10.0,48.0,3.0,0.0,0.0
2020-04-27,65.0,1.0,10.0,54.0,6.0,0.0,0.0
2020-04-28,71.0,1.0,10.0,60.0,6.0,0.0,0.0
2020-04-29,91.0,1.0,10.0,80.0,20.0,0.0,0.0
2020-04-30,100.0,1.0,12.0,87.0,9.0,0.0,2.0
2020-05-01,106.0,1.0,12.0,93.0,6.0,0.0,0.0
2020-05-02,108.0,1.0,12.0,95.0,2.0,0.0,0.0
2020-05-03,112.0,1.0,12.0,99.0,4.0,0.0,0.0
2020-05-04,116.0,1.0,12.0,103.0,4.0,0.0,0.0
2020-05-05,119.0,1.0,12.0,106.0,3.0,0.0,0.0
2020-05-06,123.0,2.0,12.0,109.0,4.0,1.0,0.0
2020-05-07,153.0,2.0,12.0,139.0,30.0,0.0,0.0
2020-05-08,159.0,2.0,12.0,145.0,6.0,0.0,0.0
2020-05-09,163.0,2.0,14.0,147.0,4.0,0.0,2.0
2020-05-10,172.0,2.0,27.0,143.0,9.0,0.0,13.0
2020-05-11,175.0,2.0,28.0,145.0,3.0,0.0,1.0
2020-05-12,184.0,2.0,28.0,154.0,9.0,0.0,0.0
2020-05-13,187.0,2.0,48.0,137.0,3.0,0.0,20.0
2020-05-14,187.0,2.0,51.0,134.0,0.0,0.0,3.0
2020-05-15,190.0,2.0,66.0,122.0,3.0,0.0,15.0
2020-05-16,202.0,2.0,72.0,128.0,12.0,0.0,6.0
2020-05-17,203.0,2.0,73.0,128.0,1.0,0.0,1.0
2020-05-18,205.0,2.0,78.0,125.0,2.0,0.0,5.0
2020-05-19,208.0,2.0,87.0,119.0,3.0,0.0,9.0
2020-05-20,217.0,2.0,97.0,118.0,9.0,0.0,10.0
2020-05-21,220.0,2.0,112.0,106.0,3.0,0.0,15.0
2020-05-22,225.0,2.0,119.0,104.0,5.0,0.0,7.0
2020-05-23,238.0,2.0,119.0,117.0,13.0,0.0,0.0
2020-05-24,250.0,2.0,156.0,92.0,12.0,0.0,37.0
2020-05-25,256.0,2.0,158.0,96.0,6.0,0.0,2.0
2020-05-26,261.0,2.0,164.0,95.0,5.0,0.0,6.0
2020-05-27,272.0,2.0,168.0,102.0,11.0,0.0,4.0
2020-05-28,279.0,2.0,168.0,109.0,7.0,0.0,0.0
2020-05-29,279.0,2.0,168.0,109.0,0.0,0.0,0.0
2020-05-30,283.0,2.0,168.0,113.0,4.0,0.0,0.0
2020-05-31,285.0,2.0,189.0,94.0,2.0,0.0,21.0
2020-06-01,293.0,3.0,194.0,96.0,8.0,1.0,5.0
2020-06-02,294.0,3.0,198.0,93.0,1.0,0.0,4.0
2020-06-03,295.0,3.0,201.0,91.0,1.0,0.0,3.0
2020-06-04,300.0,3.0,201.0,96.0,5.0,0.0,0.0
2020-06-05,305.0,3.0,221.0,81.0,5.0,0.0,20.0
2020-06-06,322.0,3.0,224.0,95.0,17.0,0.0,3.0
2020-06-07,333.0,3.0,225.0,105.0,11.0,0.0,1.0
2020-06-08,340.0,3.0,229.0,108.0,7.0,0.0,4.0
2020-06-09,371.0,3.0,232.0,136.0,31.0,0.0,3.0
2020-06-10,398.0,3.0,236.0,159.0,27.0,0.0,4.0
2020-06-11,449.0,3.0,238.0,208.0,51.0,0.0,2.0
2020-06-12,472.0,3.0,246.0,223.0,23.0,0.0,8.0
2020-06-13,486.0,3.0,247.0,236.0,14.0,0.0,1.0
2020-06-14,490.0,4.0,249.0,237.0,4.0,1.0,2.0
2020-06-15,506.0,4.0,249.0,253.0,16.0,0.0,0.0
2020-06-16,520.0,4.0,259.0,257.0,14.0,0.0,10.0
2020-06-17,563.0,4.0,262.0,297.0,43.0,0.0,3.0
2020-06-18,586.0,4.0,267.0,315.0,23.0,0.0,5.0
2020-06-19,623.0,4.0,276.0,343.0,37.0,0.0,9.0
2020-06-20,627.0,5.0,285.0,337.0,4.0,1.0,9.0
2020-06-21,635.0,5.0,285.0,345.0,8.0,0.0,0.0
2020-06-22,643.0,6.0,291.0,346.0,8.0,1.0,6.0
2020-06-23,674.0,7.0,319.0,348.0,31.0,1.0,28.0
2020-06-24,690.0,7.0,331.0,352.0,16.0,0.0,12.0
2020-06-25,706.0,8.0,347.0,351.0,16.0,1.0,16.0
2020-06-26,728.0,8.0,367.0,353.0,22.0,0.0,20.0
2020-06-27,745.0,8.0,370.0,367.0,17.0,0.0,3.0
2020-06-28,781.0,11.0,372.0,398.0,36.0,3.0,2.0
2020-06-29,795.0,11.0,380.0,404.0,14.0,0.0,8.0
2020-06-30,812.0,11.0,408.0,393.0,17.0,0.0,28.0
2020-07-01,840.0,11.0,418.0,411.0,28.0,0.0,10.0
2020-07-02,873.0,11.0,452.0,410.0,33.0,0.0,34.0
2020-07-03,909.0,13.0,515.0,381.0,36.0,2.0,63.0
2020-07-04,954.0,13.0,535.0,406.0,45.0,0.0,20.0
2020-07-05,988.0,13.0,547.0,428.0,34.0,0.0,12.0
2020-07-06,1011.0,13.0,564.0,434.0,23.0,0.0,17.0
2020-07-07,1056.0,14.0,570.0,472.0,45.0,1.0,6.0
2020-07-08,1138.0,14.0,588.0,536.0,82.0,0.0,18.0
2020-07-09,1213.0,17.0,609.0,587.0,75.0,3.0,21.0
2020-07-10,1257.0,18.0,633.0,606.0,44.0,1.0,24.0
2020-07-11,1311.0,18.0,656.0,637.0,54.0,0.0,23.0
2020-07-12,1351.0,20.0,668.0,663.0,40.0,2.0,12.0
2020-07-13,1389.0,20.0,688.0,681.0,38.0,0.0,20.0
2020-07-14,1434.0,20.0,695.0,719.0,45.0,0.0,7.0
2020-07-15,1489.0,20.0,724.0,745.0,55.0,0.0,29.0
2020-07-16,1552.0,21.0,736.0,795.0,63.0,1.0,12.0
2020-07-17,1619.0,21.0,769.0,829.0,67.0,0.0,33.0
2020-07-18,1729.0,21.0,788.0,920.0,110.0,0.0,19.0
2020-07-19,1793.0,21.0,822.0,950.0,64.0,0.0,34.0
2020-07-20,1826.0,23.0,850.0,953.0,33.0,2.0,28.0
2020-07-21,1894.0,24.0,855.0,1015.0,68.0,1.0,5.0
2020-07-22,1938.0,25.0,876.0,1037.0,44.0,1.0,21.0
2020-07-23,2021.0,28.0,882.0,1111.0,83.0,3.0,6.0
2020-07-24,2073.0,28.0,929.0,1116.0,52.0,0.0,47.0
2020-07-25,2142.0,28.0,940.0,1174.0,69.0,0.0,11.0
2020-07-26,2207.0,32.0,986.0,1189.0,65.0,4.0,46.0
2020-07-27,2316.0,34.0,1025.0,1257.0,109.0,2.0,39.0
2020-07-28,2404.0,39.0,1025.0,1340.0,88.0,5.0,0.0
2020-07-29,2551.0,40.0,1070.0,1441.0,147.0,1.0,45.0
2020-07-30,2577.0,40.0,1134.0,1403.0,26.0,0.0,64.0
2020-07-31,2648.0,41.0,1214.0,1393.0,71.0,1.0,80.0
2020-08-01,2706.0,43.0,1214.0,1449.0,58.0,2.0,0.0
2020-08-02,2775.0,43.0,1214.0,1518.0,69.0,0.0,0.0
2020-08-03,2838.0,45.0,1253.0,1540.0,63.0,2.0,39.0
2020-08-04,2856.0,49.0,1258.0,1549.0,18.0,4.0,5.0
2020-08-05,2909.0,53.0,1385.0,1471.0,53.0,4.0,127.0
2020-08-06,2968.0,55.0,1476.0,1437.0,59.0,2.0,91.0
2020-08-07,3036.0,56.0,1476.0,1504.0,68.0,1.0,0.0
2020-08-08,3128.0,56.0,1565.0,1507.0,92.0,0.0,89.0
2020-08-09,3236.0,58.0,1607.0,1571.0,108.0,2.0,42.0
2020-08-10,3309.0,61.0,1634.0,1614.0,73.0,3.0,27.0
2020-08-11,3410.0,63.0,1720.0,1627.0,101.0,2.0,86.0
2020-08-12,3525.0,63.0,1910.0,1552.0,115.0,0.0,190.0
2020-08-13,3599.0,65.0,1991.0,1543.0,74.0,2.0,81.0
2020-08-14,3670.0,68.0,1991.0,1611.0,71.0,3.0,0.0
2020-08-15,3745.0,69.0,2268.0,1408.0,75.0,1.0,277.0
2020-08-16,3839.0,70.0,2268.0,1501.0,94.0,1.0,0.0
2020-08-17,3894.0,73.0,2371.0,1450.0,55.0,3.0,103.0
2020-08-18,3989.0,76.0,2587.0,1326.0,95.0,3.0,216.0
2020-08-19,4058.0,79.0,2611.0,1368.0,69.0,3.0,24.0
2020-08-20,4110.0,81.0,2643.0,1386.0,52.0,2.0,32.0
2020-08-21,4128.0,81.0,2682.0,1365.0,18.0,0.0,39.0
2020-08-22,4189.0,83.0,2762.0,1344.0,61.0,2.0,80.0
2020-08-23,4225.0,85.0,2898.0,1242.0,36.0,2.0,136.0
2020-08-24,4304.0,85.0,2936.0,1283.0,79.0,0.0,38.0
2020-08-25,4327.0,86.0,2959.0,1282.0,23.0,1.0,23.0
2020-08-26,4387.0,88.0,3078.0,1221.0,60.0,2.0,119.0
2020-08-27,4433.0,89.0,3115.0,1229.0,46.0,1.0,37.0
2020-08-28,4461.0,91.0,3210.0,1160.0,28.0,2.0,95.0
2020-08-29,4510.0,91.0,3359.0,1060.0,49.0,0.0,149.0
2020-08-30,4561.0,91.0,3478.0,992.0,51.0,0.0,119.0
2020-08-31,4577.0,91.0,3529.0,957.0,16.0,0.0,51.0
2020-09-01,4618.0,94.0,3562.0,962.0,41.0,3.0,33.0
2020-09-02,4668.0,94.0,3585.0,989.0,50.0,0.0,23.0
2020-09-03,4720.0,94.0,3789.0,837.0,52.0,0.0,204.0
2020-09-04,4780.0,94.0,3844.0,842.0,60.0,0.0,55.0
2020-09-05,4819.0,94.0,3903.0,822.0,39.0,0.0,59.0
2020-09-06,4853.0,94.0,3951.0,808.0,34.0,0.0,48.0
2020-09-07,4884.0,94.0,4029.0,761.0,31.0,0.0,78.0
2020-09-08,4904.0,96.0,4059.0,749.0,20.0,2.0,30.0
2020-09-09,4936.0,97.0,4077.0,762.0,32.0,1.0,18.0
2020-09-10,4994.0,98.0,4103.0,793.0,58.0,1.0,26.0
2020-09-11,5025.0,98.0,4165.0,762.0,31.0,0.0,62.0
2020-09-12,5050.0,98.0,4188.0,764.0,25.0,0.0,23.0
2020-09-13,5075.0,98.0,4229.0,748.0,25.0,0.0,41.0
2020-09-14,5104.0,101.0,4374.0,629.0,29.0,3.0,145.0
2020-09-15,5128.0,101.0,4401.0,626.0,24.0,0.0,27.0
2020-09-16,5155.0,101.0,4418.0,636.0,27.0,0.0,17.0
2020-09-17,5191.0,103.0,4439.0,649.0,36.0,2.0,21.0
2020-09-18,5215.0,103.0,4478.0,634.0,24.0,0.0,39.0
2020-09-19,5245.0,104.0,4571.0,570.0,30.0,1.0,93.0
2020-09-20,5269.0,104.0,4624.0,541.0,24.0,0.0,53.0
2020-09-21,5282.0,104.0,4647.0,531.0,13.0,0.0,23.0
2020-09-22,5307.0,106.0,4672.0,529.0,25.0,2.0,25.0
2020-09-23,5343.0,108.0,4693.0,542.0,36.0,2.0,21.0
2020-09-24,5375.0,108.0,4724.0,543.0,32.0,0.0,31.0
2020-09-25,5399.0,108.0,4767.0,524.0,24.0,0.0,43.0
2020-09-26,5419.0,108.0,4802.0,509.0,20.0,0.0,35.0
2020-09-27,5431.0,108.0,4821.0,502.0,12.0,0.0,19.0
2020-09-28,5452.0,108.0,4844.0,500.0,21.0,0.0,23.0
2020-09-29,5462.0,108.0,4859.0,495.0,10.0,0.0,15.0
2020-09-30,5482.0,109.0,4912.0,461.0,20.0,1.0,53.0
2020-10-01,5500.0,111.0,5000.0,389.0,18.0,2.0,88.0
2020-10-02,5521.0,111.0,5061.0,349.0,21.0,0.0,61.0
2020-10-03,5530.0,111.0,5076.0,343.0,9.0,0.0,15.0
2020-10-04,5569.0,111.0,5127.0,331.0,39.0,0.0,51.0
2020-10-05,5579.0,112.0,5141.0,326.0,10.0,1.0,14.0
