date,confirmed,deaths,recovered,active,new_confirmed,new_deaths,new_recovered
2020-01-29,1.0,0.0,0.0,0.0,,,
2020-01-30,1.0,0.0,0.0,0.0,0.0,0.0,0.0
2020-01-31,1.0,0.0,0.0,0.0,0.0,0.0,0.0
2020-02-01,1.0,0.0,0.0,1.0,0.0,0.0,0.0
2020-02-02,1.0,0.0,0.0,1.0,0.0,0.0,0.0
2020-02-03,1.0,0.0,0.0,1.0,0.0,0.0,0.0
2020-02-04,1.0,0.0,0.0,1.0,0.0,0.0,0.0
2020-02-05,1.0,0.0,0.0,1.0,0.0,0.0,0.0
2020-02-06,1.0,0.0,0.0,1.0,0.0,0.0,0.0
2020-02-07,1.0,0.0,0.0,1.0,0.0,0.0,0.0
2020-02-08,1.0,0.0,0.0,1.0,0.0,0.0,0.0
2020-02-09,1.0,0.0,0.0,1.0,0.0,0.0,0.0
2020-02-10,1.0,0.0,0.0,1.0,0.0,0.0,0.0
2020-02-11,1.0,0.0,0.0,1.0,0.0,0.0,0.0
2020-02-12,1.0,0.0,1.0,0.0,0.0,0.0,1.0
2020-02-13,1.0,0.0,1.0,0.0,0.0,0.0,0.0
2020-02-14,1.0,0.0,1.0,0.0,0.0,0.0,0.0
2020-02-15,1.0,0.0,1.0,0.0,0.0,0.0,0.0
2020-02-16,1.0,0.0,1.0,0.0,0.0,0.0,0.0
2020-02-17,1.0,0.0,1.0,0.0,0.0,0.0,0.0
2020-02-18,1.0,0.0,1.0,0.0,0.0,0.0,0.0
2020-02-19,1.0,0.0,1.0,0.0,0.0,0.0,0.0
2020-02-20,1.0,0.0,1.0,0.0,0.0,0.0,0.0
2020-02-21,1.0,0.0,1.0,0.0,0.0,0.0,0.0
2020-02-22,1.0,0.0,1.0,0.0,0.0,0.0,0.0
2020-02-23,1.0,0.0,1.0,0.0,0.0,0.0,0.0
2020-02-24,1.0,0.0,1.0,0.0,0.0,0.0,0.0
2020-02-25,1.0,0.0,1.0,0.0,0.0,0.0,0.0
2020-02-26,2.0,0.0,1.0,1.0,1.0,0.0,0.0
2020-02-27,2.0,0.0,1.0,1.0,0.0,0.0,0.0
2020-02-28,2.0,0.0,1.0,1.0,0.0,0.0,0.0
2020-02-29,3.0,0.0,1.0,2.0,1.0,0.0,0.0
2020-03-01,6.0,0.0,1.0,5.0,3.0,0.0,0.0
2020-03-02,6.0,0.0,1.0,5.0,0.0,0.0,0.0
2020-03-03,6.0,0.0,1.0,5.0,0.0,0.0,0.0
2020-03-04,6.0,0.0,1.0,5.0,0.0,0.0,0.0
2020-03-05,12.0,0.0,1.0,11.0,6.0,0.0,0.0
2020-03-06,15.0,0.0,1.0,14.0,3.0,0.0,0.0
2020-03-07,15.0,0.0,1.0,14.0,0.0,0.0,0.0
2020-03-08,23.0,0.0,1.0,22.0,8.0,0.0,0.0
2020-03-09,30.0,0.0,1.0,29.0,7.0,0.0,0.0
2020-03-10,40.0,0.0,1.0,39.0,10.0,0.0,0.0
2020-03-11,59.0,0.0,1.0,58.0,19.0,0.0,0.0
2020-03-12,59.0,0.0,1.0,58.0,0.0,0.0,0.0
2020-03-13,155.0,0.0,1.0,154.0,96.0,0.0,0.0
2020-03-14,225.0,0.0,1.0,224.0,70.0,0.0,0.0
2020-03-15,244.0,0.0,10.0,234.0,19.0,0.0,9.0
2020-03-16,277.0,0.0,10.0,267.0,33.0,0.0,0.0
2020-03-17,321.0,0.0,10.0,311.0,44.0,0.0,0.0
2020-03-18,336.0,0.0,10.0,326.0,15.0,0.0,0.0
2020-03-19,400.0,0.0,10.0,390.0,64.0,0.0,0.0
2020-03-20,450.0,0.0,10.0,440.0,50.0,0.0,0.0
2020-03-21,523.0,1.0,10.0,512.0,73.0,1.0,0.0
2020-03-22,626.0,1.0,10.0,615.0,103.0,0.0,0.0
2020-03-23,700.0,1.0,10.0,689.0,74.0,0.0,0.0
2020-03-24,792.0,1.0,10.0,781.0,92.0,0.0,0.0
2020-03-25,880.0,3.0,10.0,867.0,88.0,2.0,0.0
2020-03-26,958.0,5.0,10.0,943.0,78.0,2.0,0.0
2020-03-27,1041.0,7.0,10.0,1024.0,83.0,2.0,0.0
2020-03-28,1167.0,9.0,10.0,1148.0,126.0,2.0,0.0
2020-03-29,1240.0,11.0,10.0,1219.0,73.0,2.0,0.0
2020-03-30,1352.0,13.0,10.0,1329.0,112.0,2.0,0.0
2020-03-31,1418.0,17.0,10.0,1391.0,66.0,4.0,0.0
2020-04-01,1446.0,17.0,10.0,1419.0,28.0,0.0,0.0
2020-04-02,1518.0,19.0,300.0,1199.0,72.0,2.0,290.0
2020-04-03,1615.0,20.0,300.0,1295.0,97.0,1.0,0.0
2020-04-04,1882.0,25.0,300.0,1557.0,267.0,5.0,0.0
2020-04-05,1927.0,28.0,300.0,1599.0,45.0,3.0,0.0
2020-04-06,2176.0,27.0,300.0,1849.0,249.0,-1.0,0.0
2020-04-07,2308.0,34.0,300.0,1974.0,132.0,7.0,0.0
2020-04-08,2487.0,40.0,300.0,2147.0,179.0,6.0,0.0
2020-04-09,2605.0,42.0,300.0,2263.0,118.0,2.0,0.0
2020-04-10,2769.0,48.0,300.0,2421.0,164.0,6.0,0.0
2020-04-11,2905.0,49.0,300.0,2556.0,136.0,1.0,0.0
2020-04-12,2974.0,56.0,300.0,2618.0,69.0,7.0,0.0
2020-04-13,3064.0,59.0,300.0,2705.0,90.0,3.0,0.0
2020-04-14,3161.0,64.0,300.0,2797.0,97.0,5.0,0.0
2020-04-15,3237.0,72.0,300.0,2865.0,76.0,8.0,0.0
2020-04-16,3369.0,75.0,1700.0,1594.0,132.0,3.0,1400.0
2020-04-17,3489.0,82.0,1700.0,1707.0,120.0,7.0,0.0
2020-04-18,3681.0,90.0,1700.0,1891.0,192.0,8.0,0.0
2020-04-19,3783.0,94.0,1700.0,1989.0,102.0,4.0,0.0
2020-04-20,3868.0,98.0,2000.0,1770.0,85.0,4.0,300.0
2020-04-21,4014.0,141.0,2000.0,1873.0,146.0,43.0,0.0
2020-04-22,4129.0,149.0,2000.0,1980.0,115.0,8.0,0.0
2020-04-23,4284.0,172.0,2000.0,2112.0,155.0,23.0,0.0
2020-04-24,4395.0,177.0,2500.0,1718.0,111.0,5.0,500.0
2020-04-25,4475.0,186.0,2500.0,1789.0,80.0,9.0,0.0
2020-04-26,4576.0,190.0,2500.0,1886.0,101.0,4.0,0.0
2020-04-27,4695.0,193.0,2500.0,2002.0,119.0,3.0,0.0
2020-04-28,4740.0,199.0,2800.0,1741.0,45.0,6.0,300.0
2020-04-29,4906.0,206.0,2800.0,1900.0,166.0,7.0,0.0
2020-04-30,4995.0,211.0,3000.0,1784.0,89.0,5.0,200.0
2020-05-01,5051.0,218.0,3000.0,1833.0,56.0,7.0,0.0
2020-05-02,5176.0,220.0,3000.0,1956.0,125.0,2.0,0.0
2020-05-03,5254.0,230.0,3000.0,2024.0,78.0,10.0,0.0
2020-05-04,5327.0,240.0,3500.0,1587.0,73.0,10.0,500.0
2020-05-05,5412.0,246.0,3500.0,1666.0,85.0,6.0,0.0
2020-05-06,5573.0,252.0,3500.0,1821.0,161.0,6.0,0.0
2020-05-07,5673.0,255.0,3500.0,1918.0,100.0,3.0,0.0
2020-05-08,5738.0,260.0,4000.0,1478.0,65.0,5.0,500.0
2020-05-09,5880.0,265.0,4000.0,1615.0,142.0,5.0,0.0
2020-05-10,5962.0,267.0,4000.0,1695.0,82.0,2.0,0.0
2020-05-11,5984.0,271.0,4000.0,1713.0,22.0,4.0,0.0
2020-05-12,6003.0,275.0,4300.0,1428.0,19.0,4.0,300.0
2020-05-13,6054.0,284.0,4300.0,1470.0,51.0,9.0,0.0
2020-05-14,6145.0,287.0,4300.0,1558.0,91.0,3.0,0.0
2020-05-15,6228.0,293.0,5000.0,935.0,83.0,6.0,700.0
2020-05-16,6286.0,297.0,5000.0,989.0,58.0,4.0,0.0
2020-05-17,6347.0,298.0,5000.0,1049.0,61.0,1.0,0.0
2020-05-18,6380.0,300.0,5000.0,1080.0,33.0,2.0,0.0
2020-05-19,6399.0,301.0,5000.0,1098.0,19.0,1.0,0.0
2020-05-20,6443.0,304.0,4800.0,1339.0,44.0,3.0,-200.0
2020-05-21,6493.0,306.0,4800.0,1387.0,50.0,2.0,0.0
2020-05-22,6537.0,306.0,4800.0,1431.0,44.0,0.0,0.0
2020-05-23,6568.0,306.0,4800.0,1462.0,31.0,0.0,0.0
2020-05-24,6579.0,307.0,4800.0,1472.0,11.0,1.0,0.0
2020-05-25,6599.0,308.0,5100.0,1191.0,20.0,1.0,300.0
2020-05-26,6628.0,312.0,5100.0,1216.0,29.0,4.0,0.0
2020-05-27,6692.0,313.0,5100.0,1279.0,64.0,1.0,0.0
2020-05-28,6743.0,313.0,5500.0,930.0,51.0,0.0,400.0
2020-05-29,6776.0,314.0,5500.0,962.0,33.0,1.0,0.0
2020-05-30,6826.0,316.0,5500.0,1010.0,50.0,2.0,0.0
2020-05-31,6859.0,320.0,5500.0,1039.0,33.0,4.0,0.0
2020-06-01,6885.0,318.0,5500.0,1067.0,26.0,-2.0,0.0
2020-06-02,6887.0,320.0,5500.0,1067.0,2.0,2.0,0.0
2020-06-03,6911.0,321.0,5500.0,1090.0,24.0,1.0,0.0
2020-06-04,6911.0,322.0,5800.0,789.0,0.0,1.0,300.0
2020-06-05,6941.0,322.0,5800.0,819.0,30.0,0.0,0.0
2020-06-06,6964.0,322.0,5800.0,842.0,23.0,0.0,0.0
2020-06-07,6981.0,323.0,5800.0,858.0,17.0,1.0,0.0
2020-06-08,7001.0,323.0,5800.0,878.0,20.0,0.0,0.0
2020-06-09,7025.0,324.0,5800.0,901.0,24.0,1.0,0.0
2020-06-10,7040.0,324.0,5800.0,916.0,15.0,0.0,0.0
2020-06-11,7064.0,325.0,6200.0,539.0,24.0,1.0,400.0
2020-06-12,7073.0,325.0,6200.0,548.0,9.0,0.0,0.0
2020-06-13,7087.0,325.0,6200.0,562.0,14.0,0.0,0.0
2020-06-14,7104.0,326.0,6200.0,578.0,17.0,1.0,0.0
2020-06-15,7108.0,326.0,6200.0,582.0,4.0,0.0,0.0
2020-06-16,7112.0,326.0,6200.0,586.0,4.0,0.0,0.0
2020-06-17,7117.0,326.0,6200.0,591.0,5.0,0.0,0.0
2020-06-18,7119.0,326.0,6200.0,593.0,2.0,0.0,0.0
2020-06-19,7133.0,326.0,6200.0,607.0,14.0,0.0,0.0
2020-06-20,7142.0,326.0,6200.0,616.0,9.0,0.0,0.0
2020-06-21,7143.0,326.0,6200.0,617.0,1.0,0.0,0.0
2020-06-22,7144.0,327.0,6400.0,417.0,1.0,1.0,200.0
2020-06-23,7155.0,327.0,6400.0,428.0,11.0,0.0,0.0
2020-06-24,7167.0,327.0,6600.0,240.0,12.0,0.0,200.0
2020-06-25,7172.0,327.0,6600.0,245.0,5.0,0.0,0.0
2020-06-26,7191.0,328.0,6600.0,263.0,19.0,1.0,0.0
2020-06-27,7198.0,328.0,6600.0,270.0,7.0,0.0,0.0
2020-06-28,7198.0,328.0,6600.0,270.0,0.0,0.0,0.0
2020-06-29,7209.0,328.0,6600.0,281.0,11.0,0.0,0.0
2020-06-30,7214.0,328.0,6600.0,286.0,5.0,0.0,0.0
2020-07-01,7236.0,328.0,6700.0,208.0,22.0,0.0,100.0
2020-07-02,7241.0,328.0,6700.0,213.0,5.0,0.0,0.0
2020-07-03,7242.0,329.0,6700.0,213.0,1.0,1.0,0.0
2020-07-04,7248.0,329.0,6700.0,219.0,6.0,0.0,0.0
2020-07-05,7253.0,329.0,6700.0,224.0,5.0,0.0,0.0
2020-07-06,7257.0,329.0,6700.0,228.0,4.0,0.0,0.0
2020-07-07,7262.0,329.0,6700.0,233.0,5.0,0.0,0.0
2020-07-08,7265.0,329.0,6800.0,136.0,3.0,0.0,100.0
2020-07-09,7273.0,329.0,6800.0,144.0,8.0,0.0,0.0
2020-07-10,7279.0,329.0,6800.0,150.0,6.0,0.0,0.0
2020-07-11,7291.0,329.0,6800.0,162.0,12.0,0.0,0.0
2020-07-12,7294.0,329.0,6800.0,165.0,3.0,0.0,0.0
2020-07-13,7295.0,329.0,6800.0,166.0,1.0,0.0,0.0
2020-07-14,7301.0,329.0,6800.0,172.0,6.0,0.0,0.0
2020-07-15,7296.0,328.0,6880.0,88.0,-5.0,-1.0,80.0
2020-07-16,7293.0,328.0,6880.0,85.0,-3.0,0.0,0.0
2020-07-17,7301.0,328.0,6880.0,93.0,8.0,0.0,0.0
2020-07-18,7318.0,328.0,6880.0,110.0,17.0,0.0,0.0
2020-07-19,7335.0,328.0,6880.0,127.0,17.0,0.0,0.0
2020-07-20,7340.0,328.0,6880.0,132.0,5.0,0.0,0.0
2020-07-21,7351.0,328.0,6880.0,143.0,11.0,0.0,0.0
2020-07-22,7362.0,328.0,6920.0,114.0,11.0,0.0,40.0
2020-07-23,7372.0,328.0,6920.0,124.0,10.0,0.0,0.0
2020-07-24,7380.0,329.0,6920.0,131.0,8.0,1.0,0.0
2020-07-25,7388.0,329.0,6920.0,139.0,8.0,0.0,0.0
2020-07-26,7393.0,329.0,6920.0,144.0,5.0,0.0,0.0
2020-07-27,7398.0,329.0,6920.0,149.0,5.0,0.0,0.0
2020-07-28,7404.0,329.0,6920.0,155.0,6.0,0.0,0.0
2020-07-29,7414.0,329.0,6950.0,135.0,10.0,0.0,30.0
2020-07-30,7423.0,329.0,6950.0,144.0,9.0,0.0,0.0
2020-07-31,7432.0,329.0,6950.0,153.0,9.0,0.0,0.0
2020-08-01,7443.0,329.0,6950.0,164.0,11.0,0.0,0.0
2020-08-02,7453.0,329.0,6950.0,174.0,10.0,0.0,0.0
2020-08-03,7466.0,329.0,6950.0,187.0,13.0,0.0,0.0
2020-08-04,7483.0,331.0,6950.0,202.0,17.0,2.0,0.0
2020-08-05,7512.0,331.0,6980.0,201.0,29.0,0.0,30.0
2020-08-06,7532.0,331.0,6980.0,221.0,20.0,0.0,0.0
2020-08-07,7554.0,331.0,6980.0,243.0,22.0,0.0,0.0
2020-08-08,7568.0,331.0,6980.0,257.0,14.0,0.0,0.0
2020-08-09,7584.0,331.0,6980.0,273.0,16.0,0.0,0.0
2020-08-10,7601.0,333.0,6980.0,288.0,17.0,2.0,0.0
2020-08-11,7623.0,333.0,6980.0,310.0,22.0,0.0,0.0
2020-08-12,7642.0,333.0,7050.0,259.0,19.0,0.0,70.0
2020-08-13,7683.0,333.0,7050.0,300.0,41.0,0.0,0.0
2020-08-14,7700.0,333.0,7050.0,317.0,17.0,0.0,0.0
2020-08-15,7720.0,333.0,7050.0,337.0,20.0,0.0,0.0
2020-08-16,7731.0,333.0,7050.0,348.0,11.0,0.0,0.0
2020-08-17,7752.0,334.0,7050.0,368.0,21.0,1.0,0.0
2020-08-18,7776.0,334.0,7050.0,392.0,24.0,0.0,0.0
2020-08-19,7805.0,334.0,7100.0,371.0,29.0,0.0,50.0
2020-08-20,7842.0,334.0,7100.0,408.0,37.0,0.0,0.0
2020-08-21,7871.0,334.0,7100.0,437.0,29.0,0.0,0.0
2020-08-22,7906.0,334.0,7100.0,472.0,35.0,0.0,0.0
2020-08-23,7920.0,334.0,7100.0,486.0,14.0,0.0,0.0
2020-08-24,7938.0,335.0,7100.0,503.0,18.0,1.0,0.0
2020-08-25,7981.0,335.0,7100.0,546.0,43.0,0.0,0.0
2020-08-26,8002.0,335.0,7200.0,467.0,21.0,0.0,100.0
2020-08-27,8019.0,335.0,7200.0,484.0,17.0,0.0,0.0
2020-08-28,8042.0,335.0,7200.0,507.0,23.0,0.0,0.0
2020-08-29,8049.0,335.0,7200.0,514.0,7.0,0.0,0.0
2020-08-30,8077.0,335.0,7200.0,542.0,28.0,0.0,0.0
