date,confirmed,deaths,recovered,active,new_confirmed,new_deaths,new_recovered
2020-01-24,2.0,0.0,0.0,0.0,,,
2020-01-25,3.0,0.0,0.0,0.0,1.0,0.0,0.0
2020-01-26,3.0,0.0,0.0,0.0,0.0,0.0,0.0
2020-01-27,3.0,0.0,0.0,0.0,0.0,0.0,0.0
2020-01-28,4.0,0.0,0.0,0.0,1.0,0.0,0.0
2020-01-29,5.0,0.0,0.0,0.0,1.0,0.0,0.0
2020-01-30,5.0,0.0,0.0,0.0,0.0,0.0,0.0
2020-01-31,5.0,0.0,0.0,0.0,0.0,0.0,0.0
2020-02-01,6.0,0.0,0.0,6.0,1.0,0.0,0.0
2020-02-02,6.0,0.0,0.0,6.0,0.0,0.0,0.0
2020-02-03,6.0,0.0,0.0,6.0,0.0,0.0,0.0
2020-02-04,6.0,0.0,0.0,6.0,0.0,0.0,0.0
2020-02-05,6.0,0.0,0.0,6.0,0.0,0.0,0.0
2020-02-06,6.0,0.0,0.0,6.0,0.0,0.0,0.0
2020-02-07,6.0,0.0,0.0,6.0,0.0,0.0,0.0
2020-02-08,11.0,0.0,0.0,11.0,5.0,0.0,0.0
2020-02-09,11.0,0.0,0.0,11.0,0.0,0.0,0.0
2020-02-10,11.0,0.0,0.0,11.0,0.0,0.0,0.0
2020-02-11,11.0,0.0,0.0,11.0,0.0,0.0,0.0
2020-02-12,11.0,0.0,2.0,9.0,0.0,0.0,2.0
2020-02-13,11.0,0.0,2.0,9.0,0.0,0.0,0.0
2020-02-14,11.0,0.0,2.0,9.0,0.0,0.0,0.0
2020-02-15,12.0,1.0,4.0,7.0,1.0,1.0,2.0
2020-02-16,12.0,1.0,4.0,7.0,0.0,0.0,0.0
2020-02-17,12.0,1.0,4.0,7.0,0.0,0.0,0.0
2020-02-18,12.0,1.0,4.0,7.0,0.0,0.0,0.0
2020-02-19,12.0,1.0,4.0,7.0,0.0,0.0,0.0
2020-02-20,12.0,1.0,4.0,7.0,0.0,0.0,0.0
2020-02-21,12.0,1.0,4.0,7.0,0.0,0.0,0.0
2020-02-22,12.0,1.0,4.0,7.0,0.0,0.0,0.0
2020-02-23,12.0,1.0,4.0,7.0,0.0,0.0,0.0
2020-02-24,12.0,1.0,4.0,7.0,0.0,0.0,0.0
2020-02-25,14.0,1.0,11.0,2.0,2.0,0.0,7.0
2020-02-26,18.0,2.0,11.0,5.0,4.0,1.0,0.0
2020-02-27,38.0,2.0,11.0,25.0,20.0,0.0,0.0
2020-02-28,57.0,2.0,11.0,44.0,19.0,0.0,0.0
2020-02-29,100.0,2.0,12.0,86.0,43.0,0.0,1.0
2020-03-01,130.0,2.0,12.0,116.0,30.0,0.0,0.0
2020-03-02,191.0,3.0,12.0,176.0,61.0,1.0,0.0
2020-03-03,204.0,4.0,12.0,188.0,13.0,1.0,0.0
2020-03-04,285.0,4.0,12.0,269.0,81.0,0.0,0.0
2020-03-05,377.0,6.0,12.0,359.0,92.0,2.0,0.0
2020-03-06,653.0,9.0,12.0,632.0,276.0,3.0,0.0
2020-03-07,949.0,11.0,12.0,926.0,296.0,2.0,0.0
2020-03-08,1126.0,19.0,12.0,1095.0,177.0,8.0,0.0
2020-03-09,1209.0,19.0,12.0,1178.0,83.0,0.0,0.0
2020-03-10,1784.0,33.0,12.0,1739.0,575.0,14.0,0.0
2020-03-11,2284.0,48.0,12.0,2224.0,500.0,15.0,0.0
2020-03-12,2284.0,48.0,12.0,2224.0,0.0,0.0,0.0
2020-03-13,3667.0,79.0,12.0,3576.0,1383.0,31.0,0.0
2020-03-14,4480.0,91.0,12.0,4377.0,813.0,12.0,0.0
2020-03-15,4513.0,91.0,12.0,4410.0,33.0,0.0,0.0
2020-03-16,6650.0,148.0,12.0,6490.0,2137.0,57.0,0.0
2020-03-17,7683.0,148.0,12.0,7523.0,1033.0,0.0,0.0
2020-03-18,9052.0,148.0,12.0,8892.0,1369.0,0.0,0.0
2020-03-19,10886.0,243.0,12.0,10631.0,1834.0,95.0,0.0
2020-03-20,12632.0,450.0,12.0,12170.0,1746.0,207.0,0.0
2020-03-21,14308.0,562.0,12.0,13734.0,1676.0,112.0,0.0
2020-03-22,16214.0,676.0,2201.0,13337.0,1906.0,114.0,2189.0
2020-03-23,20123.0,862.0,2207.0,17054.0,3909.0,186.0,6.0
2020-03-24,22622.0,1102.0,3288.0,18232.0,2499.0,240.0,1081.0
2020-03-25,25600.0,1333.0,3907.0,20360.0,2978.0,231.0,619.0
2020-03-26,29551.0,1698.0,4955.0,22898.0,3951.0,365.0,1048.0
2020-03-27,33402.0,1997.0,5707.0,25698.0,3851.0,299.0,752.0
2020-03-28,38105.0,2317.0,5724.0,30064.0,4703.0,320.0,17.0
2020-03-29,40708.0,2611.0,7226.0,30871.0,2603.0,294.0,1502.0
2020-03-30,45170.0,3030.0,7964.0,34176.0,4462.0,419.0,738.0
2020-03-31,52827.0,3532.0,9513.0,39782.0,7657.0,502.0,1549.0
2020-04-01,57749.0,4043.0,11053.0,42653.0,4922.0,511.0,1540.0
2020-04-02,59929.0,5398.0,12548.0,41983.0,2180.0,1355.0,1495.0
2020-04-03,65202.0,6520.0,14135.0,44547.0,5273.0,1122.0,1587.0
2020-04-04,90848.0,7574.0,15572.0,67702.0,25646.0,1054.0,1437.0
2020-04-05,93773.0,8093.0,16349.0,69331.0,2925.0,519.0,777.0
2020-04-06,98963.0,8926.0,17428.0,72609.0,5190.0,833.0,1079.0
2020-04-07,110065.0,10343.0,19523.0,80199.0,11102.0,1417.0,2095.0
2020-04-08,113959.0,10887.0,21452.0,81620.0,3894.0,544.0,1929.0
2020-04-09,118781.0,12228.0,23413.0,83140.0,4822.0,1341.0,1961.0
2020-04-10,125931.0,13215.0,25195.0,87521.0,7150.0,987.0,1782.0
2020-04-11,130727.0,13851.0,26663.0,90213.0,4796.0,636.0,1468.0
2020-04-12,133670.0,14412.0,27469.0,91789.0,2943.0,561.0,806.0
2020-04-13,137875.0,14986.0,28001.0,94888.0,4205.0,574.0,532.0
2020-04-14,131361.0,15748.0,29098.0,86515.0,-6514.0,762.0,1097.0
2020-04-15,134582.0,17188.0,31470.0,85924.0,3221.0,1440.0,2372.0
2020-04-16,147091.0,17941.0,33327.0,95823.0,12509.0,753.0,1857.0
2020-04-17,149130.0,18703.0,35006.0,95421.0,2039.0,762.0,1679.0
2020-04-18,149149.0,19345.0,36587.0,93217.0,19.0,642.0,1581.0
2020-04-19,154097.0,19744.0,37183.0,97170.0,4948.0,399.0,596.0
2020-04-20,156480.0,20292.0,38036.0,98152.0,2383.0,548.0,853.0
2020-04-21,159297.0,20829.0,39819.0,98649.0,2817.0,537.0,1783.0
2020-04-22,157125.0,21373.0,41326.0,94426.0,-2172.0,544.0,1507.0
2020-04-23,159460.0,21889.0,42762.0,94809.0,2335.0,516.0,1436.0
2020-04-24,159952.0,22279.0,44271.0,93402.0,492.0,390.0,1509.0
2020-04-25,161644.0,22648.0,45372.0,93624.0,1692.0,369.0,1101.0
2020-04-26,162220.0,22890.0,45681.0,93649.0,576.0,242.0,309.0
2020-04-27,165963.0,23327.0,46293.0,96343.0,3743.0,437.0,612.0
2020-04-28,169053.0,23694.0,47775.0,97584.0,3090.0,367.0,1482.0
2020-04-29,166543.0,24121.0,49118.0,93304.0,-2510.0,427.0,1343.0
2020-04-30,167299.0,24410.0,50380.0,92509.0,756.0,289.0,1262.0
2020-05-01,167305.0,24628.0,51124.0,91553.0,6.0,218.0,744.0
2020-05-02,168518.0,24763.0,50663.0,93092.0,1213.0,135.0,-461.0
2020-05-03,168925.0,24900.0,50885.0,93140.0,407.0,137.0,222.0
2020-05-04,169583.0,25204.0,51476.0,92903.0,658.0,304.0,591.0
2020-05-05,170687.0,25537.0,52842.0,92308.0,1104.0,333.0,1366.0
2020-05-06,174224.0,25812.0,54079.0,94333.0,3537.0,275.0,1237.0
2020-05-07,174918.0,25990.0,55191.0,93737.0,694.0,178.0,1112.0
2020-05-08,176202.0,26233.0,55892.0,94077.0,1284.0,243.0,701.0
2020-05-09,176782.0,26313.0,56148.0,94321.0,580.0,80.0,256.0
2020-05-10,177094.0,26383.0,56327.0,94384.0,312.0,70.0,179.0
2020-05-11,177547.0,26646.0,56835.0,94066.0,453.0,263.0,508.0
2020-05-12,178349.0,26994.0,57898.0,93457.0,802.0,348.0,1063.0
2020-05-13,178184.0,27077.0,58786.0,92321.0,-165.0,83.0,888.0
2020-05-14,178994.0,27428.0,59719.0,91847.0,810.0,351.0,933.0
2020-05-15,179630.0,27532.0,60562.0,91536.0,636.0,104.0,843.0
2020-05-16,179630.0,27532.0,60562.0,91536.0,0.0,0.0,0.0
2020-05-17,179693.0,28111.0,61327.0,90255.0,63.0,579.0,765.0
2020-05-18,180051.0,28242.0,61843.0,89966.0,358.0,131.0,516.0
2020-05-19,180933.0,28025.0,62678.0,90230.0,882.0,-217.0,835.0
2020-05-20,181700.0,28135.0,63472.0,90093.0,767.0,110.0,794.0
2020-05-21,181951.0,28218.0,63976.0,89757.0,251.0,83.0,504.0
2020-05-22,182015.0,28218.0,63986.0,89811.0,64.0,0.0,10.0
2020-05-23,182036.0,28218.0,63988.0,89830.0,21.0,0.0,2.0
2020-05-24,182709.0,28370.0,64735.0,89604.0,673.0,152.0,747.0
2020-05-25,183067.0,28460.0,65317.0,89290.0,358.0,90.0,582.0
2020-05-26,182847.0,28533.0,65997.0,88317.0,-220.0,73.0,680.0
2020-05-27,183038.0,28599.0,66702.0,87737.0,191.0,66.0,705.0
2020-05-28,186364.0,28665.0,67309.0,90390.0,3326.0,66.0,607.0
2020-05-29,186923.0,28717.0,67921.0,90285.0,559.0,52.0,612.0
2020-05-30,188752.0,28774.0,68386.0,91592.0,1829.0,57.0,465.0
2020-05-31,189009.0,28805.0,68473.0,91731.0,257.0,31.0,87.0
2020-06-01,189348.0,28836.0,68558.0,91954.0,339.0,31.0,85.0
2020-06-02,188450.0,28943.0,68930.0,90577.0,-898.0,107.0,372.0
2020-06-03,192330.0,29024.0,69573.0,93733.0,3880.0,81.0,643.0
2020-06-04,189569.0,29068.0,70094.0,90407.0,-2761.0,44.0,521.0
2020-06-05,190180.0,29114.0,70622.0,90444.0,611.0,46.0,528.0
2020-06-06,190759.0,29145.0,70924.0,90690.0,579.0,31.0,302.0
2020-06-07,191102.0,29158.0,70961.0,90983.0,343.0,13.0,37.0
2020-06-08,191313.0,29212.0,71182.0,90919.0,211.0,54.0,221.0
2020-06-09,191523.0,29299.0,71626.0,90598.0,210.0,87.0,444.0
2020-06-10,192068.0,29322.0,71952.0,90794.0,545.0,23.0,326.0
2020-06-11,192493.0,29349.0,72269.0,90875.0,425.0,27.0,317.0
2020-06-12,193220.0,29377.0,72695.0,91148.0,727.0,28.0,426.0
2020-06-13,193746.0,29401.0,72931.0,91414.0,526.0,24.0,236.0
2020-06-14,194153.0,29410.0,72982.0,91761.0,407.0,9.0,51.0
2020-06-15,194305.0,29439.0,73168.0,91698.0,152.0,29.0,186.0
2020-06-16,194347.0,29550.0,73459.0,91338.0,42.0,111.0,291.0
2020-06-17,194805.0,29578.0,73791.0,91436.0,458.0,28.0,332.0
2020-06-18,195272.0,29606.0,74011.0,91655.0,467.0,28.0,220.0
2020-06-19,196083.0,29620.0,74241.0,92222.0,811.0,14.0,230.0
2020-06-20,196724.0,29636.0,74436.0,92652.0,641.0,16.0,195.0
2020-06-21,197008.0,29643.0,74496.0,92869.0,284.0,7.0,60.0
2020-06-22,197381.0,29666.0,74736.0,92979.0,373.0,23.0,240.0
2020-06-23,197804.0,29723.0,74995.0,93086.0,423.0,57.0,259.0
2020-06-24,197885.0,29734.0,75251.0,92900.0,81.0,11.0,256.0
2020-06-25,197885.0,29755.0,75475.0,92655.0,0.0,21.0,224.0
2020-06-26,199473.0,29781.0,75773.0,93919.0,1588.0,26.0,298.0
2020-06-27,199473.0,29781.0,75773.0,93919.0,0.0,0.0,0.0
2020-06-28,199476.0,29781.0,75774.0,93921.0,3.0,0.0,1.0
2020-06-29,201522.0,29816.0,76124.0,95582.0,2046.0,35.0,350.0
2020-06-30,202063.0,29846.0,76399.0,95818.0,541.0,30.0,275.0
2020-07-01,202981.0,29864.0,76674.0,96443.0,918.0,18.0,275.0
2020-07-02,203640.0,29878.0,76927.0,96835.0,659.0,14.0,253.0
2020-07-03,204222.0,29896.0,77185.0,97141.0,582.0,18.0,258.0
2020-07-04,204222.0,29896.0,77185.0,97141.0,0.0,0.0,0.0
2020-07-05,204222.0,29896.0,77185.0,97141.0,0.0,0.0,0.0
2020-07-06,205597.0,29923.0,77444.0,98230.0,1375.0,27.0,259.0
2020-07-07,206072.0,29936.0,77780.0,98356.0,475.0,13.0,336.0
2020-07-08,206072.0,29936.0,77780.0,98356.0,0.0,0.0,0.0
2020-07-09,207356.0,29982.0,78295.0,99079.0,1284.0,46.0,515.0
2020-07-10,208015.0,30007.0,78513.0,99495.0,659.0,25.0,218.0
2020-07-11,208015.0,30007.0,78513.0,99495.0,0.0,0.0,0.0
2020-07-12,208015.0,30007.0,78513.0,99495.0,0.0,0.0,0.0
2020-07-13,209640.0,30032.0,78722.0,100886.0,1625.0,25.0,209.0
2020-07-14,209640.0,30032.0,78722.0,100886.0,0.0,0.0,0.0
2020-07-15,210568.0,30123.0,78945.0,101500.0,928.0,91.0,223.0
2020-07-16,211102.0,30141.0,79161.0,101800.0,534.0,18.0,216.0
2020-07-17,211943.0,30155.0,79371.0,102417.0,841.0,14.0,210.0
2020-07-18,211943.0,30155.0,79371.0,102417.0,0.0,0.0,0.0
2020-07-19,211943.0,30155.0,79371.0,102417.0,0.0,0.0,0.0
2020-07-20,214023.0,30180.0,79668.0,104175.0,2080.0,25.0,297.0
2020-07-21,214607.0,30168.0,79861.0,104578.0,584.0,-12.0,193.0
2020-07-22,215605.0,30175.0,80084.0,105346.0,998.0,7.0,223.0
2020-07-23,216667.0,30185.0,80600.0,105882.0,1062.0,10.0,516.0
2020-07-24,217797.0,30195.0,80943.0,106659.0,1130.0,10.0,343.0
2020-07-25,217801.0,30195.0,80945.0,106661.0,4.0,0.0,2.0
2020-07-26,217801.0,30195.0,80945.0,106661.0,0.0,0.0,0.0
2020-07-27,220352.0,30212.0,81212.0,108928.0,2551.0,17.0,267.0
2020-07-28,221077.0,30226.0,81441.0,109410.0,725.0,14.0,229.0
2020-07-29,221077.0,30226.0,81443.0,109408.0,0.0,0.0,2.0
2020-07-30,222469.0,30241.0,81632.0,110596.0,1392.0,15.0,189.0
2020-07-31,225197.0,30268.0,81764.0,113165.0,2728.0,27.0,132.0
2020-08-01,225198.0,30268.0,81764.0,113166.0,1.0,0.0,0.0
2020-08-02,225198.0,30268.0,81764.0,113166.0,0.0,0.0,0.0
2020-08-03,225198.0,30268.0,81764.0,113166.0,0.0,0.0,0.0
2020-08-04,228576.0,30297.0,81764.0,116515.0,3378.0,29.0,0.0
2020-08-05,228576.0,30297.0,82298.0,115981.0,0.0,0.0,534.0
2020-08-06,231310.0,30308.0,82592.0,118410.0,2734.0,11.0,294.0
2020-08-07,235207.0,30327.0,82968.0,121912.0,3897.0,19.0,376.0
2020-08-08,235208.0,30327.0,82968.0,121913.0,1.0,0.0,0.0
2020-08-09,235237.0,30327.0,82971.0,121939.0,29.0,0.0,3.0
2020-08-10,239349.0,30327.0,82971.0,126051.0,4112.0,0.0,0.0
2020-08-11,239355.0,30328.0,82971.0,126056.0,6.0,1.0,0.0
2020-08-12,244088.0,30375.0,83609.0,130104.0,4733.0,47.0,638.0
2020-08-13,244096.0,30392.0,83612.0,130092.0,8.0,17.0,3.0
2020-08-14,249655.0,30410.0,83993.0,135252.0,5559.0,18.0,381.0
2020-08-15,252965.0,30410.0,83993.0,138562.0,3310.0,0.0,0.0
2020-08-16,252965.0,30410.0,83993.0,138562.0,0.0,0.0,0.0
2020-08-17,256533.0,30434.0,84214.0,141885.0,3568.0,24.0,221.0
2020-08-18,256534.0,30434.0,84214.0,141886.0,1.0,0.0,0.0
2020-08-19,256534.0,30434.0,84214.0,141886.0,0.0,0.0,0.0
2020-08-20,256534.0,30434.0,84214.0,141886.0,0.0,0.0,0.0
2020-08-21,271960.0,30508.0,84981.0,156471.0,15426.0,74.0,767.0
2020-08-22,275562.0,30517.0,85102.0,159943.0,3602.0,9.0,121.0
2020-08-23,280459.0,30518.0,85125.0,164816.0,4897.0,1.0,23.0
2020-08-24,282414.0,30533.0,85352.0,166529.0,1955.0,15.0,227.0
2020-08-25,285902.0,30549.0,85757.0,169596.0,3488.0,16.0,405.0
2020-08-26,291374.0,30549.0,85811.0,175014.0,5472.0,0.0,54.0
2020-08-27,297485.0,30581.0,86271.0,180633.0,6111.0,32.0,460.0
2020-08-28,304947.0,30601.0,86495.0,187851.0,7462.0,20.0,224.0
2020-08-29,304947.0,30601.0,86495.0,187851.0,0.0,0.0,0.0
2020-08-30,315813.0,30611.0,86495.0,198707.0,10866.0,10.0,0.0
2020-08-31,318986.0,30640.0,86790.0,201556.0,3173.0,29.0,295.0
2020-09-01,323968.0,30666.0,87036.0,206266.0,4982.0,26.0,246.0
2020-09-02,331060.0,30692.0,87418.0,212950.0,7092.0,26.0,382.0
2020-09-03,338220.0,30712.0,87661.0,219847.0,7160.0,20.0,243.0
2020-09-04,347267.0,30730.0,87927.0,228610.0,9047.0,18.0,266.0
2020-09-05,347267.0,30730.0,87927.0,228610.0,0.0,0.0,0.0
2020-09-06,347268.0,30730.0,87927.0,228611.0,1.0,0.0,0.0
2020-09-07,367174.0,30732.0,88484.0,247958.0,19906.0,2.0,557.0
2020-09-08,373718.0,30770.0,88876.0,254072.0,6544.0,38.0,392.0
2020-09-09,383292.0,30805.0,89242.0,263245.0,9574.0,35.0,366.0
2020-09-10,392243.0,30819.0,89468.0,271956.0,8951.0,14.0,226.0
2020-09-11,401890.0,30901.0,89890.0,281099.0,9647.0,82.0,422.0
2020-09-12,402811.0,30902.0,90445.0,281464.0,921.0,1.0,555.0
2020-09-13,402893.0,30903.0,90445.0,281545.0,82.0,1.0,0.0
2020-09-14,425870.0,30958.0,90432.0,304480.0,22977.0,55.0,-13.0
