date,confirmed,deaths,recovered,active,new_confirmed,new_deaths,new_recovered
2020-03-14,1.0,0.0,0.0,1.0,,,
2020-03-15,1.0,0.0,0.0,1.0,0.0,0.0,0.0
2020-03-16,1.0,0.0,0.0,1.0,0.0,0.0,0.0
2020-03-17,1.0,0.0,0.0,1.0,0.0,0.0,0.0
2020-03-18,1.0,0.0,0.0,1.0,0.0,0.0,0.0
2020-03-19,1.0,0.0,0.0,1.0,0.0,0.0,0.0
2020-03-20,3.0,1.0,0.0,2.0,2.0,1.0,0.0
2020-03-21,4.0,1.0,0.0,3.0,1.0,0.0,0.0
2020-03-22,5.0,1.0,0.0,4.0,1.0,0.0,0.0
2020-03-23,5.0,1.0,0.0,4.0,0.0,0.0,0.0
2020-03-24,6.0,1.0,0.0,5.0,1.0,0.0,0.0
2020-03-25,6.0,1.0,0.0,5.0,0.0,0.0,0.0
2020-03-26,7.0,1.0,0.0,6.0,1.0,0.0,0.0
2020-03-27,7.0,1.0,0.0,6.0,0.0,0.0,0.0
2020-03-28,7.0,1.0,0.0,6.0,0.0,0.0,0.0
2020-03-29,7.0,1.0,0.0,6.0,0.0,0.0,0.0
2020-03-30,7.0,1.0,0.0,6.0,0.0,0.0,0.0
2020-03-31,16.0,1.0,0.0,15.0,9.0,0.0,0.0
2020-04-01,18.0,1.0,0.0,17.0,2.0,0.0,0.0
2020-04-02,21.0,1.0,0.0,20.0,3.0,0.0,0.0
2020-04-03,21.0,1.0,1.0,19.0,0.0,0.0,1.0
2020-04-04,21.0,1.0,1.0,19.0,0.0,0.0,0.0
2020-04-05,21.0,1.0,1.0,19.0,0.0,0.0,0.0
2020-04-06,24.0,1.0,1.0,22.0,3.0,0.0,0.0
2020-04-07,30.0,1.0,1.0,28.0,6.0,0.0,0.0
2020-04-08,34.0,1.0,1.0,32.0,4.0,0.0,0.0
2020-04-09,44.0,1.0,1.0,42.0,10.0,0.0,0.0
2020-04-10,44.0,1.0,1.0,42.0,0.0,0.0,0.0
2020-04-11,46.0,1.0,1.0,44.0,2.0,0.0,0.0
2020-04-12,49.0,1.0,1.0,47.0,3.0,0.0,0.0
2020-04-13,57.0,1.0,1.0,55.0,8.0,0.0,0.0
2020-04-14,57.0,1.0,1.0,55.0,0.0,0.0,0.0
2020-04-15,80.0,1.0,4.0,75.0,23.0,0.0,3.0
2020-04-16,80.0,1.0,4.0,75.0,0.0,0.0,0.0
2020-04-17,108.0,1.0,7.0,100.0,28.0,0.0,3.0
2020-04-18,108.0,1.0,7.0,100.0,0.0,0.0,0.0
2020-04-19,109.0,1.0,7.0,101.0,1.0,0.0,0.0
2020-04-20,120.0,1.0,7.0,112.0,11.0,0.0,0.0
2020-04-21,156.0,1.0,16.0,139.0,36.0,0.0,9.0
2020-04-22,166.0,1.0,24.0,141.0,10.0,0.0,8.0
2020-04-23,167.0,2.0,24.0,141.0,1.0,1.0,0.0
2020-04-24,172.0,3.0,26.0,143.0,5.0,1.0,2.0
2020-04-25,176.0,3.0,30.0,143.0,4.0,0.0,4.0
2020-04-26,176.0,3.0,30.0,143.0,0.0,0.0,0.0
2020-04-27,211.0,3.0,43.0,165.0,35.0,0.0,13.0
2020-04-28,238.0,3.0,53.0,182.0,27.0,0.0,10.0
2020-04-29,276.0,3.0,67.0,206.0,38.0,0.0,14.0
2020-04-30,276.0,3.0,67.0,206.0,0.0,0.0,0.0
2020-05-01,276.0,3.0,67.0,206.0,0.0,0.0,0.0
2020-05-02,335.0,5.0,85.0,245.0,59.0,2.0,18.0
2020-05-03,335.0,5.0,85.0,245.0,0.0,0.0,0.0
2020-05-04,367.0,6.0,93.0,268.0,32.0,1.0,8.0
2020-05-05,397.0,6.0,93.0,298.0,30.0,0.0,0.0
2020-05-06,397.0,6.0,93.0,298.0,0.0,0.0,0.0
2020-05-07,504.0,8.0,110.0,386.0,107.0,2.0,17.0
2020-05-08,620.0,8.0,110.0,502.0,116.0,0.0,0.0
2020-05-09,661.0,8.0,110.0,543.0,41.0,0.0,0.0
2020-05-10,661.0,8.0,110.0,543.0,0.0,0.0,0.0
2020-05-11,802.0,9.0,127.0,666.0,141.0,1.0,17.0
2020-05-12,863.0,9.0,137.0,717.0,61.0,0.0,10.0
2020-05-13,1004.0,9.0,152.0,843.0,141.0,0.0,15.0
2020-05-14,1104.0,10.0,182.0,912.0,100.0,1.0,30.0
2020-05-15,1209.0,10.0,219.0,980.0,105.0,0.0,37.0
2020-05-16,1320.0,11.0,244.0,1065.0,111.0,1.0,25.0
2020-05-17,1320.0,11.0,244.0,1065.0,0.0,0.0,0.0
2020-05-18,1432.0,11.0,301.0,1120.0,112.0,0.0,57.0
2020-05-19,1502.0,12.0,318.0,1172.0,70.0,1.0,17.0
2020-05-20,1567.0,12.0,365.0,1190.0,65.0,0.0,47.0
2020-05-21,1567.0,12.0,365.0,1190.0,0.0,0.0,0.0
2020-05-22,1728.0,12.0,402.0,1314.0,161.0,0.0,37.0
2020-05-23,1934.0,12.0,459.0,1463.0,206.0,0.0,57.0
2020-05-24,1934.0,12.0,459.0,1463.0,0.0,0.0,0.0
2020-05-25,2135.0,14.0,562.0,1559.0,201.0,2.0,103.0
2020-05-26,2238.0,14.0,593.0,1631.0,103.0,0.0,31.0
2020-05-27,2319.0,14.0,631.0,1674.0,81.0,0.0,38.0
2020-05-28,2431.0,14.0,668.0,1749.0,112.0,0.0,37.0
2020-05-29,2613.0,15.0,709.0,1889.0,182.0,1.0,41.0
2020-05-30,2655.0,17.0,722.0,1916.0,42.0,2.0,13.0
2020-05-31,2655.0,17.0,722.0,1916.0,0.0,0.0,0.0
2020-06-01,2655.0,17.0,722.0,1916.0,0.0,0.0,0.0
2020-06-02,2803.0,20.0,779.0,2004.0,148.0,3.0,57.0
2020-06-03,2902.0,20.0,801.0,2081.0,99.0,0.0,22.0
2020-06-04,2955.0,21.0,818.0,2116.0,53.0,1.0,17.0
2020-06-05,3101.0,21.0,833.0,2247.0,146.0,0.0,15.0
2020-06-06,3101.0,21.0,833.0,2247.0,0.0,0.0,0.0
2020-06-07,3101.0,21.0,833.0,2247.0,0.0,0.0,0.0
2020-06-08,3101.0,21.0,833.0,2247.0,0.0,0.0,0.0
2020-06-09,3247.0,21.0,938.0,2288.0,146.0,0.0,105.0
2020-06-10,3375.0,22.0,978.0,2375.0,128.0,1.0,40.0
2020-06-11,3463.0,23.0,1024.0,2416.0,88.0,1.0,46.0
2020-06-12,3463.0,23.0,1024.0,2416.0,0.0,0.0,0.0
2020-06-13,3463.0,23.0,1024.0,2416.0,0.0,0.0,0.0
2020-06-14,3463.0,23.0,1024.0,2416.0,0.0,0.0,0.0
2020-06-15,4033.0,27.0,1334.0,2672.0,570.0,4.0,310.0
2020-06-16,4114.0,29.0,1432.0,2653.0,81.0,2.0,98.0
2020-06-17,4229.0,30.0,1505.0,2694.0,115.0,1.0,73.0
2020-06-18,4340.0,32.0,1657.0,2651.0,111.0,2.0,152.0
2020-06-19,4428.0,34.0,1750.0,2644.0,88.0,2.0,93.0
2020-06-20,4428.0,34.0,1750.0,2644.0,0.0,0.0,0.0
2020-06-21,4428.0,34.0,1750.0,2644.0,0.0,0.0,0.0
2020-06-22,4739.0,39.0,2002.0,2698.0,311.0,5.0,252.0
2020-06-23,4849.0,39.0,2107.0,2703.0,110.0,0.0,105.0
2020-06-24,4956.0,39.0,2177.0,2740.0,107.0,0.0,70.0
2020-06-25,5087.0,40.0,2270.0,2777.0,131.0,1.0,93.0
2020-06-26,5209.0,40.0,2327.0,2842.0,122.0,0.0,57.0
2020-06-27,5209.0,40.0,2327.0,2842.0,0.0,0.0,0.0
2020-06-28,5209.0,40.0,2327.0,2842.0,0.0,0.0,0.0
2020-06-29,5394.0,42.0,2420.0,2932.0,185.0,2.0,93.0
2020-06-30,5394.0,42.0,2420.0,2932.0,0.0,0.0,0.0
2020-07-01,5513.0,42.0,2508.0,2963.0,119.0,0.0,88.0
2020-07-02,5513.0,42.0,2508.0,2963.0,0.0,0.0,0.0
2020-07-03,5620.0,44.0,2555.0,3021.0,107.0,2.0,47.0
2020-07-04,5620.0,44.0,2555.0,3021.0,0.0,0.0,0.0
2020-07-05,5620.0,44.0,2555.0,3021.0,0.0,0.0,0.0
2020-07-06,5743.0,46.0,2574.0,3123.0,123.0,2.0,19.0
2020-07-07,5743.0,46.0,2574.0,3123.0,0.0,0.0,0.0
2020-07-08,5871.0,46.0,2682.0,3143.0,128.0,0.0,108.0
2020-07-09,5871.0,46.0,2682.0,3143.0,0.0,0.0,0.0
2020-07-10,5942.0,46.0,3004.0,2892.0,71.0,0.0,322.0
2020-07-11,5942.0,46.0,3004.0,2892.0,0.0,0.0,0.0
2020-07-12,5942.0,46.0,3004.0,2892.0,0.0,0.0,0.0
2020-07-13,6026.0,46.0,3475.0,2505.0,84.0,0.0,471.0
2020-07-14,6026.0,46.0,3475.0,2505.0,0.0,0.0,0.0
2020-07-15,6121.0,46.0,3664.0,2411.0,95.0,0.0,189.0
2020-07-16,6121.0,46.0,3664.0,2411.0,0.0,0.0,0.0
2020-07-17,6315.0,46.0,3865.0,2404.0,194.0,0.0,201.0
2020-07-18,6315.0,46.0,3865.0,2404.0,0.0,0.0,0.0
2020-07-19,6315.0,46.0,3865.0,2404.0,0.0,0.0,0.0
2020-07-20,6433.0,46.0,4034.0,2353.0,118.0,0.0,169.0
2020-07-21,6433.0,46.0,4034.0,2353.0,0.0,0.0,0.0
2020-07-22,6588.0,47.0,4235.0,2306.0,155.0,1.0,201.0
2020-07-23,6588.0,47.0,4235.0,2306.0,0.0,0.0,0.0
2020-07-24,6984.0,49.0,4463.0,2472.0,396.0,2.0,228.0
2020-07-25,6984.0,49.0,4463.0,2472.0,0.0,0.0,0.0
2020-07-26,6984.0,49.0,4463.0,2472.0,0.0,0.0,0.0
2020-07-27,7189.0,49.0,4682.0,2458.0,205.0,0.0,219.0
2020-07-28,7189.0,49.0,4682.0,2458.0,0.0,0.0,0.0
2020-07-29,7352.0,49.0,4943.0,2360.0,163.0,0.0,261.0
2020-07-30,7352.0,49.0,4943.0,2360.0,0.0,0.0,0.0
2020-07-31,7352.0,49.0,4943.0,2360.0,0.0,0.0,0.0
2020-08-01,7531.0,50.0,5223.0,2258.0,179.0,1.0,280.0
2020-08-02,7531.0,50.0,5223.0,2258.0,0.0,0.0,0.0
2020-08-03,7646.0,51.0,5408.0,2187.0,115.0,1.0,185.0
2020-08-04,7646.0,51.0,5408.0,2187.0,0.0,0.0,0.0
2020-08-05,7787.0,51.0,5609.0,2127.0,141.0,0.0,201.0
2020-08-06,7787.0,51.0,5609.0,2127.0,0.0,0.0,0.0
2020-08-07,7923.0,51.0,5704.0,2168.0,136.0,0.0,95.0
2020-08-08,7923.0,51.0,5704.0,2168.0,0.0,0.0,0.0
2020-08-09,7923.0,51.0,5704.0,2168.0,0.0,0.0,0.0
2020-08-10,8006.0,51.0,5823.0,2132.0,83.0,0.0,119.0
2020-08-11,8006.0,51.0,5823.0,2132.0,0.0,0.0,0.0
2020-08-12,8077.0,51.0,5920.0,2106.0,71.0,0.0,97.0
2020-08-13,8077.0,51.0,5920.0,2106.0,0.0,0.0,0.0
2020-08-14,8225.0,51.0,6277.0,1897.0,148.0,0.0,357.0
2020-08-15,8225.0,51.0,6277.0,1897.0,0.0,0.0,0.0
2020-08-16,8225.0,51.0,6277.0,1897.0,0.0,0.0,0.0
2020-08-17,8270.0,53.0,6404.0,1813.0,45.0,2.0,127.0
2020-08-18,8270.0,53.0,6404.0,1813.0,0.0,0.0,0.0
2020-08-19,8319.0,53.0,6614.0,1652.0,49.0,0.0,210.0
2020-08-20,8319.0,53.0,6614.0,1652.0,0.0,0.0,0.0
2020-08-21,8388.0,53.0,6734.0,1601.0,69.0,0.0,120.0
2020-08-22,8388.0,53.0,6734.0,1601.0,0.0,0.0,0.0
2020-08-23,8388.0,53.0,6734.0,1601.0,0.0,0.0,0.0
2020-08-24,8409.0,53.0,6959.0,1397.0,21.0,0.0,225.0
2020-08-25,8409.0,53.0,6959.0,1397.0,0.0,0.0,0.0
2020-08-26,8468.0,53.0,7066.0,1349.0,59.0,0.0,107.0
2020-08-27,8468.0,53.0,7066.0,1349.0,0.0,0.0,0.0
2020-08-28,8505.0,53.0,7187.0,1265.0,37.0,0.0,121.0
2020-08-29,8505.0,53.0,7187.0,1265.0,0.0,0.0,0.0
2020-08-30,8505.0,53.0,7187.0,1265.0,0.0,0.0,0.0
2020-08-31,8533.0,53.0,7264.0,1216.0,28.0,0.0,77.0
2020-09-01,8533.0,53.0,7264.0,1216.0,0.0,0.0,0.0
2020-09-02,8538.0,53.0,7335.0,1150.0,5.0,0.0,71.0
2020-09-03,8538.0,53.0,7335.0,1150.0,0.0,0.0,0.0
2020-09-04,8601.0,53.0,7424.0,1124.0,63.0,0.0,89.0
2020-09-05,8601.0,53.0,7424.0,1124.0,0.0,0.0,0.0
2020-09-06,8601.0,53.0,7424.0,1124.0,0.0,0.0,0.0
2020-09-07,8608.0,53.0,7533.0,1022.0,7.0,0.0,109.0
2020-09-08,8608.0,53.0,7533.0,1022.0,0.0,0.0,0.0
2020-09-09,8621.0,53.0,7618.0,950.0,13.0,0.0,85.0
2020-09-10,8621.0,53.0,7618.0,950.0,0.0,0.0,0.0
2020-09-11,8643.0,53.0,7706.0,884.0,22.0,0.0,88.0
2020-09-12,8643.0,53.0,7706.0,884.0,0.0,0.0,0.0
2020-09-13,8643.0,53.0,7706.0,884.0,0.0,0.0,0.0
2020-09-14,8654.0,53.0,7785.0,816.0,11.0,0.0,79.0
2020-09-15,8654.0,53.0,7785.0,816.0,0.0,0.0,0.0
2020-09-16,8678.0,53.0,7827.0,798.0,24.0,0.0,42.0
2020-09-17,8678.0,53.0,7827.0,798.0,0.0,0.0,0.0
2020-09-18,8696.0,53.0,7848.0,795.0,18.0,0.0,21.0
2020-09-19,8696.0,53.0,7848.0,795.0,0.0,0.0,0.0
2020-09-20,8696.0,53.0,7848.0,795.0,0.0,0.0,0.0
2020-09-21,8704.0,54.0,7875.0,775.0,8.0,1.0,27.0
2020-09-22,8704.0,54.0,7875.0,775.0,0.0,0.0,0.0
2020-09-23,8716.0,54.0,7906.0,756.0,12.0,0.0,31.0
2020-09-24,8716.0,54.0,7906.0,756.0,0.0,0.0,0.0
2020-09-25,8728.0,54.0,7934.0,740.0,12.0,0.0,28.0
2020-09-26,8728.0,54.0,7934.0,740.0,0.0,0.0,0.0
2020-09-27,8728.0,54.0,7934.0,740.0,0.0,0.0,0.0
2020-09-28,8728.0,54.0,7934.0,740.0,0.0,0.0,0.0
2020-09-29,8752.0,54.0,7955.0,743.0,24.0,0.0,21.0
2020-09-30,8766.0,54.0,8005.0,707.0,14.0,0.0,50.0
2020-10-01,8766.0,54.0,8005.0,707.0,0.0,0.0,0.0
2020-10-02,8797.0,54.0,8067.0,676.0,31.0,0.0,62.0
2020-10-03,8797.0,54.0,8067.0,676.0,0.0,0.0,0.0
2020-10-04,8797.0,54.0,8067.0,676.0,0.0,0.0,0.0
2020-10-05,8808.0,54.0,8135.0,619.0,11.0,0.0,68.0
2020-10-06,8808.0,54.0,8135.0,619.0,0.0,0.0,0.0
2020-10-07,8815.0,54.0,8164.0,597.0,7.0,0.0,29.0
2020-10-08,8815.0,54.0,8164.0,597.0,0.0,0.0,0.0
2020-10-09,8835.0,54.0,8189.0,592.0,20.0,0.0,25.0
2020-10-10,8835.0,54.0,8189.0,592.0,0.0,0.0,0.0
2020-10-11,8835.0,54.0,8189.0,592.0,0.0,0.0,0.0
2020-10-12,8860.0,54.0,8298.0,508.0,25.0,0.0,109.0
2020-10-13,8860.0,54.0,8298.0,508.0,0.0,0.0,0.0
2020-10-14,8869.0,54.0,8395.0,420.0,9.0,0.0,97.0
2020-10-15,8869.0,54.0,8395.0,420.0,0.0,0.0,0.0
2020-10-16,8881.0,54.0,8430.0,397.0,12.0,0.0,35.0
2020-10-17,8881.0,54.0,8430.0,397.0,0.0,0.0,0.0
2020-10-18,8881.0,54.0,8430.0,397.0,0.0,0.0,0.0
