date,confirmed,deaths,recovered,active,new_confirmed,new_deaths,new_recovered
2020-03-17,1.0,0.0,0.0,1.0,,,
2020-03-18,1.0,0.0,0.0,1.0,0.0,0.0,0.0
2020-03-19,1.0,0.0,0.0,1.0,0.0,0.0,0.0
2020-03-20,1.0,0.0,0.0,1.0,0.0,0.0,0.0
2020-03-21,1.0,0.0,0.0,1.0,0.0,0.0,0.0
2020-03-22,1.0,0.0,0.0,1.0,0.0,0.0,0.0
2020-03-23,2.0,1.0,0.0,1.0,1.0,1.0,0.0
2020-03-24,3.0,1.0,0.0,2.0,1.0,0.0,0.0
2020-03-25,3.0,1.0,0.0,2.0,0.0,0.0,0.0
2020-03-26,3.0,1.0,0.0,2.0,0.0,0.0,0.0
2020-03-27,3.0,1.0,0.0,2.0,0.0,0.0,0.0
2020-03-28,3.0,1.0,0.0,2.0,0.0,0.0,0.0
2020-03-29,4.0,1.0,0.0,3.0,1.0,0.0,0.0
2020-03-30,4.0,1.0,0.0,3.0,0.0,0.0,0.0
2020-03-31,4.0,1.0,0.0,3.0,0.0,0.0,0.0
2020-04-01,4.0,1.0,2.0,1.0,0.0,0.0,2.0
2020-04-02,4.0,1.0,2.0,1.0,0.0,0.0,0.0
2020-04-03,4.0,1.0,2.0,1.0,0.0,0.0,0.0
2020-04-04,4.0,1.0,2.0,1.0,0.0,0.0,0.0
2020-04-05,4.0,1.0,2.0,1.0,0.0,0.0,0.0
2020-04-06,4.0,1.0,2.0,1.0,0.0,0.0,0.0
2020-04-07,4.0,1.0,2.0,1.0,0.0,0.0,0.0
2020-04-08,4.0,1.0,2.0,1.0,0.0,0.0,0.0
2020-04-09,4.0,1.0,2.0,1.0,0.0,0.0,0.0
2020-04-10,4.0,1.0,2.0,1.0,0.0,0.0,0.0
2020-04-11,9.0,1.0,2.0,6.0,5.0,0.0,0.0
2020-04-12,9.0,1.0,2.0,6.0,0.0,0.0,0.0
2020-04-13,9.0,1.0,2.0,6.0,0.0,0.0,0.0
2020-04-14,9.0,1.0,2.0,6.0,0.0,0.0,0.0
2020-04-15,9.0,1.0,2.0,6.0,0.0,0.0,0.0
2020-04-16,9.0,1.0,2.0,6.0,0.0,0.0,0.0
2020-04-17,9.0,1.0,2.0,6.0,0.0,0.0,0.0
2020-04-18,9.0,1.0,2.0,6.0,0.0,0.0,0.0
2020-04-19,10.0,1.0,2.0,7.0,1.0,0.0,0.0
2020-04-20,10.0,1.0,2.0,7.0,0.0,0.0,0.0
2020-04-21,10.0,1.0,2.0,7.0,0.0,0.0,0.0
2020-04-22,10.0,1.0,2.0,7.0,0.0,0.0,0.0
2020-04-23,10.0,1.0,2.0,7.0,0.0,0.0,0.0
2020-04-24,10.0,1.0,8.0,1.0,0.0,0.0,6.0
2020-04-25,10.0,1.0,8.0,1.0,0.0,0.0,0.0
2020-04-26,10.0,1.0,8.0,1.0,0.0,0.0,0.0
2020-04-27,10.0,1.0,8.0,1.0,0.0,0.0,0.0
2020-04-28,10.0,1.0,8.0,1.0,0.0,0.0,0.0
2020-04-29,10.0,1.0,8.0,1.0,0.0,0.0,0.0
2020-04-30,11.0,1.0,8.0,2.0,1.0,0.0,0.0
2020-05-01,12.0,1.0,8.0,3.0,1.0,0.0,0.0
2020-05-02,17.0,1.0,9.0,7.0,5.0,0.0,1.0
2020-05-03,17.0,1.0,9.0,7.0,0.0,0.0,0.0
2020-05-04,17.0,1.0,9.0,7.0,0.0,0.0,0.0
2020-05-05,17.0,1.0,9.0,7.0,0.0,0.0,0.0
2020-05-06,17.0,1.0,9.0,7.0,0.0,0.0,0.0
2020-05-07,18.0,1.0,9.0,8.0,1.0,0.0,0.0
2020-05-08,20.0,1.0,9.0,10.0,2.0,0.0,0.0
2020-05-09,20.0,1.0,9.0,10.0,0.0,0.0,0.0
2020-05-10,20.0,1.0,9.0,10.0,0.0,0.0,0.0
2020-05-11,22.0,1.0,10.0,11.0,2.0,0.0,1.0
2020-05-12,22.0,1.0,10.0,11.0,0.0,0.0,0.0
2020-05-13,23.0,1.0,10.0,12.0,1.0,0.0,0.0
2020-05-14,23.0,1.0,10.0,12.0,0.0,0.0,0.0
2020-05-15,23.0,1.0,10.0,12.0,0.0,0.0,0.0
2020-05-16,23.0,1.0,12.0,10.0,0.0,0.0,2.0
2020-05-17,23.0,1.0,12.0,10.0,0.0,0.0,0.0
2020-05-18,24.0,1.0,13.0,10.0,1.0,0.0,1.0
2020-05-19,24.0,1.0,13.0,10.0,0.0,0.0,0.0
2020-05-20,24.0,1.0,13.0,10.0,0.0,0.0,0.0
2020-05-21,24.0,1.0,13.0,10.0,0.0,0.0,0.0
2020-05-22,25.0,1.0,13.0,11.0,1.0,0.0,0.0
2020-05-23,25.0,1.0,13.0,11.0,0.0,0.0,0.0
2020-05-24,25.0,1.0,13.0,11.0,0.0,0.0,0.0
2020-05-25,25.0,1.0,17.0,7.0,0.0,0.0,4.0
2020-05-26,25.0,1.0,18.0,6.0,0.0,0.0,1.0
2020-05-27,25.0,1.0,19.0,5.0,0.0,0.0,1.0
2020-05-28,25.0,1.0,19.0,5.0,0.0,0.0,0.0
2020-05-29,25.0,1.0,20.0,4.0,0.0,0.0,1.0
2020-05-30,25.0,1.0,20.0,4.0,0.0,0.0,0.0
2020-05-31,25.0,1.0,20.0,4.0,0.0,0.0,0.0
2020-06-01,25.0,1.0,20.0,4.0,0.0,0.0,0.0
2020-06-02,25.0,1.0,20.0,4.0,0.0,0.0,0.0
2020-06-03,26.0,1.0,20.0,5.0,1.0,0.0,0.0
2020-06-04,26.0,1.0,20.0,5.0,0.0,0.0,0.0
2020-06-05,26.0,1.0,21.0,4.0,0.0,0.0,1.0
2020-06-06,26.0,1.0,21.0,4.0,0.0,0.0,0.0
2020-06-07,26.0,1.0,21.0,4.0,0.0,0.0,0.0
2020-06-08,28.0,1.0,21.0,6.0,2.0,0.0,0.0
2020-06-09,28.0,1.0,21.0,6.0,0.0,0.0,0.0
2020-06-10,28.0,1.0,22.0,5.0,0.0,0.0,1.0
2020-06-11,28.0,1.0,22.0,5.0,0.0,0.0,0.0
2020-06-12,28.0,1.0,22.0,5.0,0.0,0.0,0.0
2020-06-13,28.0,1.0,24.0,3.0,0.0,0.0,2.0
2020-06-14,28.0,1.0,24.0,3.0,0.0,0.0,0.0
2020-06-15,30.0,1.0,24.0,5.0,2.0,0.0,0.0
2020-06-16,34.0,1.0,24.0,9.0,4.0,0.0,0.0
2020-06-17,34.0,1.0,24.0,9.0,0.0,0.0,0.0
2020-06-18,36.0,1.0,24.0,11.0,2.0,0.0,0.0
2020-06-19,36.0,1.0,24.0,11.0,0.0,0.0,0.0
2020-06-20,37.0,2.0,24.0,11.0,1.0,1.0,0.0
2020-06-21,37.0,2.0,24.0,11.0,0.0,0.0,0.0
2020-06-22,41.0,2.0,26.0,13.0,4.0,0.0,2.0
2020-06-23,42.0,2.0,26.0,14.0,1.0,0.0,0.0
2020-06-24,42.0,2.0,26.0,14.0,0.0,0.0,0.0
2020-06-25,43.0,2.0,26.0,15.0,1.0,0.0,0.0
2020-06-26,43.0,2.0,26.0,15.0,0.0,0.0,0.0
2020-06-27,44.0,2.0,26.0,16.0,1.0,0.0,0.0
2020-06-28,45.0,2.0,26.0,17.0,1.0,0.0,0.0
2020-06-29,47.0,2.0,26.0,19.0,2.0,0.0,0.0
2020-06-30,49.0,2.0,27.0,20.0,2.0,0.0,1.0
2020-07-01,49.0,2.0,27.0,20.0,0.0,0.0,0.0
2020-07-02,55.0,2.0,27.0,26.0,6.0,0.0,0.0
2020-07-03,55.0,2.0,27.0,26.0,0.0,0.0,0.0
2020-07-04,57.0,2.0,27.0,28.0,2.0,0.0,0.0
2020-07-05,57.0,2.0,27.0,28.0,0.0,0.0,0.0
2020-07-06,61.0,3.0,27.0,31.0,4.0,1.0,0.0
2020-07-07,61.0,3.0,27.0,31.0,0.0,0.0,0.0
2020-07-08,61.0,3.0,27.0,31.0,0.0,0.0,0.0
2020-07-09,63.0,3.0,32.0,28.0,2.0,0.0,5.0
2020-07-10,64.0,3.0,34.0,27.0,1.0,0.0,2.0
2020-07-11,64.0,3.0,34.0,27.0,0.0,0.0,0.0
2020-07-12,64.0,3.0,34.0,27.0,0.0,0.0,0.0
2020-07-13,64.0,3.0,34.0,27.0,0.0,0.0,0.0
2020-07-14,64.0,3.0,34.0,27.0,0.0,0.0,0.0
2020-07-15,64.0,3.0,34.0,27.0,0.0,0.0,0.0
2020-07-16,78.0,3.0,34.0,41.0,14.0,0.0,0.0
2020-07-17,78.0,3.0,34.0,41.0,0.0,0.0,0.0
2020-07-18,93.0,4.0,49.0,40.0,15.0,1.0,15.0
2020-07-19,93.0,4.0,49.0,40.0,0.0,0.0,0.0
2020-07-20,112.0,4.0,57.0,51.0,19.0,0.0,8.0
2020-07-21,112.0,4.0,57.0,51.0,0.0,0.0,0.0
2020-07-22,146.0,5.0,57.0,84.0,34.0,1.0,0.0
2020-07-23,170.0,5.0,58.0,107.0,24.0,0.0,1.0
2020-07-24,216.0,6.0,60.0,150.0,46.0,1.0,2.0
2020-07-25,277.0,6.0,60.0,211.0,61.0,0.0,0.0
2020-07-26,277.0,6.0,60.0,211.0,0.0,0.0,0.0
2020-07-27,326.0,8.0,66.0,252.0,49.0,2.0,6.0
2020-07-28,326.0,8.0,66.0,252.0,0.0,0.0,0.0
2020-07-29,326.0,8.0,66.0,252.0,0.0,0.0,0.0
2020-07-30,403.0,8.0,66.0,329.0,77.0,0.0,0.0
2020-07-31,498.0,9.0,68.0,421.0,95.0,1.0,2.0
2020-08-01,498.0,9.0,68.0,421.0,0.0,0.0,0.0
2020-08-02,498.0,9.0,68.0,421.0,0.0,0.0,0.0
2020-08-03,498.0,9.0,68.0,421.0,0.0,0.0,0.0
2020-08-04,671.0,14.0,79.0,578.0,173.0,5.0,11.0
2020-08-05,799.0,16.0,115.0,668.0,128.0,2.0,36.0
2020-08-06,935.0,16.0,136.0,783.0,136.0,0.0,21.0
2020-08-07,1090.0,19.0,146.0,925.0,155.0,3.0,10.0
2020-08-08,1090.0,19.0,146.0,925.0,0.0,0.0,0.0
2020-08-09,1235.0,23.0,221.0,991.0,145.0,4.0,75.0
2020-08-10,1235.0,23.0,221.0,991.0,0.0,0.0,0.0
2020-08-11,1346.0,32.0,227.0,1087.0,111.0,9.0,6.0
2020-08-12,1477.0,33.0,247.0,1197.0,131.0,1.0,20.0
2020-08-13,1556.0,43.0,267.0,1246.0,79.0,10.0,20.0
2020-08-14,1623.0,50.0,304.0,1269.0,67.0,7.0,37.0
2020-08-15,1689.0,54.0,347.0,1288.0,66.0,4.0,43.0
2020-08-16,1872.0,63.0,401.0,1408.0,183.0,9.0,54.0
2020-08-17,1872.0,63.0,401.0,1408.0,0.0,0.0,0.0
2020-08-18,2116.0,63.0,415.0,1638.0,244.0,0.0,14.0
2020-08-19,2288.0,77.0,435.0,1776.0,172.0,14.0,20.0
2020-08-20,2401.0,81.0,435.0,1885.0,113.0,4.0,0.0
2020-08-21,2437.0,84.0,455.0,1898.0,36.0,3.0,20.0
2020-08-22,2437.0,84.0,455.0,1898.0,0.0,0.0,0.0
2020-08-23,2685.0,87.0,490.0,2108.0,248.0,3.0,35.0
2020-08-24,2585.0,87.0,490.0,2008.0,-100.0,0.0,0.0
2020-08-25,2686.0,90.0,601.0,1995.0,101.0,3.0,111.0
2020-08-26,2708.0,93.0,611.0,2004.0,22.0,3.0,10.0
2020-08-27,2743.0,93.0,638.0,2012.0,35.0,0.0,27.0
2020-08-28,2797.0,96.0,743.0,1958.0,54.0,3.0,105.0
2020-08-29,2895.0,96.0,751.0,2048.0,98.0,0.0,8.0
2020-08-30,2963.0,96.0,1032.0,1835.0,68.0,0.0,281.0
2020-08-31,2963.0,96.0,1032.0,1835.0,0.0,0.0,0.0
2020-09-01,3029.0,96.0,1032.0,1901.0,66.0,0.0,0.0
2020-09-02,3067.0,97.0,1032.0,1938.0,38.0,1.0,0.0
2020-09-03,3101.0,99.0,1075.0,1927.0,34.0,2.0,43.0
2020-09-04,3120.0,99.0,1295.0,1726.0,19.0,0.0,220.0
2020-09-05,3150.0,99.0,1315.0,1736.0,30.0,0.0,20.0
2020-09-06,3197.0,99.0,1315.0,1783.0,47.0,0.0,0.0
2020-09-07,3197.0,99.0,1315.0,1783.0,0.0,0.0,0.0
2020-09-08,3275.0,99.0,1424.0,1752.0,78.0,0.0,109.0
2020-09-09,3293.0,99.0,1460.0,1734.0,18.0,0.0,36.0
2020-09-10,3330.0,100.0,1460.0,1770.0,37.0,1.0,0.0
2020-09-11,3362.0,100.0,1582.0,1680.0,32.0,0.0,122.0
2020-09-12,3376.0,102.0,1617.0,1657.0,14.0,2.0,35.0
2020-09-13,3405.0,103.0,1723.0,1579.0,29.0,1.0,106.0
2020-09-14,3405.0,103.0,1723.0,1579.0,0.0,0.0,0.0
2020-09-15,3428.0,105.0,1737.0,1586.0,23.0,2.0,14.0
2020-09-16,3440.0,107.0,1851.0,1482.0,12.0,2.0,114.0
2020-09-17,3473.0,107.0,1951.0,1415.0,33.0,0.0,100.0
2020-09-18,3485.0,108.0,1973.0,1404.0,12.0,1.0,22.0
2020-09-19,3504.0,108.0,1992.0,1404.0,19.0,0.0,19.0
2020-09-20,3526.0,108.0,1992.0,1426.0,22.0,0.0,0.0
2020-09-21,3526.0,108.0,1992.0,1426.0,0.0,0.0,0.0
2020-09-22,3540.0,110.0,2002.0,1428.0,14.0,2.0,10.0
2020-09-23,3542.0,110.0,2011.0,1421.0,2.0,0.0,9.0
2020-09-24,3552.0,110.0,2012.0,1430.0,10.0,0.0,1.0
2020-09-25,3555.0,110.0,2034.0,1411.0,3.0,0.0,22.0
2020-09-26,3555.0,110.0,2034.0,1411.0,0.0,0.0,0.0
2020-09-27,3569.0,111.0,2161.0,1297.0,14.0,1.0,127.0
2020-09-28,3569.0,111.0,2161.0,1297.0,0.0,0.0,0.0
2020-09-29,3579.0,112.0,2161.0,1306.0,10.0,1.0,0.0
2020-09-30,3579.0,112.0,2161.0,1306.0,0.0,0.0,0.0
2020-10-01,3584.0,113.0,2216.0,1255.0,5.0,1.0,55.0
2020-10-02,3585.0,115.0,2224.0,1246.0,1.0,2.0,8.0
2020-10-03,3590.0,115.0,2226.0,1249.0,5.0,0.0,2.0
2020-10-04,3594.0,115.0,2226.0,1253.0,4.0,0.0,0.0
2020-10-05,3594.0,115.0,2226.0,1253.0,0.0,0.0,0.0
2020-10-06,3613.0,117.0,2233.0,1263.0,19.0,2.0,7.0
2020-10-07,3613.0,117.0,2235.0,1261.0,0.0,0.0,2.0
2020-10-08,3617.0,117.0,2437.0,1063.0,4.0,0.0,202.0
2020-10-09,3621.0,117.0,2489.0,1015.0,4.0,0.0,52.0
