date,confirmed,deaths,recovered,active,new_confirmed,new_deaths,new_recovered
2020-02-26,1.0,0.0,0.0,1.0,,,
2020-02-27,1.0,0.0,0.0,1.0,0.0,0.0,0.0
2020-02-28,1.0,0.0,0.0,1.0,0.0,0.0,0.0
2020-02-29,1.0,0.0,0.0,1.0,0.0,0.0,0.0
2020-03-01,3.0,0.0,0.0,3.0,2.0,0.0,0.0
2020-03-02,3.0,0.0,0.0,3.0,0.0,0.0,0.0
2020-03-03,3.0,0.0,0.0,3.0,0.0,0.0,0.0
2020-03-04,3.0,0.0,0.0,3.0,0.0,0.0,0.0
2020-03-05,4.0,0.0,0.0,4.0,1.0,0.0,0.0
2020-03-06,4.0,0.0,0.0,4.0,0.0,0.0,0.0
2020-03-07,4.0,0.0,0.0,4.0,0.0,0.0,0.0
2020-03-08,13.0,0.0,0.0,13.0,9.0,0.0,0.0
2020-03-09,15.0,0.0,0.0,15.0,2.0,0.0,0.0
2020-03-10,15.0,0.0,0.0,15.0,0.0,0.0,0.0
2020-03-11,24.0,0.0,0.0,24.0,9.0,0.0,0.0
2020-03-12,24.0,0.0,0.0,24.0,0.0,0.0,0.0
2020-03-13,25.0,0.0,0.0,25.0,1.0,0.0,0.0
2020-03-14,30.0,0.0,0.0,30.0,5.0,0.0,0.0
2020-03-15,33.0,0.0,0.0,33.0,3.0,0.0,0.0
2020-03-16,33.0,0.0,1.0,32.0,0.0,0.0,1.0
2020-03-17,34.0,0.0,1.0,33.0,1.0,0.0,0.0
2020-03-18,38.0,0.0,1.0,37.0,4.0,0.0,0.0
2020-03-19,40.0,0.0,1.0,39.0,2.0,0.0,0.0
2020-03-20,43.0,0.0,1.0,42.0,3.0,0.0,0.0
2020-03-21,49.0,0.0,1.0,48.0,6.0,0.0,0.0
2020-03-22,54.0,0.0,1.0,53.0,5.0,0.0,0.0
2020-03-23,61.0,0.0,8.0,53.0,7.0,0.0,7.0
2020-03-24,70.0,0.0,9.0,61.0,9.0,0.0,1.0
2020-03-25,75.0,0.0,10.0,65.0,5.0,0.0,1.0
2020-03-26,79.0,0.0,11.0,68.0,4.0,0.0,1.0
2020-03-27,83.0,0.0,14.0,69.0,4.0,0.0,3.0
2020-03-28,90.0,0.0,14.0,76.0,7.0,0.0,0.0
2020-03-29,91.0,0.0,18.0,73.0,1.0,0.0,4.0
2020-03-30,103.0,0.0,20.0,83.0,12.0,0.0,2.0
2020-03-31,110.0,0.0,21.0,89.0,7.0,0.0,1.0
2020-04-01,117.0,0.0,23.0,94.0,7.0,0.0,2.0
2020-04-02,134.0,0.0,26.0,108.0,17.0,0.0,3.0
2020-04-03,155.0,0.0,28.0,127.0,21.0,0.0,2.0
2020-04-04,162.0,1.0,36.0,125.0,7.0,1.0,8.0
2020-04-05,174.0,2.0,36.0,136.0,12.0,1.0,0.0
2020-04-06,188.0,2.0,39.0,147.0,14.0,0.0,3.0
2020-04-07,196.0,3.0,46.0,147.0,8.0,1.0,7.0
2020-04-08,211.0,3.0,50.0,158.0,15.0,0.0,4.0
2020-04-09,218.0,3.0,51.0,164.0,7.0,0.0,1.0
2020-04-10,234.0,3.0,54.0,177.0,16.0,0.0,3.0
2020-04-11,242.0,3.0,60.0,179.0,8.0,0.0,6.0
2020-04-12,257.0,3.0,67.0,187.0,15.0,0.0,7.0
2020-04-13,272.0,3.0,68.0,201.0,15.0,0.0,1.0
2020-04-14,300.0,3.0,69.0,228.0,28.0,0.0,1.0
2020-04-15,306.0,3.0,71.0,232.0,6.0,0.0,2.0
2020-04-16,348.0,3.0,76.0,269.0,42.0,0.0,5.0
2020-04-17,370.0,3.0,79.0,288.0,22.0,0.0,3.0
2020-04-18,388.0,4.0,86.0,298.0,18.0,1.0,7.0
2020-04-19,394.0,4.0,93.0,297.0,6.0,0.0,7.0
2020-04-20,402.0,4.0,95.0,303.0,8.0,0.0,2.0
2020-04-21,408.0,4.0,97.0,307.0,6.0,0.0,2.0
2020-04-22,416.0,5.0,107.0,304.0,8.0,1.0,10.0
2020-04-23,425.0,5.0,111.0,309.0,9.0,0.0,4.0
2020-04-24,444.0,5.0,132.0,307.0,19.0,0.0,21.0
2020-04-25,456.0,5.0,139.0,312.0,12.0,0.0,7.0
2020-04-26,486.0,6.0,149.0,331.0,30.0,1.0,10.0
2020-04-27,497.0,6.0,156.0,335.0,11.0,0.0,7.0
2020-04-28,511.0,6.0,168.0,337.0,14.0,0.0,12.0
2020-04-29,517.0,6.0,178.0,333.0,6.0,0.0,10.0
2020-04-30,539.0,6.0,184.0,349.0,22.0,0.0,6.0
2020-05-01,566.0,7.0,207.0,352.0,27.0,1.0,23.0
2020-05-02,582.0,8.0,207.0,367.0,16.0,1.0,0.0
2020-05-03,589.0,9.0,223.0,357.0,7.0,1.0,16.0
2020-05-04,593.0,9.0,223.0,361.0,4.0,0.0,0.0
2020-05-05,604.0,9.0,240.0,355.0,11.0,0.0,17.0
2020-05-06,610.0,9.0,269.0,332.0,6.0,0.0,29.0
2020-05-07,615.0,9.0,275.0,331.0,5.0,0.0,6.0
2020-05-08,623.0,10.0,288.0,325.0,8.0,1.0,13.0
2020-05-09,626.0,10.0,297.0,319.0,3.0,0.0,9.0
2020-05-10,635.0,10.0,309.0,316.0,9.0,0.0,12.0
2020-05-11,638.0,11.0,317.0,310.0,3.0,1.0,8.0
2020-05-12,642.0,11.0,349.0,282.0,4.0,0.0,32.0
2020-05-13,647.0,11.0,372.0,264.0,5.0,0.0,23.0
2020-05-14,667.0,12.0,383.0,272.0,20.0,1.0,11.0
2020-05-15,671.0,12.0,393.0,266.0,4.0,0.0,10.0
2020-05-16,683.0,12.0,419.0,252.0,12.0,0.0,26.0
2020-05-17,695.0,12.0,425.0,258.0,12.0,0.0,6.0
2020-05-18,701.0,12.0,432.0,257.0,6.0,0.0,7.0
2020-05-19,707.0,12.0,456.0,239.0,6.0,0.0,24.0
2020-05-20,713.0,12.0,475.0,226.0,6.0,0.0,19.0
2020-05-21,721.0,12.0,485.0,224.0,8.0,0.0,10.0
2020-05-22,723.0,12.0,495.0,216.0,2.0,0.0,10.0
2020-05-23,728.0,12.0,509.0,207.0,5.0,0.0,14.0
2020-05-24,730.0,12.0,522.0,196.0,2.0,0.0,13.0
2020-05-25,731.0,12.0,526.0,193.0,1.0,0.0,4.0
2020-05-26,732.0,12.0,537.0,183.0,1.0,0.0,11.0
2020-05-27,735.0,12.0,557.0,166.0,3.0,0.0,20.0
2020-05-28,738.0,12.0,573.0,153.0,3.0,0.0,16.0
2020-05-29,746.0,12.0,576.0,158.0,8.0,0.0,3.0
2020-05-30,757.0,12.0,600.0,145.0,11.0,0.0,24.0
2020-05-31,783.0,12.0,605.0,166.0,26.0,0.0,5.0
2020-06-01,794.0,12.0,624.0,158.0,11.0,0.0,19.0
2020-06-02,796.0,13.0,634.0,149.0,2.0,1.0,10.0
2020-06-03,800.0,13.0,640.0,147.0,4.0,0.0,6.0
2020-06-04,801.0,13.0,644.0,144.0,1.0,0.0,4.0
2020-06-05,805.0,13.0,650.0,142.0,4.0,0.0,6.0
2020-06-06,808.0,13.0,663.0,132.0,3.0,0.0,13.0
2020-06-07,809.0,13.0,674.0,122.0,1.0,0.0,11.0
2020-06-08,812.0,13.0,683.0,116.0,3.0,0.0,9.0
2020-06-09,818.0,13.0,686.0,119.0,6.0,0.0,3.0
2020-06-10,827.0,13.0,690.0,124.0,9.0,0.0,4.0
2020-06-11,831.0,13.0,694.0,124.0,4.0,0.0,4.0
2020-06-12,843.0,13.0,697.0,133.0,12.0,0.0,3.0
2020-06-13,851.0,14.0,702.0,135.0,8.0,1.0,5.0
2020-06-14,864.0,14.0,703.0,147.0,13.0,0.0,1.0
2020-06-15,879.0,14.0,704.0,161.0,15.0,0.0,1.0
2020-06-16,879.0,14.0,724.0,141.0,0.0,0.0,20.0
2020-06-17,888.0,14.0,731.0,143.0,9.0,0.0,7.0
2020-06-18,893.0,14.0,739.0,140.0,5.0,0.0,8.0
2020-06-19,896.0,14.0,741.0,141.0,3.0,0.0,2.0
2020-06-20,898.0,14.0,752.0,132.0,2.0,0.0,11.0
2020-06-21,906.0,14.0,755.0,137.0,8.0,0.0,3.0
2020-06-22,908.0,14.0,761.0,133.0,2.0,0.0,6.0
2020-06-23,911.0,14.0,768.0,129.0,3.0,0.0,7.0
2020-06-24,914.0,14.0,771.0,129.0,3.0,0.0,3.0
2020-06-25,917.0,14.0,776.0,127.0,3.0,0.0,5.0
2020-06-26,919.0,14.0,780.0,125.0,2.0,0.0,4.0
2020-06-27,921.0,14.0,781.0,126.0,2.0,0.0,1.0
2020-06-28,924.0,15.0,785.0,124.0,3.0,1.0,4.0
2020-06-29,926.0,15.0,791.0,120.0,2.0,0.0,6.0
2020-06-30,928.0,15.0,794.0,119.0,2.0,0.0,3.0
2020-07-01,931.0,15.0,794.0,122.0,3.0,0.0,0.0
2020-07-02,939.0,15.0,817.0,107.0,8.0,0.0,23.0
2020-07-03,943.0,15.0,821.0,107.0,4.0,0.0,4.0
2020-07-04,948.0,15.0,825.0,108.0,5.0,0.0,4.0
2020-07-05,951.0,15.0,828.0,108.0,3.0,0.0,3.0
2020-07-06,953.0,15.0,830.0,108.0,2.0,0.0,2.0
2020-07-07,958.0,15.0,838.0,105.0,5.0,0.0,8.0
2020-07-08,963.0,15.0,841.0,107.0,5.0,0.0,3.0
2020-07-09,968.0,15.0,844.0,109.0,5.0,0.0,3.0
2020-07-10,973.0,15.0,846.0,112.0,5.0,0.0,2.0
2020-07-11,981.0,15.0,851.0,115.0,8.0,0.0,5.0
2020-07-12,986.0,15.0,857.0,114.0,5.0,0.0,6.0
2020-07-13,995.0,15.0,857.0,123.0,9.0,0.0,0.0
2020-07-14,999.0,15.0,870.0,114.0,4.0,0.0,13.0
2020-07-15,1004.0,15.0,873.0,116.0,5.0,0.0,3.0
2020-07-16,1006.0,15.0,883.0,108.0,2.0,0.0,10.0
2020-07-17,1010.0,15.0,885.0,110.0,4.0,0.0,2.0
2020-07-18,1018.0,15.0,895.0,108.0,8.0,0.0,10.0
2020-07-19,1028.0,15.0,899.0,114.0,10.0,0.0,4.0
2020-07-20,1039.0,16.0,900.0,123.0,11.0,1.0,1.0
2020-07-21,1049.0,16.0,903.0,130.0,10.0,0.0,3.0
2020-07-22,1073.0,16.0,907.0,150.0,24.0,0.0,4.0
2020-07-23,1085.0,16.0,911.0,158.0,12.0,0.0,4.0
2020-07-24,1104.0,16.0,912.0,176.0,19.0,0.0,1.0
2020-07-25,1117.0,16.0,917.0,184.0,13.0,0.0,5.0
2020-07-26,1131.0,16.0,920.0,195.0,14.0,0.0,3.0
2020-07-27,1137.0,16.0,922.0,199.0,6.0,0.0,2.0
2020-07-28,1145.0,16.0,927.0,202.0,8.0,0.0,5.0
2020-07-29,1155.0,17.0,929.0,209.0,10.0,1.0,2.0
2020-07-30,1160.0,17.0,935.0,208.0,5.0,0.0,6.0
2020-07-31,1168.0,17.0,940.0,211.0,8.0,0.0,5.0
2020-08-01,1171.0,17.0,947.0,207.0,3.0,0.0,7.0
2020-08-02,1177.0,17.0,955.0,205.0,6.0,0.0,8.0
2020-08-03,1179.0,17.0,959.0,203.0,2.0,0.0,4.0
2020-08-04,1182.0,17.0,962.0,203.0,3.0,0.0,3.0
2020-08-05,1197.0,17.0,974.0,206.0,15.0,0.0,12.0
2020-08-06,1206.0,17.0,987.0,202.0,9.0,0.0,13.0
2020-08-07,1213.0,17.0,994.0,202.0,7.0,0.0,7.0
2020-08-08,1216.0,17.0,996.0,203.0,3.0,0.0,2.0
2020-08-09,1225.0,17.0,1000.0,208.0,9.0,0.0,4.0
2020-08-10,1250.0,17.0,1010.0,223.0,25.0,0.0,10.0
2020-08-11,1264.0,17.0,1054.0,193.0,14.0,0.0,44.0
2020-08-12,1278.0,17.0,1058.0,203.0,14.0,0.0,4.0
2020-08-13,1283.0,17.0,1068.0,198.0,5.0,0.0,10.0
2020-08-14,1306.0,17.0,1085.0,204.0,23.0,0.0,17.0
2020-08-15,1321.0,17.0,1088.0,216.0,15.0,0.0,3.0
2020-08-16,1336.0,17.0,1088.0,231.0,15.0,0.0,0.0
2020-08-17,1341.0,17.0,1092.0,232.0,5.0,0.0,4.0
2020-08-18,1351.0,17.0,1092.0,242.0,10.0,0.0,0.0
2020-08-19,1361.0,17.0,1098.0,246.0,10.0,0.0,6.0
2020-08-20,1370.0,17.0,1108.0,245.0,9.0,0.0,10.0
2020-08-21,1385.0,17.0,1128.0,240.0,15.0,0.0,20.0
2020-08-22,1394.0,17.0,1132.0,245.0,9.0,0.0,4.0
2020-08-23,1411.0,17.0,1132.0,262.0,17.0,0.0,0.0
2020-08-24,1421.0,18.0,1137.0,266.0,10.0,1.0,5.0
2020-08-25,1429.0,19.0,1150.0,260.0,8.0,1.0,13.0
2020-08-26,1436.0,19.0,1150.0,267.0,7.0,0.0,0.0
2020-08-27,1447.0,19.0,1190.0,238.0,11.0,0.0,40.0
2020-08-28,1455.0,19.0,1196.0,240.0,8.0,0.0,6.0
2020-08-29,1462.0,19.0,1196.0,247.0,7.0,0.0,0.0
2020-08-30,1469.0,19.0,1221.0,229.0,7.0,0.0,25.0
2020-08-31,1487.0,19.0,1240.0,228.0,18.0,0.0,19.0
2020-09-01,1510.0,19.0,1253.0,238.0,23.0,0.0,13.0
2020-09-02,1548.0,19.0,1270.0,259.0,38.0,0.0,17.0
2020-09-03,1568.0,19.0,1279.0,270.0,20.0,0.0,9.0
2020-09-04,1596.0,19.0,1294.0,283.0,28.0,0.0,15.0
2020-09-05,1621.0,19.0,1302.0,300.0,25.0,0.0,8.0
2020-09-06,1650.0,19.0,1310.0,321.0,29.0,0.0,8.0
2020-09-07,1684.0,19.0,1315.0,350.0,34.0,0.0,5.0
2020-09-08,1729.0,19.0,1321.0,389.0,45.0,0.0,6.0
2020-09-09,1773.0,19.0,1325.0,429.0,44.0,0.0,4.0
2020-09-10,1830.0,19.0,1334.0,477.0,57.0,0.0,9.0
2020-09-11,1917.0,19.0,1354.0,544.0,87.0,0.0,20.0
2020-09-12,2075.0,19.0,1363.0,693.0,158.0,0.0,9.0
2020-09-13,2227.0,19.0,1369.0,839.0,152.0,0.0,6.0
2020-09-14,2392.0,19.0,1369.0,1004.0,165.0,0.0,0.0
2020-09-15,2562.0,19.0,1369.0,1174.0,170.0,0.0,0.0
2020-09-16,2758.0,19.0,1412.0,1327.0,196.0,0.0,43.0
2020-09-17,2937.0,19.0,1422.0,1496.0,179.0,0.0,10.0
2020-09-18,3119.0,19.0,1435.0,1665.0,182.0,0.0,13.0
2020-09-19,3306.0,19.0,1481.0,1806.0,187.0,0.0,46.0
2020-09-20,3502.0,19.0,1494.0,1989.0,196.0,0.0,13.0
2020-09-21,3695.0,20.0,1534.0,2141.0,193.0,1.0,40.0
2020-09-22,3913.0,23.0,1574.0,2316.0,218.0,3.0,40.0
2020-09-23,4140.0,25.0,1643.0,2472.0,227.0,2.0,69.0
2020-09-24,4399.0,26.0,1705.0,2668.0,259.0,1.0,62.0
2020-09-25,4664.0,27.0,1759.0,2878.0,265.0,1.0,54.0
2020-09-26,4960.0,28.0,1819.0,3113.0,296.0,1.0,60.0
2020-09-27,5254.0,28.0,1906.0,3320.0,294.0,0.0,87.0
2020-09-28,5552.0,32.0,2054.0,3466.0,298.0,4.0,148.0
2020-09-29,5866.0,36.0,2324.0,3506.0,314.0,4.0,270.0
2020-09-30,6192.0,39.0,3120.0,3033.0,326.0,3.0,796.0
2020-10-01,6640.0,41.0,3419.0,3180.0,448.0,2.0,299.0
2020-10-02,7093.0,46.0,3714.0,3333.0,453.0,5.0,295.0
2020-10-03,7564.0,48.0,3992.0,3524.0,471.0,2.0,278.0
2020-10-04,8118.0,50.0,4244.0,3824.0,554.0,2.0,252.0
2020-10-05,8696.0,54.0,4619.0,4023.0,578.0,4.0,375.0
2020-10-06,9245.0,58.0,4887.0,4300.0,549.0,4.0,268.0
2020-10-07,9753.0,63.0,5235.0,4455.0,508.0,5.0,348.0
2020-10-08,10225.0,66.0,5553.0,4606.0,472.0,3.0,318.0
2020-10-09,10752.0,72.0,5866.0,4814.0,527.0,6.0,313.0
2020-10-10,11271.0,78.0,6119.0,5074.0,519.0,6.0,253.0
2020-10-11,11794.0,85.0,6327.0,5382.0,523.0,7.0,208.0
2020-10-12,12272.0,93.0,6538.0,5641.0,478.0,8.0,211.0
2020-10-13,12841.0,102.0,6867.0,5872.0,569.0,9.0,329.0
2020-10-14,13521.0,109.0,7159.0,6253.0,680.0,7.0,292.0
2020-10-15,14440.0,113.0,7367.0,6960.0,919.0,4.0,208.0
2020-10-16,15327.0,124.0,7613.0,7590.0,887.0,11.0,246.0
2020-10-17,16285.0,128.0,7827.0,8330.0,958.0,4.0,214.0
2020-10-18,17477.0,136.0,8060.0,9281.0,1192.0,8.0,233.0
2020-10-19,18663.0,143.0,8338.0,10182.0,1186.0,7.0,278.0
2020-10-20,19857.0,158.0,8666.0,11033.0,1194.0,15.0,328.0
2020-10-21,21208.0,172.0,9003.0,12033.0,1351.0,14.0,337.0
2020-10-22,22803.0,178.0,9401.0,13224.0,1595.0,6.0,398.0
2020-10-23,24562.0,183.0,9751.0,14628.0,1759.0,5.0,350.0
2020-10-24,26503.0,193.0,10163.0,16147.0,1941.0,10.0,412.0
2020-10-25,28431.0,201.0,10767.0,17463.0,1928.0,8.0,604.0
2020-10-26,30303.0,215.0,11370.0,18718.0,1872.0,14.0,603.0
2020-10-27,32127.0,238.0,12632.0,19257.0,1824.0,23.0,1262.0
2020-10-28,33858.0,253.0,14829.0,18776.0,1731.0,15.0,2197.0
2020-10-29,35567.0,273.0,16904.0,18390.0,1709.0,20.0,2075.0
2020-10-30,37263.0,285.0,19810.0,17168.0,1696.0,12.0,2906.0
2020-10-31,38936.0,307.0,22691.0,15938.0,1673.0,22.0,2881.0
2020-11-01,40727.0,335.0,25104.0,15288.0,1791.0,28.0,2413.0
2020-11-02,42579.0,342.0,26800.0,15437.0,1852.0,7.0,1696.0
2020-11-03,44522.0,362.0,28633.0,15527.0,1943.0,20.0,1833.0
2020-11-04,46817.0,381.0,31170.0,15266.0,2295.0,19.0,2537.0
2020-11-05,49218.0,401.0,33459.0,15358.0,2401.0,20.0,2289.0
2020-11-06,51993.0,423.0,37019.0,14551.0,2775.0,22.0,3560.0
2020-11-07,54852.0,441.0,39773.0,14638.0,2859.0,18.0,2754.0
2020-11-08,57753.0,475.0,42572.0,14706.0,2901.0,34.0,2799.0
2020-11-09,60680.0,499.0,45042.0,15139.0,2927.0,24.0,2470.0
2020-11-10,63650.0,521.0,47390.0,15739.0,2970.0,22.0,2348.0
2020-11-11,66561.0,566.0,49811.0,16184.0,2911.0,45.0,2421.0
2020-11-12,69681.0,599.0,52169.0,16913.0,3120.0,33.0,2358.0
2020-11-13,73154.0,636.0,55511.0,17007.0,3473.0,37.0,3342.0
2020-11-14,76658.0,669.0,58674.0,17315.0,3504.0,33.0,3163.0
2020-11-15,79678.0,703.0,62061.0,16914.0,3020.0,34.0,3387.0
2020-11-16,82835.0,733.0,65291.0,16811.0,3157.0,30.0,3230.0
2020-11-17,85952.0,778.0,68929.0,16245.0,3117.0,45.0,3638.0
2020-11-18,89395.0,815.0,71468.0,17112.0,3443.0,37.0,2539.0
2020-11-19,93092.0,853.0,73877.0,18362.0,3697.0,38.0,2409.0
2020-11-20,96860.0,894.0,77932.0,18034.0,3768.0,41.0,4055.0
2020-11-21,100684.0,927.0,81783.0,17974.0,3824.0,33.0,3851.0
2020-11-22,104732.0,976.0,85639.0,18117.0,4048.0,49.0,3856.0
2020-11-23,108690.0,1012.0,89170.0,18508.0,3958.0,36.0,3531.0
2020-11-24,111818.0,1051.0,92215.0,18552.0,3128.0,39.0,3045.0
