date,confirmed,deaths,recovered,active,new_confirmed,new_deaths,new_recovered
2020-03-14,3.0,0.0,0.0,3.0,,,
2020-03-15,6.0,0.0,0.0,6.0,3.0,0.0,0.0
2020-03-16,6.0,0.0,0.0,6.0,0.0,0.0,0.0
2020-03-17,7.0,0.0,0.0,7.0,1.0,0.0,0.0
2020-03-18,7.0,0.0,0.0,7.0,0.0,0.0,0.0
2020-03-19,11.0,0.0,0.0,11.0,4.0,0.0,0.0
2020-03-20,16.0,0.0,0.0,16.0,5.0,0.0,0.0
2020-03-21,19.0,1.0,0.0,18.0,3.0,1.0,0.0
2020-03-22,23.0,1.0,0.0,22.0,4.0,0.0,0.0
2020-03-23,27.0,2.0,0.0,25.0,4.0,1.0,0.0
2020-03-24,53.0,2.0,0.0,51.0,26.0,0.0,0.0
2020-03-25,93.0,4.0,0.0,89.0,40.0,2.0,0.0
2020-03-26,132.0,4.0,1.0,127.0,39.0,0.0,1.0
2020-03-27,137.0,4.0,2.0,131.0,5.0,0.0,1.0
2020-03-28,141.0,5.0,2.0,134.0,4.0,1.0,0.0
2020-03-29,152.0,5.0,2.0,145.0,11.0,0.0,0.0
2020-03-30,152.0,5.0,2.0,145.0,0.0,0.0,0.0
2020-03-31,161.0,5.0,31.0,125.0,9.0,0.0,29.0
2020-04-01,195.0,5.0,31.0,159.0,34.0,0.0,0.0
2020-04-02,204.0,5.0,31.0,168.0,9.0,0.0,0.0
2020-04-03,205.0,5.0,31.0,169.0,1.0,0.0,0.0
2020-04-04,205.0,5.0,31.0,169.0,0.0,0.0,0.0
2020-04-05,214.0,5.0,31.0,178.0,9.0,0.0,0.0
2020-04-06,214.0,5.0,31.0,178.0,0.0,0.0,0.0
2020-04-07,287.0,5.0,31.0,251.0,73.0,0.0,0.0
2020-04-08,313.0,6.0,34.0,273.0,26.0,1.0,3.0
2020-04-09,378.0,6.0,3.0,369.0,65.0,0.0,-31.0
2020-04-10,378.0,6.0,4.0,368.0,0.0,0.0,1.0
2020-04-11,408.0,8.0,4.0,396.0,30.0,2.0,0.0
2020-04-12,566.0,8.0,4.0,554.0,158.0,0.0,0.0
2020-04-13,566.0,8.0,4.0,554.0,0.0,0.0,0.0
2020-04-14,636.0,8.0,17.0,611.0,70.0,0.0,13.0
2020-04-15,636.0,8.0,17.0,611.0,0.0,0.0,0.0
2020-04-16,641.0,8.0,83.0,550.0,5.0,0.0,66.0
2020-04-17,641.0,8.0,83.0,550.0,0.0,0.0,0.0
2020-04-18,834.0,9.0,99.0,726.0,193.0,1.0,16.0
2020-04-19,1042.0,9.0,99.0,934.0,208.0,0.0,0.0
2020-04-20,1042.0,9.0,99.0,934.0,0.0,0.0,0.0
2020-04-21,1042.0,9.0,99.0,934.0,0.0,0.0,0.0
2020-04-22,1154.0,9.0,99.0,1046.0,112.0,0.0,0.0
2020-04-23,1154.0,9.0,99.0,1046.0,0.0,0.0,0.0
2020-04-24,1279.0,10.0,134.0,1135.0,125.0,1.0,35.0
2020-04-25,1279.0,10.0,134.0,1135.0,0.0,0.0,0.0
2020-04-26,1550.0,11.0,155.0,1384.0,271.0,1.0,21.0
2020-04-27,1550.0,11.0,155.0,1384.0,0.0,0.0,0.0
2020-04-28,1671.0,16.0,188.0,1467.0,121.0,5.0,33.0
2020-04-29,1671.0,16.0,188.0,1467.0,0.0,0.0,0.0
2020-04-30,2074.0,17.0,212.0,1845.0,403.0,1.0,24.0
2020-05-01,2074.0,17.0,212.0,1845.0,0.0,0.0,0.0
2020-05-02,2169.0,18.0,229.0,1922.0,95.0,1.0,17.0
2020-05-03,2169.0,18.0,229.0,1922.0,0.0,0.0,0.0
2020-05-04,2719.0,18.0,294.0,2407.0,550.0,0.0,65.0
2020-05-05,2719.0,18.0,294.0,2407.0,0.0,0.0,0.0
2020-05-06,3091.0,18.0,294.0,2779.0,372.0,0.0,0.0
2020-05-07,3091.0,18.0,303.0,2770.0,0.0,0.0,9.0
2020-05-08,4012.0,18.0,323.0,3671.0,921.0,0.0,20.0
2020-05-09,4263.0,22.0,378.0,3863.0,251.0,4.0,55.0
2020-05-10,4263.0,22.0,378.0,3863.0,0.0,0.0,0.0
2020-05-11,4700.0,22.0,494.0,4184.0,437.0,0.0,116.0
2020-05-12,5127.0,22.0,494.0,4611.0,427.0,0.0,0.0
2020-05-13,5408.0,24.0,514.0,4870.0,281.0,2.0,20.0
2020-05-14,5530.0,24.0,674.0,4832.0,122.0,0.0,160.0
2020-05-15,5638.0,28.0,1460.0,4150.0,108.0,4.0,786.0
2020-05-16,5735.0,29.0,1754.0,3952.0,97.0,1.0,294.0
2020-05-17,5735.0,29.0,1754.0,3952.0,0.0,0.0,0.0
2020-05-18,5735.0,29.0,1754.0,3952.0,0.0,0.0,0.0
2020-05-19,6096.0,31.0,1773.0,4292.0,361.0,2.0,19.0
2020-05-20,6269.0,31.0,1898.0,4340.0,173.0,0.0,125.0
2020-05-21,6269.0,31.0,1898.0,4340.0,0.0,0.0,0.0
2020-05-22,6486.0,31.0,1951.0,4504.0,217.0,0.0,53.0
2020-05-23,6617.0,31.0,1978.0,4608.0,131.0,0.0,27.0
2020-05-24,6683.0,32.0,1998.0,4653.0,66.0,1.0,20.0
2020-05-25,6808.0,32.0,2070.0,4706.0,125.0,0.0,72.0
2020-05-26,7117.0,34.0,2317.0,4766.0,309.0,2.0,247.0
2020-05-27,7303.0,34.0,2412.0,4857.0,186.0,0.0,95.0
2020-05-28,7303.0,34.0,2412.0,4857.0,0.0,0.0,0.0
2020-05-29,7616.0,34.0,2421.0,5161.0,313.0,0.0,9.0
2020-05-30,7768.0,35.0,2540.0,5193.0,152.0,1.0,119.0
2020-05-31,8070.0,36.0,2947.0,5087.0,302.0,1.0,407.0
2020-06-01,8070.0,36.0,2947.0,5087.0,0.0,0.0,0.0
2020-06-02,8297.0,38.0,2986.0,5273.0,227.0,2.0,39.0
2020-06-03,8548.0,38.0,3132.0,5378.0,251.0,0.0,146.0
2020-06-04,8885.0,38.0,3189.0,5658.0,337.0,0.0,57.0
2020-06-05,9168.0,42.0,3457.0,5669.0,283.0,4.0,268.0
2020-06-06,9462.0,44.0,3547.0,5871.0,294.0,2.0,90.0
2020-06-07,9638.0,44.0,3636.0,5958.0,176.0,0.0,89.0
2020-06-08,9910.0,48.0,3645.0,6217.0,272.0,4.0,9.0
2020-06-09,10201.0,48.0,3755.0,6398.0,291.0,0.0,110.0
2020-06-10,10201.0,48.0,3755.0,6398.0,0.0,0.0,0.0
2020-06-11,10358.0,48.0,3824.0,6486.0,157.0,0.0,69.0
2020-06-12,10856.0,48.0,3921.0,6887.0,498.0,0.0,97.0
2020-06-13,11118.0,48.0,3979.0,7091.0,262.0,0.0,58.0
2020-06-14,11964.0,54.0,4258.0,7652.0,846.0,6.0,279.0
2020-06-15,11964.0,54.0,4258.0,7652.0,0.0,0.0,0.0
2020-06-16,12193.0,58.0,4326.0,7809.0,229.0,4.0,68.0
2020-06-17,12590.0,66.0,4410.0,8114.0,397.0,8.0,84.0
2020-06-18,12929.0,66.0,4468.0,8395.0,339.0,0.0,58.0
2020-06-19,13203.0,70.0,4548.0,8585.0,274.0,4.0,80.0
2020-06-20,13717.0,85.0,10074.0,3558.0,514.0,15.0,5526.0
2020-06-21,14154.0,85.0,10473.0,3596.0,437.0,0.0,399.0
2020-06-22,14154.0,85.0,10473.0,3596.0,0.0,0.0,0.0
2020-06-23,14568.0,95.0,10907.0,3566.0,414.0,10.0,434.0
2020-06-24,15013.0,95.0,11078.0,3840.0,445.0,0.0,171.0
2020-06-25,15473.0,95.0,11431.0,3947.0,460.0,0.0,353.0
2020-06-26,15834.0,103.0,11755.0,3976.0,361.0,8.0,324.0
2020-06-27,16431.0,103.0,12257.0,4071.0,597.0,0.0,502.0
2020-06-28,16742.0,112.0,12720.0,3910.0,311.0,9.0,463.0
2020-06-29,17351.0,112.0,12994.0,4245.0,609.0,0.0,274.0
2020-06-30,17741.0,112.0,13268.0,4361.0,390.0,0.0,274.0
2020-07-01,18134.0,117.0,13550.0,4467.0,393.0,5.0,282.0
2020-07-02,18134.0,117.0,13550.0,4467.0,0.0,0.0,0.0
2020-07-03,19388.0,117.0,14330.0,4941.0,1254.0,0.0,780.0
2020-07-04,19388.0,117.0,14330.0,4941.0,0.0,0.0,0.0
2020-07-05,20085.0,122.0,14870.0,5093.0,697.0,5.0,540.0
2020-07-06,21077.0,129.0,16070.0,4878.0,992.0,7.0,1200.0
2020-07-07,21968.0,129.0,17156.0,4683.0,891.0,0.0,1086.0
2020-07-08,22822.0,129.0,17564.0,5129.0,854.0,0.0,408.0
2020-07-09,23463.0,129.0,18622.0,4712.0,641.0,0.0,1058.0
2020-07-10,23834.0,135.0,19212.0,4487.0,371.0,6.0,590.0
2020-07-11,24248.0,135.0,19831.0,4282.0,414.0,0.0,619.0
2020-07-12,24518.0,139.0,20187.0,4192.0,270.0,4.0,356.0
2020-07-13,24988.0,139.0,21067.0,3782.0,470.0,0.0,880.0
2020-07-14,24988.0,139.0,21067.0,3782.0,0.0,0.0,0.0
2020-07-15,25430.0,139.0,21511.0,3780.0,442.0,0.0,444.0
2020-07-16,26125.0,139.0,22270.0,3716.0,695.0,0.0,759.0
2020-07-17,26572.0,144.0,22915.0,3513.0,447.0,5.0,645.0
2020-07-18,27060.0,145.0,23044.0,3871.0,488.0,1.0,129.0
2020-07-19,27667.0,148.0,23249.0,4270.0,607.0,3.0,205.0
2020-07-20,28430.0,153.0,24901.0,3376.0,763.0,5.0,1652.0
2020-07-21,28989.0,153.0,25331.0,3505.0,559.0,0.0,430.0
2020-07-22,29672.0,153.0,26090.0,3429.0,683.0,0.0,759.0
2020-07-23,29672.0,153.0,26090.0,3429.0,0.0,0.0,0.0
2020-07-24,31057.0,161.0,27801.0,3095.0,1385.0,8.0,1711.0
2020-07-25,31851.0,161.0,28438.0,3252.0,794.0,0.0,637.0
2020-07-26,32969.0,168.0,29494.0,3307.0,1118.0,7.0,1056.0
2020-07-27,33624.0,168.0,29801.0,3655.0,655.0,0.0,307.0
2020-07-28,34406.0,168.0,30621.0,3617.0,782.0,0.0,820.0
2020-07-29,35142.0,175.0,31286.0,3681.0,736.0,7.0,665.0
2020-07-30,35142.0,175.0,31286.0,3681.0,0.0,0.0,0.0
2020-07-31,35501.0,182.0,32096.0,3223.0,359.0,7.0,810.0
2020-08-01,37014.0,182.0,33365.0,3467.0,1513.0,0.0,1269.0
2020-08-02,37014.0,182.0,33365.0,3467.0,0.0,0.0,0.0
2020-08-03,37812.0,191.0,34313.0,3308.0,798.0,9.0,948.0
2020-08-04,37812.0,191.0,34313.0,3308.0,0.0,0.0,0.0
2020-08-05,39075.0,199.0,35563.0,3313.0,1263.0,8.0,1250.0
2020-08-06,39642.0,199.0,36384.0,3059.0,567.0,0.0,821.0
2020-08-07,40097.0,206.0,36638.0,3253.0,455.0,7.0,254.0
2020-08-08,40533.0,206.0,37702.0,2625.0,436.0,0.0,1064.0
2020-08-09,41003.0,215.0,38330.0,2458.0,470.0,9.0,628.0
2020-08-10,41212.0,215.0,38727.0,2270.0,209.0,0.0,397.0
2020-08-11,41404.0,215.0,39055.0,2134.0,192.0,0.0,328.0
2020-08-12,41572.0,223.0,39320.0,2029.0,168.0,8.0,265.0
2020-08-13,41725.0,223.0,39495.0,2007.0,153.0,0.0,175.0
2020-08-14,41847.0,223.0,39718.0,1906.0,122.0,0.0,223.0
2020-08-15,42210.0,231.0,40147.0,1832.0,363.0,8.0,429.0
2020-08-16,42532.0,231.0,40362.0,1939.0,322.0,0.0,215.0
2020-08-17,42653.0,239.0,40567.0,1847.0,121.0,8.0,205.0
2020-08-18,42993.0,248.0,40796.0,1949.0,340.0,9.0,229.0
2020-08-19,43094.0,256.0,40963.0,1875.0,101.0,8.0,167.0
2020-08-20,43260.0,261.0,41276.0,1723.0,166.0,5.0,313.0
2020-08-21,43325.0,261.0,41408.0,1656.0,65.0,0.0,132.0
2020-08-22,43325.0,261.0,41408.0,1656.0,0.0,0.0,0.0
2020-08-23,43505.0,261.0,41532.0,1712.0,180.0,0.0,124.0
2020-08-24,43622.0,263.0,41695.0,1664.0,117.0,2.0,163.0
2020-08-25,43717.0,270.0,41843.0,1604.0,95.0,7.0,148.0
2020-08-26,43769.0,270.0,42048.0,1451.0,52.0,0.0,205.0
2020-08-27,43841.0,270.0,42246.0,1325.0,72.0,0.0,198.0
2020-08-28,43949.0,270.0,42392.0,1287.0,108.0,0.0,146.0
2020-08-29,44118.0,270.0,42581.0,1267.0,169.0,0.0,189.0
2020-08-30,44205.0,276.0,42777.0,1152.0,87.0,6.0,196.0
2020-08-31,44298.0,276.0,42963.0,1059.0,93.0,0.0,186.0
2020-09-01,44460.0,276.0,43121.0,1063.0,162.0,0.0,158.0
2020-09-02,44658.0,276.0,43478.0,904.0,198.0,0.0,357.0
2020-09-03,44713.0,280.0,43577.0,856.0,55.0,4.0,99.0
2020-09-04,44777.0,283.0,43693.0,801.0,64.0,3.0,116.0
2020-09-05,44777.0,283.0,43693.0,801.0,0.0,0.0,0.0
2020-09-06,44777.0,283.0,43693.0,801.0,0.0,0.0,0.0
2020-09-07,44869.0,283.0,43801.0,785.0,92.0,0.0,108.0
2020-09-08,45012.0,283.0,43898.0,831.0,143.0,0.0,97.0
2020-09-09,45313.0,283.0,44188.0,842.0,301.0,0.0,290.0
2020-09-10,45313.0,283.0,44188.0,842.0,0.0,0.0,0.0
2020-09-11,45388.0,285.0,44267.0,836.0,75.0,2.0,79.0
2020-09-12,45434.0,286.0,44342.0,806.0,46.0,1.0,75.0
2020-09-13,45434.0,286.0,44342.0,806.0,0.0,0.0,0.0
2020-09-14,45601.0,294.0,44679.0,628.0,167.0,8.0,337.0
2020-09-15,45655.0,294.0,44797.0,564.0,54.0,0.0,118.0
2020-09-16,45655.0,294.0,44797.0,564.0,0.0,0.0,0.0
2020-09-17,45714.0,294.0,44896.0,524.0,59.0,0.0,99.0
2020-09-18,45760.0,295.0,44973.0,492.0,46.0,1.0,77.0
2020-09-19,45877.0,297.0,45081.0,499.0,117.0,2.0,108.0
2020-09-20,46004.0,297.0,45153.0,554.0,127.0,0.0,72.0
2020-09-21,46062.0,297.0,45258.0,507.0,58.0,0.0,105.0
2020-09-22,46062.0,297.0,45258.0,507.0,0.0,0.0,0.0
2020-09-23,46153.0,299.0,45299.0,555.0,91.0,2.0,41.0
2020-09-24,46222.0,299.0,45417.0,506.0,69.0,0.0,118.0
2020-09-25,46222.0,299.0,45417.0,506.0,0.0,0.0,0.0
2020-09-26,46222.0,299.0,45417.0,506.0,0.0,0.0,0.0
2020-09-27,46387.0,299.0,45618.0,470.0,165.0,0.0,201.0
2020-09-28,46444.0,299.0,45646.0,499.0,57.0,0.0,28.0
2020-09-29,46482.0,301.0,45651.0,530.0,38.0,2.0,5.0
2020-09-30,46626.0,301.0,45757.0,568.0,144.0,0.0,106.0
2020-10-01,46656.0,301.0,45942.0,413.0,30.0,0.0,185.0
2020-10-02,46694.0,301.0,45945.0,448.0,38.0,0.0,3.0
2020-10-03,46803.0,303.0,46006.0,494.0,109.0,2.0,61.0
2020-10-04,46829.0,303.0,46060.0,466.0,26.0,0.0,54.0
2020-10-05,46829.0,303.0,46060.0,466.0,0.0,0.0,0.0
2020-10-06,46829.0,303.0,46060.0,466.0,0.0,0.0,0.0
2020-10-07,46829.0,303.0,46060.0,466.0,0.0,0.0,0.0
2020-10-08,46947.0,306.0,46259.0,382.0,118.0,3.0,199.0
2020-10-09,46987.0,306.0,46378.0,303.0,40.0,0.0,119.0
2020-10-10,47005.0,306.0,46398.0,301.0,18.0,0.0,20.0
2020-10-11,47005.0,306.0,46398.0,301.0,0.0,0.0,0.0
2020-10-12,47030.0,308.0,46424.0,298.0,25.0,2.0,26.0
2020-10-13,47126.0,310.0,46469.0,347.0,96.0,2.0,45.0
2020-10-14,47126.0,310.0,46469.0,347.0,0.0,0.0,0.0
2020-10-15,47173.0,310.0,46527.0,336.0,47.0,0.0,58.0
2020-10-16,47173.0,310.0,46527.0,336.0,0.0,0.0,0.0
2020-10-17,47232.0,310.0,46578.0,344.0,59.0,0.0,51.0
2020-10-18,47310.0,310.0,46618.0,382.0,78.0,0.0,40.0
2020-10-19,47372.0,310.0,46664.0,398.0,62.0,0.0,46.0
2020-10-20,47461.0,312.0,46752.0,397.0,89.0,2.0,88.0
2020-10-21,47461.0,312.0,46752.0,397.0,0.0,0.0,0.0
2020-10-22,47538.0,312.0,46789.0,437.0,77.0,0.0,37.0
2020-10-23,47601.0,314.0,46824.0,463.0,63.0,2.0,35.0
2020-10-24,47690.0,316.0,46887.0,487.0,89.0,2.0,63.0
2020-10-25,47690.0,316.0,46887.0,487.0,0.0,0.0,0.0
2020-10-26,47775.0,316.0,46971.0,488.0,85.0,0.0,84.0
2020-10-27,47775.0,316.0,46971.0,488.0,0.0,0.0,0.0
2020-10-28,47775.0,316.0,46971.0,488.0,0.0,0.0,0.0
2020-10-29,48055.0,320.0,47169.0,566.0,280.0,4.0,198.0
2020-10-30,48055.0,320.0,47169.0,566.0,0.0,0.0,0.0
2020-10-31,48055.0,320.0,47169.0,566.0,0.0,0.0,0.0
2020-11-01,48124.0,320.0,47215.0,589.0,69.0,0.0,46.0
2020-11-02,48200.0,320.0,47260.0,620.0,76.0,0.0,45.0
2020-11-03,48200.0,320.0,47260.0,620.0,0.0,0.0,0.0
2020-11-04,48643.0,320.0,47446.0,877.0,443.0,0.0,186.0
2020-11-05,48788.0,320.0,47521.0,947.0,145.0,0.0,75.0
2020-11-06,48788.0,320.0,47521.0,947.0,0.0,0.0,0.0
2020-11-07,48904.0,320.0,47611.0,973.0,116.0,0.0,90.0
2020-11-08,49102.0,320.0,47726.0,1056.0,198.0,0.0,115.0
2020-11-09,49202.0,320.0,47726.0,1156.0,100.0,0.0,0.0
2020-11-10,49302.0,320.0,47843.0,1139.0,100.0,0.0,117.0
2020-11-11,49302.0,320.0,47843.0,1139.0,0.0,0.0,0.0
2020-11-12,49957.0,320.0,48096.0,1541.0,655.0,0.0,253.0
2020-11-13,50018.0,320.0,48179.0,1519.0,61.0,0.0,83.0
2020-11-14,50018.0,320.0,48179.0,1519.0,0.0,0.0,0.0
2020-11-15,50123.0,322.0,48328.0,1473.0,105.0,2.0,149.0
2020-11-16,50376.0,323.0,48626.0,1427.0,253.0,1.0,298.0
2020-11-17,50376.0,323.0,48626.0,1427.0,0.0,0.0,0.0
2020-11-18,50457.0,323.0,48710.0,1424.0,81.0,0.0,84.0
2020-11-19,50631.0,323.0,49103.0,1205.0,174.0,0.0,393.0
2020-11-20,50631.0,323.0,49103.0,1205.0,0.0,0.0,0.0
2020-11-21,50717.0,323.0,49281.0,1113.0,86.0,0.0,178.0
2020-11-22,50874.0,323.0,49405.0,1146.0,157.0,0.0,124.0
2020-11-23,50941.0,323.0,49599.0,1019.0,67.0,0.0,194.0
2020-11-24,51184.0,323.0,50029.0,832.0,243.0,0.0,430.0
2020-11-25,51225.0,323.0,50127.0,775.0,41.0,0.0,98.0
2020-11-26,51225.0,323.0,50127.0,775.0,0.0,0.0,0.0
2020-11-27,51225.0,323.0,50127.0,775.0,0.0,0.0,0.0
2020-11-28,51379.0,323.0,50298.0,758.0,154.0,0.0,171.0
2020-11-29,51569.0,323.0,50450.0,796.0,190.0,0.0,152.0
2020-11-30,51667.0,323.0,50547.0,797.0,98.0,0.0,97.0
2020-12-01,51667.0,323.0,50547.0,797.0,0.0,0.0,0.0
2020-12-02,51667.0,323.0,50547.0,797.0,0.0,0.0,0.0
2020-12-03,51667.0,323.0,50547.0,797.0,0.0,0.0,0.0
