date,confirmed,deaths,recovered,active,new_confirmed,new_deaths,new_recovered
2020-02-26,1.0,0.0,0.0,1.0,,,
2020-02-27,3.0,0.0,0.0,3.0,2.0,0.0,0.0
2020-02-28,4.0,0.0,0.0,4.0,1.0,0.0,0.0
2020-02-29,4.0,0.0,0.0,4.0,0.0,0.0,0.0
2020-03-01,7.0,0.0,0.0,7.0,3.0,0.0,0.0
2020-03-02,7.0,0.0,0.0,7.0,0.0,0.0,0.0
2020-03-03,7.0,0.0,0.0,7.0,0.0,0.0,0.0
2020-03-04,9.0,0.0,0.0,9.0,2.0,0.0,0.0
2020-03-05,31.0,0.0,0.0,31.0,22.0,0.0,0.0
2020-03-06,45.0,0.0,0.0,45.0,14.0,0.0,0.0
2020-03-07,46.0,0.0,0.0,46.0,1.0,0.0,0.0
2020-03-08,73.0,0.0,0.0,73.0,27.0,0.0,0.0
2020-03-09,73.0,0.0,0.0,73.0,0.0,0.0,0.0
2020-03-10,89.0,0.0,0.0,89.0,16.0,0.0,0.0
2020-03-11,99.0,1.0,0.0,98.0,10.0,1.0,0.0
2020-03-12,99.0,1.0,0.0,98.0,0.0,0.0,0.0
2020-03-13,190.0,1.0,0.0,189.0,91.0,0.0,0.0
2020-03-14,228.0,3.0,8.0,217.0,38.0,2.0,8.0
2020-03-15,331.0,4.0,8.0,319.0,103.0,1.0,0.0
2020-03-16,331.0,4.0,8.0,319.0,0.0,0.0,0.0
2020-03-17,387.0,5.0,8.0,374.0,56.0,1.0,0.0
2020-03-18,418.0,5.0,8.0,405.0,31.0,0.0,0.0
2020-03-19,418.0,6.0,8.0,404.0,0.0,1.0,0.0
2020-03-20,495.0,6.0,19.0,470.0,77.0,0.0,11.0
2020-03-21,530.0,13.0,19.0,498.0,35.0,7.0,0.0
2020-03-22,624.0,15.0,19.0,590.0,94.0,2.0,0.0
2020-03-23,695.0,17.0,29.0,649.0,71.0,2.0,10.0
2020-03-24,743.0,20.0,29.0,694.0,48.0,3.0,0.0
2020-03-25,821.0,22.0,36.0,763.0,78.0,2.0,7.0
2020-03-26,892.0,26.0,36.0,830.0,71.0,4.0,0.0
2020-03-27,966.0,28.0,52.0,886.0,74.0,2.0,16.0
2020-03-28,1061.0,32.0,52.0,977.0,95.0,4.0,0.0
2020-03-29,1156.0,38.0,52.0,1066.0,95.0,6.0,0.0
2020-03-30,1212.0,43.0,52.0,1117.0,56.0,5.0,0.0
2020-03-31,1314.0,49.0,52.0,1213.0,102.0,6.0,0.0
2020-04-01,1415.0,50.0,52.0,1313.0,101.0,1.0,0.0
2020-04-02,1544.0,53.0,61.0,1430.0,129.0,3.0,9.0
2020-04-03,1613.0,63.0,78.0,1472.0,69.0,10.0,17.0
2020-04-04,1673.0,68.0,78.0,1527.0,60.0,5.0,0.0
2020-04-05,1735.0,73.0,78.0,1584.0,62.0,5.0,0.0
2020-04-06,1755.0,79.0,269.0,1407.0,20.0,6.0,191.0
2020-04-07,1832.0,81.0,269.0,1482.0,77.0,2.0,0.0
2020-04-08,1884.0,83.0,269.0,1532.0,52.0,2.0,0.0
2020-04-09,1955.0,87.0,269.0,1599.0,71.0,4.0,0.0
2020-04-10,2011.0,92.0,269.0,1650.0,56.0,5.0,0.0
2020-04-11,2081.0,93.0,269.0,1719.0,70.0,1.0,0.0
2020-04-12,2114.0,98.0,269.0,1747.0,33.0,5.0,0.0
2020-04-13,2145.0,99.0,269.0,1777.0,31.0,1.0,0.0
2020-04-14,2170.0,101.0,269.0,1800.0,25.0,2.0,0.0
2020-04-15,2192.0,102.0,269.0,1821.0,22.0,1.0,0.0
2020-04-16,2207.0,105.0,269.0,1833.0,15.0,3.0,0.0
2020-04-17,2224.0,108.0,269.0,1847.0,17.0,3.0,0.0
2020-04-18,2235.0,110.0,269.0,1856.0,11.0,2.0,0.0
2020-04-19,2235.0,113.0,269.0,1853.0,0.0,3.0,0.0
2020-04-20,2245.0,116.0,269.0,1860.0,10.0,3.0,0.0
2020-04-21,2401.0,121.0,577.0,1703.0,156.0,5.0,308.0
2020-04-22,2408.0,121.0,577.0,1710.0,7.0,0.0,0.0
2020-04-23,2463.0,125.0,577.0,1761.0,55.0,4.0,0.0
2020-04-24,2490.0,130.0,577.0,1783.0,27.0,5.0,0.0
2020-04-25,2506.0,130.0,577.0,1799.0,16.0,0.0,0.0
2020-04-26,2517.0,134.0,577.0,1806.0,11.0,4.0,0.0
2020-04-27,2534.0,136.0,577.0,1821.0,17.0,2.0,0.0
2020-04-28,2566.0,138.0,577.0,1851.0,32.0,2.0,0.0
2020-04-29,2576.0,139.0,577.0,1860.0,10.0,1.0,0.0
2020-04-30,2591.0,140.0,1374.0,1077.0,15.0,1.0,797.0
2020-05-01,2612.0,140.0,1374.0,1098.0,21.0,0.0,0.0
2020-05-02,2620.0,143.0,1374.0,1103.0,8.0,3.0,0.0
2020-05-03,2626.0,144.0,1374.0,1108.0,6.0,1.0,0.0
2020-05-04,2632.0,146.0,1374.0,1112.0,6.0,2.0,0.0
2020-05-05,2642.0,146.0,1374.0,1122.0,10.0,0.0,0.0
2020-05-06,2663.0,147.0,1374.0,1142.0,21.0,1.0,0.0
2020-05-07,2678.0,148.0,1374.0,1156.0,15.0,1.0,0.0
2020-05-08,2691.0,150.0,1374.0,1167.0,13.0,2.0,0.0
2020-05-09,2710.0,151.0,1374.0,1185.0,19.0,1.0,0.0
2020-05-10,2716.0,151.0,1374.0,1191.0,6.0,0.0,0.0
2020-05-11,2726.0,151.0,1374.0,1201.0,10.0,0.0,0.0
2020-05-12,2744.0,152.0,1374.0,1218.0,18.0,1.0,0.0
2020-05-13,2760.0,155.0,1374.0,1231.0,16.0,3.0,0.0
2020-05-14,2770.0,156.0,1374.0,1240.0,10.0,1.0,0.0
2020-05-15,2810.0,160.0,1374.0,1276.0,40.0,4.0,0.0
2020-05-16,2819.0,162.0,1374.0,1283.0,9.0,2.0,0.0
2020-05-17,2834.0,163.0,1374.0,1297.0,15.0,1.0,0.0
2020-05-18,2836.0,165.0,1374.0,1297.0,2.0,2.0,0.0
2020-05-19,2840.0,165.0,1374.0,1301.0,4.0,0.0,0.0
2020-05-20,2850.0,166.0,1374.0,1310.0,10.0,1.0,0.0
2020-05-21,2853.0,168.0,1374.0,1311.0,3.0,2.0,0.0
2020-05-22,2874.0,169.0,1374.0,1331.0,21.0,1.0,0.0
2020-05-23,2876.0,171.0,1374.0,1331.0,2.0,2.0,0.0
2020-05-24,2878.0,171.0,1374.0,1333.0,2.0,0.0,0.0
2020-05-25,2882.0,172.0,1374.0,1336.0,4.0,1.0,0.0
2020-05-26,2892.0,173.0,1374.0,1345.0,10.0,1.0,0.0
2020-05-27,2903.0,173.0,1374.0,1356.0,11.0,0.0,0.0
2020-05-28,2906.0,175.0,1374.0,1357.0,3.0,2.0,0.0
2020-05-29,2909.0,175.0,1374.0,1360.0,3.0,0.0,0.0
2020-05-30,2915.0,175.0,1374.0,1366.0,6.0,0.0,0.0
2020-05-31,2917.0,175.0,1374.0,1368.0,2.0,0.0,0.0
2020-06-01,2918.0,179.0,1374.0,1365.0,1.0,4.0,0.0
2020-06-02,2937.0,179.0,1374.0,1384.0,19.0,0.0,0.0
2020-06-03,2937.0,179.0,1374.0,1384.0,0.0,0.0,0.0
2020-06-04,2952.0,180.0,1374.0,1398.0,15.0,1.0,0.0
2020-06-05,2967.0,180.0,1374.0,1413.0,15.0,0.0,0.0
2020-06-06,2980.0,180.0,1374.0,1426.0,13.0,0.0,0.0
2020-06-07,2997.0,180.0,1374.0,1443.0,17.0,0.0,0.0
2020-06-08,3049.0,182.0,1374.0,1493.0,52.0,2.0,0.0
2020-06-09,3058.0,183.0,1374.0,1501.0,9.0,1.0,0.0
2020-06-10,3068.0,183.0,1374.0,1511.0,10.0,0.0,0.0
2020-06-11,3088.0,183.0,1374.0,1531.0,20.0,0.0,0.0
2020-06-12,3108.0,183.0,1374.0,1551.0,20.0,0.0,0.0
2020-06-13,3112.0,183.0,1374.0,1555.0,4.0,0.0,0.0
2020-06-14,3121.0,183.0,1374.0,1564.0,9.0,0.0,0.0
2020-06-15,3134.0,184.0,1374.0,1576.0,13.0,1.0,0.0
2020-06-16,3148.0,185.0,1374.0,1589.0,14.0,1.0,0.0
2020-06-17,3203.0,187.0,1374.0,1642.0,55.0,2.0,0.0
2020-06-18,3227.0,188.0,1374.0,1665.0,24.0,1.0,0.0
2020-06-19,3237.0,189.0,1374.0,1674.0,10.0,1.0,0.0
2020-06-20,3256.0,190.0,1374.0,1692.0,19.0,1.0,0.0
2020-06-21,3266.0,190.0,1374.0,1702.0,10.0,0.0,0.0
2020-06-22,3287.0,190.0,1374.0,1723.0,21.0,0.0,0.0
2020-06-23,3302.0,190.0,1374.0,1738.0,15.0,0.0,0.0
2020-06-24,3310.0,190.0,1374.0,1746.0,8.0,0.0,0.0
2020-06-25,3321.0,191.0,1374.0,1756.0,11.0,1.0,0.0
2020-06-26,3343.0,191.0,1374.0,1778.0,22.0,0.0,0.0
2020-06-27,3366.0,191.0,1374.0,1801.0,23.0,0.0,0.0
2020-06-28,3376.0,191.0,1374.0,1811.0,10.0,0.0,0.0
2020-06-29,3390.0,191.0,1374.0,1825.0,14.0,0.0,0.0
2020-06-30,3409.0,192.0,1374.0,1843.0,19.0,1.0,0.0
2020-07-01,3432.0,192.0,1374.0,1866.0,23.0,0.0,0.0
2020-07-02,3458.0,192.0,1374.0,1892.0,26.0,0.0,0.0
2020-07-03,3486.0,192.0,1374.0,1920.0,28.0,0.0,0.0
2020-07-04,3511.0,192.0,1374.0,1945.0,25.0,0.0,0.0
2020-07-05,3519.0,192.0,1374.0,1953.0,8.0,0.0,0.0
2020-07-06,3562.0,192.0,1374.0,1996.0,43.0,0.0,0.0
2020-07-07,3589.0,193.0,1374.0,2022.0,27.0,1.0,0.0
2020-07-08,3622.0,193.0,1374.0,2055.0,33.0,0.0,0.0
2020-07-09,3672.0,193.0,1374.0,2105.0,50.0,0.0,0.0
2020-07-10,3732.0,193.0,1374.0,2165.0,60.0,0.0,0.0
2020-07-11,3772.0,193.0,1374.0,2205.0,40.0,0.0,0.0
2020-07-12,3803.0,193.0,1374.0,2236.0,31.0,0.0,0.0
2020-07-13,3826.0,193.0,1374.0,2259.0,23.0,0.0,0.0
2020-07-14,3883.0,193.0,1374.0,2316.0,57.0,0.0,0.0
2020-07-15,3910.0,193.0,1374.0,2343.0,27.0,0.0,0.0
2020-07-16,3939.0,193.0,1374.0,2372.0,29.0,0.0,0.0
2020-07-17,3964.0,194.0,1374.0,2396.0,25.0,1.0,0.0
2020-07-18,3983.0,194.0,1374.0,2415.0,19.0,0.0,0.0
2020-07-19,4007.0,194.0,1374.0,2439.0,24.0,0.0,0.0
2020-07-20,4012.0,195.0,1374.0,2443.0,5.0,1.0,0.0
2020-07-21,4048.0,197.0,1374.0,2477.0,36.0,2.0,0.0
2020-07-22,4077.0,200.0,1374.0,2503.0,29.0,3.0,0.0
2020-07-23,4110.0,201.0,1374.0,2535.0,33.0,1.0,0.0
2020-07-24,4135.0,201.0,1374.0,2560.0,25.0,0.0,0.0
2020-07-25,4166.0,201.0,1374.0,2591.0,31.0,0.0,0.0
2020-07-26,4193.0,202.0,1374.0,2617.0,27.0,1.0,0.0
2020-07-27,4227.0,202.0,1374.0,2651.0,34.0,0.0,0.0
2020-07-28,4279.0,203.0,1374.0,2702.0,52.0,1.0,0.0
2020-07-29,4336.0,203.0,1374.0,2759.0,57.0,0.0,0.0
2020-07-30,4401.0,203.0,1374.0,2824.0,65.0,0.0,0.0
2020-07-31,4477.0,206.0,1374.0,2897.0,76.0,3.0,0.0
2020-08-01,4587.0,206.0,1374.0,3007.0,110.0,0.0,0.0
2020-08-02,4662.0,208.0,1374.0,3080.0,75.0,2.0,0.0
2020-08-03,4737.0,209.0,1374.0,3154.0,75.0,1.0,0.0
2020-08-04,4855.0,209.0,1374.0,3272.0,118.0,0.0,0.0
2020-08-05,4974.0,210.0,1374.0,3390.0,119.0,1.0,0.0
2020-08-06,5123.0,210.0,1374.0,3539.0,149.0,0.0,0.0
2020-08-07,5270.0,210.0,1374.0,3686.0,147.0,0.0,0.0
2020-08-08,5421.0,211.0,1374.0,3836.0,151.0,1.0,0.0
2020-08-09,5623.0,212.0,1347.0,4064.0,202.0,1.0,-27.0
2020-08-10,5749.0,213.0,1347.0,4189.0,126.0,1.0,0.0
2020-08-11,5942.0,214.0,1347.0,4381.0,193.0,1.0,0.0
2020-08-12,6177.0,216.0,1347.0,4614.0,235.0,2.0,0.0
2020-08-13,6381.0,221.0,1347.0,4813.0,204.0,5.0,0.0
2020-08-14,6632.0,223.0,1347.0,5062.0,251.0,2.0,0.0
2020-08-15,6858.0,226.0,1347.0,5285.0,226.0,3.0,0.0
2020-08-16,7075.0,228.0,1347.0,5500.0,217.0,2.0,0.0
2020-08-17,7222.0,230.0,1347.0,5645.0,147.0,2.0,0.0
2020-08-18,7472.0,232.0,1347.0,5893.0,250.0,2.0,0.0
2020-08-19,7684.0,235.0,1347.0,6102.0,212.0,3.0,0.0
2020-08-20,7934.0,235.0,1347.0,6352.0,250.0,0.0,0.0
2020-08-21,8138.0,238.0,1347.0,6553.0,204.0,3.0,0.0
2020-08-22,8381.0,240.0,1347.0,6794.0,243.0,2.0,0.0
2020-08-23,8664.0,242.0,1347.0,7075.0,283.0,2.0,0.0
2020-08-24,8819.0,242.0,1347.0,7230.0,155.0,0.0,0.0
2020-08-25,8987.0,243.0,1347.0,7397.0,168.0,1.0,0.0
2020-08-26,9280.0,248.0,1347.0,7685.0,293.0,5.0,0.0
2020-08-27,9531.0,254.0,1347.0,7930.0,251.0,6.0,0.0
2020-08-28,9800.0,259.0,1347.0,8194.0,269.0,5.0,0.0
2020-08-29,9977.0,260.0,1347.0,8370.0,177.0,1.0,0.0
2020-08-30,10134.0,262.0,1347.0,8525.0,157.0,2.0,0.0
2020-08-31,10317.0,266.0,1347.0,8704.0,183.0,4.0,0.0
2020-09-01,10524.0,271.0,1347.0,8906.0,207.0,5.0,0.0
2020-09-02,10757.0,273.0,1347.0,9137.0,233.0,2.0,0.0
2020-09-03,10998.0,278.0,1347.0,9373.0,241.0,5.0,0.0
2020-09-04,11200.0,279.0,1347.0,9574.0,202.0,1.0,0.0
2020-09-05,11386.0,280.0,1347.0,9759.0,186.0,1.0,0.0
2020-09-06,11524.0,284.0,1347.0,9893.0,138.0,4.0,0.0
2020-09-07,11663.0,289.0,1347.0,10027.0,139.0,5.0,0.0
2020-09-08,11832.0,290.0,1347.0,10195.0,169.0,1.0,0.0
2020-09-09,12080.0,293.0,1347.0,10440.0,248.0,3.0,0.0
2020-09-10,12452.0,297.0,1347.0,10808.0,372.0,4.0,0.0
2020-09-11,12734.0,300.0,1347.0,11087.0,282.0,3.0,0.0
2020-09-12,13036.0,302.0,1347.0,11387.0,302.0,2.0,0.0
2020-09-13,13240.0,305.0,1347.0,11588.0,204.0,3.0,0.0
2020-09-14,13420.0,310.0,1347.0,11763.0,180.0,5.0,0.0
2020-09-15,13730.0,313.0,1347.0,12070.0,310.0,3.0,0.0
2020-09-16,14041.0,316.0,1347.0,12378.0,311.0,3.0,0.0
2020-09-17,14400.0,325.0,1347.0,12728.0,359.0,9.0,0.0
2020-09-18,14738.0,327.0,1347.0,13064.0,338.0,2.0,0.0
2020-09-19,14978.0,331.0,1347.0,13300.0,240.0,4.0,0.0
2020-09-20,15142.0,338.0,1347.0,13457.0,164.0,7.0,0.0
2020-09-21,15595.0,344.0,1347.0,13904.0,453.0,6.0,0.0
2020-09-22,15928.0,352.0,1347.0,14229.0,333.0,8.0,0.0
2020-09-23,16286.0,357.0,1347.0,14582.0,358.0,5.0,0.0
2020-09-24,16627.0,366.0,1347.0,14914.0,341.0,9.0,0.0
2020-09-25,16913.0,369.0,1347.0,15197.0,286.0,3.0,0.0
2020-09-26,17228.0,376.0,1347.0,15505.0,315.0,7.0,0.0
2020-09-27,17444.0,379.0,1347.0,15718.0,216.0,3.0,0.0
2020-09-28,17707.0,383.0,1347.0,15977.0,263.0,4.0,0.0
2020-09-29,18123.0,388.0,1347.0,16388.0,416.0,5.0,0.0
2020-09-30,18475.0,391.0,1347.0,16737.0,352.0,3.0,0.0
2020-10-01,18886.0,393.0,1347.0,17146.0,411.0,2.0,0.0
2020-10-02,19346.0,398.0,1347.0,17601.0,460.0,5.0,0.0
2020-10-03,19613.0,405.0,1347.0,17861.0,267.0,7.0,0.0
2020-10-04,19842.0,409.0,1347.0,18086.0,229.0,4.0,0.0
2020-10-05,20142.0,417.0,1347.0,18378.0,300.0,8.0,0.0
2020-10-06,20541.0,420.0,1347.0,18774.0,399.0,3.0,0.0
2020-10-07,20947.0,424.0,1347.0,19176.0,406.0,4.0,0.0
2020-10-08,21381.0,430.0,1347.0,19604.0,434.0,6.0,0.0
2020-10-09,21772.0,431.0,1347.0,19994.0,391.0,1.0,0.0
2020-10-10,22078.0,436.0,1347.0,20295.0,306.0,5.0,0.0
2020-10-11,22358.0,449.0,1347.0,20562.0,280.0,13.0,0.0
2020-10-12,22652.0,456.0,1347.0,20849.0,294.0,7.0,0.0
2020-10-13,23060.0,462.0,1347.0,21251.0,408.0,6.0,0.0
2020-10-14,23495.0,469.0,1347.0,21679.0,435.0,7.0,0.0
2020-10-15,23947.0,482.0,1347.0,22118.0,452.0,13.0,0.0
2020-10-16,24450.0,490.0,1347.0,22613.0,503.0,8.0,0.0
2020-10-17,24932.0,500.0,1347.0,23085.0,482.0,10.0,0.0
2020-10-18,25370.0,509.0,1347.0,23514.0,438.0,9.0,0.0
2020-10-19,25802.0,520.0,1347.0,23935.0,432.0,11.0,0.0
2020-10-20,26469.0,528.0,1347.0,24594.0,667.0,8.0,0.0
2020-10-21,27334.0,534.0,1347.0,25453.0,865.0,6.0,0.0
2020-10-22,28216.0,549.0,1347.0,26320.0,882.0,15.0,0.0
2020-10-23,29057.0,559.0,1347.0,27151.0,841.0,10.0,0.0
2020-10-24,29992.0,564.0,1347.0,28081.0,935.0,5.0,0.0
2020-10-25,30782.0,574.0,1347.0,28861.0,790.0,10.0,0.0
2020-10-26,31496.0,581.0,1347.0,29568.0,714.0,7.0,0.0
2020-10-27,32752.0,593.0,1347.0,30812.0,1256.0,12.0,0.0
2020-10-28,34299.0,603.0,1347.0,32349.0,1547.0,10.0,0.0
2020-10-29,35510.0,615.0,1347.0,33548.0,1211.0,12.0,0.0
2020-10-30,37196.0,620.0,1347.0,35229.0,1686.0,5.0,0.0
2020-10-31,39251.0,626.0,23074.0,15551.0,2055.0,6.0,21727.0
