date,confirmed,deaths,recovered,active,new_confirmed,new_deaths,new_recovered
2020-03-25,2.0,0.0,0.0,2.0,,,
2020-03-26,2.0,0.0,0.0,2.0,0.0,0.0,0.0
2020-03-27,2.0,0.0,0.0,2.0,0.0,0.0,0.0
2020-03-28,2.0,0.0,0.0,2.0,0.0,0.0,0.0
2020-03-29,2.0,0.0,0.0,2.0,0.0,0.0,0.0
2020-03-30,8.0,0.0,0.0,8.0,6.0,0.0,0.0
2020-03-31,8.0,0.0,0.0,8.0,0.0,0.0,0.0
2020-04-01,9.0,0.0,0.0,9.0,1.0,0.0,0.0
2020-04-02,9.0,0.0,0.0,9.0,0.0,0.0,0.0
2020-04-03,15.0,0.0,0.0,15.0,6.0,0.0,0.0
2020-04-04,18.0,0.0,0.0,18.0,3.0,0.0,0.0
2020-04-05,18.0,0.0,0.0,18.0,0.0,0.0,0.0
2020-04-06,18.0,0.0,0.0,18.0,0.0,0.0,0.0
2020-04-07,33.0,0.0,0.0,33.0,15.0,0.0,0.0
2020-04-08,33.0,0.0,0.0,33.0,0.0,0.0,0.0
2020-04-09,36.0,0.0,0.0,36.0,3.0,0.0,0.0
2020-04-10,36.0,0.0,0.0,36.0,0.0,0.0,0.0
2020-04-11,38.0,0.0,0.0,38.0,2.0,0.0,0.0
2020-04-12,38.0,0.0,0.0,38.0,0.0,0.0,0.0
2020-04-13,38.0,0.0,0.0,38.0,0.0,0.0,0.0
2020-04-14,38.0,0.0,0.0,38.0,0.0,0.0,0.0
2020-04-15,43.0,0.0,0.0,43.0,5.0,0.0,0.0
2020-04-16,43.0,0.0,0.0,43.0,0.0,0.0,0.0
2020-04-17,43.0,0.0,0.0,43.0,0.0,0.0,0.0
2020-04-18,46.0,0.0,0.0,46.0,3.0,0.0,0.0
2020-04-19,50.0,0.0,3.0,47.0,4.0,0.0,3.0
2020-04-20,50.0,0.0,3.0,47.0,0.0,0.0,0.0
2020-04-21,50.0,0.0,3.0,47.0,0.0,0.0,0.0
2020-04-22,50.0,0.0,3.0,47.0,0.0,0.0,0.0
2020-04-23,50.0,0.0,3.0,47.0,0.0,0.0,0.0
2020-04-24,52.0,0.0,3.0,49.0,2.0,0.0,0.0
2020-04-25,52.0,0.0,3.0,49.0,0.0,0.0,0.0
2020-04-26,53.0,1.0,3.0,49.0,1.0,1.0,0.0
2020-04-27,73.0,1.0,18.0,54.0,20.0,0.0,15.0
2020-04-28,73.0,1.0,18.0,54.0,0.0,0.0,0.0
2020-04-29,205.0,1.0,19.0,185.0,132.0,0.0,1.0
2020-04-30,205.0,1.0,19.0,185.0,0.0,0.0,0.0
2020-05-01,257.0,1.0,19.0,237.0,52.0,0.0,0.0
2020-05-02,257.0,1.0,19.0,237.0,0.0,0.0,0.0
2020-05-03,257.0,1.0,19.0,237.0,0.0,0.0,0.0
2020-05-04,413.0,1.0,19.0,393.0,156.0,0.0,0.0
2020-05-05,413.0,1.0,19.0,393.0,0.0,0.0,0.0
2020-05-06,475.0,2.0,24.0,449.0,62.0,1.0,5.0
2020-05-07,564.0,2.0,25.0,537.0,89.0,0.0,1.0
2020-05-08,594.0,2.0,25.0,567.0,30.0,0.0,0.0
2020-05-09,641.0,3.0,25.0,613.0,47.0,1.0,0.0
2020-05-10,726.0,3.0,26.0,697.0,85.0,0.0,1.0
2020-05-11,761.0,3.0,26.0,732.0,35.0,0.0,0.0
2020-05-12,820.0,3.0,26.0,791.0,59.0,0.0,0.0
2020-05-13,836.0,3.0,26.0,807.0,16.0,0.0,0.0
2020-05-14,913.0,3.0,26.0,884.0,77.0,0.0,0.0
2020-05-15,913.0,3.0,26.0,884.0,0.0,0.0,0.0
2020-05-16,969.0,4.0,26.0,939.0,56.0,1.0,0.0
2020-05-17,990.0,4.0,26.0,960.0,21.0,0.0,0.0
2020-05-18,1032.0,4.0,38.0,990.0,42.0,0.0,12.0
2020-05-19,1038.0,6.0,42.0,990.0,6.0,2.0,4.0
2020-05-20,1089.0,6.0,42.0,1041.0,51.0,0.0,0.0
2020-05-21,1109.0,6.0,42.0,1061.0,20.0,0.0,0.0
2020-05-22,1114.0,6.0,42.0,1066.0,5.0,0.0,0.0
2020-05-23,1114.0,6.0,42.0,1066.0,0.0,0.0,0.0
2020-05-24,1114.0,6.0,42.0,1066.0,0.0,0.0,0.0
2020-05-25,1178.0,7.0,42.0,1129.0,64.0,1.0,0.0
2020-05-26,1178.0,7.0,42.0,1129.0,0.0,0.0,0.0
2020-05-27,1195.0,7.0,42.0,1146.0,17.0,0.0,0.0
2020-05-28,1195.0,8.0,42.0,1145.0,0.0,1.0,0.0
2020-05-29,1256.0,8.0,42.0,1206.0,61.0,0.0,0.0
2020-05-30,1256.0,8.0,42.0,1206.0,0.0,0.0,0.0
2020-05-31,1256.0,8.0,42.0,1206.0,0.0,0.0,0.0
2020-06-01,1339.0,8.0,53.0,1278.0,83.0,0.0,11.0
2020-06-02,1339.0,8.0,53.0,1278.0,0.0,0.0,0.0
2020-06-03,1339.0,8.0,53.0,1278.0,0.0,0.0,0.0
2020-06-04,1339.0,8.0,53.0,1278.0,0.0,0.0,0.0
2020-06-05,1368.0,12.0,153.0,1203.0,29.0,4.0,100.0
2020-06-06,1368.0,12.0,153.0,1203.0,0.0,0.0,0.0
2020-06-07,1368.0,12.0,153.0,1203.0,0.0,0.0,0.0
2020-06-08,1389.0,12.0,153.0,1224.0,21.0,0.0,0.0
2020-06-09,1389.0,12.0,153.0,1224.0,0.0,0.0,0.0
2020-06-10,1389.0,12.0,153.0,1224.0,0.0,0.0,0.0
2020-06-11,1389.0,12.0,153.0,1224.0,0.0,0.0,0.0
2020-06-12,1460.0,15.0,153.0,1292.0,71.0,3.0,0.0
2020-06-13,1460.0,15.0,153.0,1292.0,0.0,0.0,0.0
2020-06-14,1460.0,15.0,153.0,1292.0,0.0,0.0,0.0
2020-06-15,1492.0,15.0,153.0,1324.0,32.0,0.0,0.0
2020-06-16,1492.0,15.0,153.0,1324.0,0.0,0.0,0.0
2020-06-17,1492.0,15.0,153.0,1324.0,0.0,0.0,0.0
2020-06-18,1492.0,15.0,153.0,1324.0,0.0,0.0,0.0
2020-06-19,1541.0,17.0,153.0,1371.0,49.0,2.0,0.0
2020-06-20,1541.0,17.0,153.0,1371.0,0.0,0.0,0.0
2020-06-21,1541.0,17.0,153.0,1371.0,0.0,0.0,0.0
2020-06-22,1556.0,19.0,191.0,1346.0,15.0,2.0,38.0
2020-06-23,1556.0,19.0,191.0,1346.0,0.0,0.0,0.0
2020-06-24,1556.0,19.0,191.0,1346.0,0.0,0.0,0.0
2020-06-25,1556.0,19.0,191.0,1346.0,0.0,0.0,0.0
2020-06-26,1614.0,22.0,191.0,1401.0,58.0,3.0,0.0
2020-06-27,1614.0,22.0,317.0,1275.0,0.0,0.0,126.0
2020-06-28,1614.0,22.0,317.0,1275.0,0.0,0.0,0.0
2020-06-29,1654.0,24.0,317.0,1313.0,40.0,2.0,0.0
2020-06-30,1654.0,24.0,317.0,1313.0,0.0,0.0,0.0
2020-07-01,1654.0,24.0,317.0,1313.0,0.0,0.0,0.0
2020-07-02,1654.0,24.0,317.0,1313.0,0.0,0.0,0.0
2020-07-03,1765.0,25.0,676.0,1064.0,111.0,1.0,359.0
2020-07-04,1765.0,25.0,676.0,1064.0,0.0,0.0,0.0
2020-07-05,1765.0,25.0,676.0,1064.0,0.0,0.0,0.0
2020-07-06,1790.0,25.0,760.0,1005.0,25.0,0.0,84.0
2020-07-07,1790.0,25.0,760.0,1005.0,0.0,0.0,0.0
2020-07-08,1790.0,25.0,760.0,1005.0,0.0,0.0,0.0
2020-07-09,1790.0,25.0,760.0,1005.0,0.0,0.0,0.0
2020-07-10,1842.0,26.0,773.0,1043.0,52.0,1.0,13.0
2020-07-11,1842.0,26.0,773.0,1043.0,0.0,0.0,0.0
2020-07-12,1842.0,26.0,773.0,1043.0,0.0,0.0,0.0
2020-07-13,1842.0,26.0,773.0,1043.0,0.0,0.0,0.0
2020-07-14,1842.0,26.0,773.0,1043.0,0.0,0.0,0.0
2020-07-15,1842.0,26.0,773.0,1043.0,0.0,0.0,0.0
2020-07-16,1902.0,26.0,773.0,1103.0,60.0,0.0,0.0
2020-07-17,1927.0,26.0,773.0,1128.0,25.0,0.0,0.0
2020-07-18,1949.0,26.0,803.0,1120.0,22.0,0.0,30.0
2020-07-19,1949.0,26.0,803.0,1120.0,0.0,0.0,0.0
2020-07-20,1949.0,26.0,803.0,1120.0,0.0,0.0,0.0
2020-07-21,1954.0,26.0,803.0,1125.0,5.0,0.0,0.0
2020-07-22,1954.0,26.0,803.0,1125.0,0.0,0.0,0.0
2020-07-23,1954.0,26.0,803.0,1125.0,0.0,0.0,0.0
2020-07-24,1954.0,26.0,803.0,1125.0,0.0,0.0,0.0
2020-07-25,1954.0,26.0,803.0,1125.0,0.0,0.0,0.0
2020-07-26,1954.0,26.0,803.0,1125.0,0.0,0.0,0.0
2020-07-27,1954.0,26.0,803.0,1125.0,0.0,0.0,0.0
2020-07-28,1954.0,26.0,803.0,1125.0,0.0,0.0,0.0
2020-07-29,1954.0,26.0,803.0,1125.0,0.0,0.0,0.0
2020-07-30,1981.0,26.0,803.0,1152.0,27.0,0.0,0.0
2020-07-31,1981.0,26.0,803.0,1152.0,0.0,0.0,0.0
2020-08-01,1981.0,27.0,803.0,1151.0,0.0,1.0,0.0
2020-08-02,1981.0,27.0,803.0,1151.0,0.0,0.0,0.0
2020-08-03,1981.0,27.0,803.0,1151.0,0.0,0.0,0.0
2020-08-04,1981.0,27.0,803.0,1151.0,0.0,0.0,0.0
2020-08-05,2032.0,27.0,944.0,1061.0,51.0,0.0,141.0
2020-08-06,2032.0,27.0,944.0,1061.0,0.0,0.0,0.0
2020-08-07,2032.0,27.0,944.0,1061.0,0.0,0.0,0.0
2020-08-08,2052.0,29.0,944.0,1079.0,20.0,2.0,0.0
2020-08-09,2052.0,29.0,944.0,1079.0,0.0,0.0,0.0
2020-08-10,2052.0,29.0,944.0,1079.0,0.0,0.0,0.0
2020-08-11,2088.0,29.0,1015.0,1044.0,36.0,0.0,71.0
2020-08-12,2088.0,29.0,1015.0,1044.0,0.0,0.0,0.0
2020-08-13,2088.0,29.0,1015.0,1044.0,0.0,0.0,0.0
2020-08-14,2088.0,29.0,1015.0,1044.0,0.0,0.0,0.0
2020-08-15,2117.0,33.0,1015.0,1069.0,29.0,4.0,0.0
2020-08-16,2117.0,33.0,1015.0,1069.0,0.0,0.0,0.0
2020-08-17,2117.0,33.0,1015.0,1069.0,0.0,0.0,0.0
2020-08-18,2117.0,33.0,1015.0,1069.0,0.0,0.0,0.0
2020-08-19,2117.0,33.0,1015.0,1069.0,0.0,0.0,0.0
2020-08-20,2149.0,33.0,1015.0,1101.0,32.0,0.0,0.0
2020-08-21,2149.0,33.0,1015.0,1101.0,0.0,0.0,0.0
2020-08-22,2149.0,33.0,1015.0,1101.0,0.0,0.0,0.0
2020-08-23,2149.0,33.0,1015.0,1101.0,0.0,0.0,0.0
2020-08-24,2149.0,33.0,1015.0,1101.0,0.0,0.0,0.0
2020-08-25,2149.0,33.0,1015.0,1101.0,0.0,0.0,0.0
2020-08-26,2205.0,34.0,1127.0,1044.0,56.0,1.0,112.0
2020-08-27,2205.0,34.0,1127.0,1044.0,0.0,0.0,0.0
2020-08-28,2205.0,34.0,1127.0,1044.0,0.0,0.0,0.0
2020-08-29,2205.0,34.0,1127.0,1044.0,0.0,0.0,0.0
2020-08-30,2205.0,34.0,1127.0,1044.0,0.0,0.0,0.0
2020-08-31,2205.0,34.0,1127.0,1044.0,0.0,0.0,0.0
2020-09-01,2205.0,34.0,1127.0,1044.0,0.0,0.0,0.0
2020-09-02,2205.0,34.0,1127.0,1044.0,0.0,0.0,0.0
2020-09-03,2205.0,34.0,1127.0,1044.0,0.0,0.0,0.0
2020-09-04,2245.0,38.0,1127.0,1080.0,40.0,4.0,0.0
2020-09-05,2245.0,38.0,1127.0,1080.0,0.0,0.0,0.0
2020-09-06,2245.0,38.0,1127.0,1080.0,0.0,0.0,0.0
2020-09-07,2245.0,38.0,1127.0,1080.0,0.0,0.0,0.0
2020-09-08,2245.0,38.0,1127.0,1080.0,0.0,0.0,0.0
2020-09-09,2245.0,38.0,1127.0,1080.0,0.0,0.0,0.0
2020-09-10,2275.0,39.0,1127.0,1109.0,30.0,1.0,0.0
2020-09-11,2275.0,39.0,1127.0,1109.0,0.0,0.0,0.0
2020-09-12,2275.0,39.0,1127.0,1109.0,0.0,0.0,0.0
2020-09-13,2275.0,39.0,1127.0,1109.0,0.0,0.0,0.0
2020-09-14,2275.0,39.0,1127.0,1109.0,0.0,0.0,0.0
2020-09-15,2275.0,39.0,1127.0,1109.0,0.0,0.0,0.0
2020-09-16,2275.0,39.0,1127.0,1109.0,0.0,0.0,0.0
2020-09-17,2275.0,39.0,1127.0,1109.0,0.0,0.0,0.0
2020-09-18,2303.0,39.0,1127.0,1137.0,28.0,0.0,0.0
2020-09-19,2303.0,39.0,1127.0,1137.0,0.0,0.0,0.0
2020-09-20,2303.0,39.0,1127.0,1137.0,0.0,0.0,0.0
2020-09-21,2303.0,39.0,1127.0,1137.0,0.0,0.0,0.0
2020-09-22,2324.0,39.0,1549.0,736.0,21.0,0.0,422.0
2020-09-23,2324.0,39.0,1549.0,736.0,0.0,0.0,0.0
2020-09-24,2324.0,39.0,1549.0,736.0,0.0,0.0,0.0
2020-09-25,2324.0,39.0,1549.0,736.0,0.0,0.0,0.0
2020-09-26,2324.0,39.0,1549.0,736.0,0.0,0.0,0.0
2020-09-27,2324.0,39.0,1549.0,736.0,0.0,0.0,0.0
