date,confirmed,deaths,recovered,active,new_confirmed,new_deaths,new_recovered
2020-03-13,1.0,0.0,0.0,1.0,,,
2020-03-14,1.0,0.0,0.0,1.0,0.0,0.0,0.0
2020-03-15,1.0,0.0,0.0,1.0,0.0,0.0,0.0
2020-03-16,1.0,0.0,0.0,1.0,0.0,0.0,0.0
2020-03-17,1.0,0.0,0.0,1.0,0.0,0.0,0.0
2020-03-18,1.0,0.0,0.0,1.0,0.0,0.0,0.0
2020-03-19,1.0,0.0,0.0,1.0,0.0,0.0,0.0
2020-03-20,1.0,0.0,0.0,1.0,0.0,0.0,0.0
2020-03-21,2.0,0.0,0.0,2.0,1.0,0.0,0.0
2020-03-22,2.0,0.0,0.0,2.0,0.0,0.0,0.0
2020-03-23,4.0,0.0,0.0,4.0,2.0,0.0,0.0
2020-03-24,4.0,0.0,0.0,4.0,0.0,0.0,0.0
2020-03-25,4.0,0.0,0.0,4.0,0.0,0.0,0.0
2020-03-26,4.0,0.0,0.0,4.0,0.0,0.0,0.0
2020-03-27,8.0,0.0,0.0,8.0,4.0,0.0,0.0
2020-03-28,8.0,0.0,0.0,8.0,0.0,0.0,0.0
2020-03-29,16.0,0.0,0.0,16.0,8.0,0.0,0.0
2020-03-30,22.0,0.0,0.0,22.0,6.0,0.0,0.0
2020-03-31,22.0,0.0,0.0,22.0,0.0,0.0,0.0
2020-04-01,30.0,0.0,0.0,30.0,8.0,0.0,0.0
2020-04-02,52.0,0.0,0.0,52.0,22.0,0.0,0.0
2020-04-03,73.0,0.0,2.0,71.0,21.0,0.0,2.0
2020-04-04,111.0,0.0,5.0,106.0,38.0,0.0,3.0
2020-04-05,121.0,0.0,5.0,116.0,10.0,0.0,0.0
2020-04-06,128.0,0.0,5.0,123.0,7.0,0.0,0.0
2020-04-07,144.0,0.0,5.0,139.0,16.0,0.0,0.0
2020-04-08,164.0,0.0,5.0,159.0,20.0,0.0,0.0
2020-04-09,194.0,0.0,11.0,183.0,30.0,0.0,6.0
2020-04-10,212.0,0.0,15.0,197.0,18.0,0.0,4.0
2020-04-11,250.0,0.0,17.0,233.0,38.0,0.0,2.0
2020-04-12,250.0,0.0,17.0,233.0,0.0,0.0,0.0
2020-04-13,319.0,0.0,17.0,302.0,69.0,0.0,0.0
2020-04-14,363.0,0.0,31.0,332.0,44.0,0.0,14.0
2020-04-15,404.0,1.0,31.0,372.0,41.0,1.0,0.0
2020-04-16,438.0,1.0,49.0,388.0,34.0,0.0,18.0
2020-04-17,477.0,3.0,59.0,415.0,39.0,2.0,10.0
2020-04-18,518.0,3.0,65.0,450.0,41.0,0.0,6.0
2020-04-19,579.0,5.0,87.0,487.0,61.0,2.0,22.0
2020-04-20,622.0,5.0,122.0,495.0,43.0,0.0,35.0
2020-04-21,688.0,6.0,127.0,555.0,66.0,1.0,5.0
2020-04-22,761.0,6.0,164.0,591.0,73.0,0.0,37.0
2020-04-23,862.0,6.0,170.0,686.0,101.0,0.0,6.0
2020-04-24,954.0,6.0,191.0,757.0,92.0,0.0,21.0
2020-04-25,996.0,7.0,208.0,781.0,42.0,1.0,17.0
2020-04-26,996.0,7.0,208.0,781.0,0.0,0.0,0.0
2020-04-27,1163.0,7.0,246.0,910.0,167.0,0.0,38.0
2020-04-28,1240.0,7.0,269.0,964.0,77.0,0.0,23.0
2020-04-29,1351.0,7.0,313.0,1031.0,111.0,0.0,44.0
2020-04-30,1495.0,7.0,329.0,1159.0,144.0,0.0,16.0
2020-05-01,1537.0,7.0,342.0,1188.0,42.0,0.0,13.0
2020-05-02,1586.0,7.0,405.0,1174.0,49.0,0.0,63.0
2020-05-03,1586.0,7.0,405.0,1174.0,0.0,0.0,0.0
2020-05-04,1710.0,9.0,450.0,1251.0,124.0,2.0,45.0
2020-05-05,1811.0,10.0,498.0,1303.0,101.0,1.0,48.0
2020-05-06,1856.0,11.0,597.0,1248.0,45.0,1.0,99.0
2020-05-07,1927.0,11.0,629.0,1287.0,71.0,0.0,32.0
2020-05-08,2009.0,11.0,663.0,1335.0,82.0,0.0,34.0
2020-05-09,2042.0,11.0,698.0,1333.0,33.0,0.0,35.0
2020-05-10,2146.0,11.0,714.0,1421.0,104.0,0.0,16.0
2020-05-11,2146.0,11.0,714.0,1421.0,0.0,0.0,0.0
2020-05-12,2298.0,11.0,816.0,1471.0,152.0,0.0,102.0
2020-05-13,2374.0,14.0,856.0,1504.0,76.0,3.0,40.0
2020-05-14,2473.0,15.0,895.0,1563.0,99.0,1.0,39.0
2020-05-15,2473.0,15.0,895.0,1563.0,0.0,0.0,0.0
2020-05-16,2658.0,16.0,1133.0,1509.0,185.0,1.0,238.0
2020-05-17,2658.0,16.0,1133.0,1509.0,0.0,0.0,0.0
2020-05-18,2796.0,16.0,1263.0,1517.0,138.0,0.0,130.0
2020-05-19,2863.0,18.0,1525.0,1320.0,67.0,2.0,262.0
2020-05-20,2863.0,18.0,1525.0,1320.0,0.0,0.0,0.0
2020-05-21,3067.0,18.0,1575.0,1474.0,204.0,0.0,50.0
2020-05-22,3067.0,19.0,1575.0,1473.0,0.0,1.0,0.0
2020-05-23,3176.0,20.0,1631.0,1525.0,109.0,1.0,56.0
2020-05-24,3275.0,20.0,1673.0,1582.0,99.0,0.0,42.0
2020-05-25,3275.0,20.0,1673.0,1582.0,0.0,0.0,0.0
2020-05-26,3275.0,20.0,1673.0,1582.0,0.0,0.0,0.0
2020-05-27,3275.0,20.0,1673.0,1582.0,0.0,0.0,0.0
2020-05-28,3553.0,22.0,1950.0,1581.0,278.0,2.0,277.0
2020-05-29,3656.0,22.0,2000.0,1634.0,103.0,0.0,50.0
2020-05-30,3706.0,23.0,2030.0,1653.0,50.0,1.0,30.0
2020-05-31,3706.0,23.0,2030.0,1653.0,0.0,0.0,0.0
2020-06-01,3844.0,23.0,2135.0,1686.0,138.0,0.0,105.0
2020-06-02,3886.0,23.0,2267.0,1596.0,42.0,0.0,132.0
2020-06-03,3933.0,23.0,2332.0,1578.0,47.0,0.0,65.0
2020-06-04,3991.0,23.0,2512.0,1456.0,58.0,0.0,180.0
2020-06-05,4060.0,23.0,2667.0,1370.0,69.0,0.0,155.0
2020-06-06,4117.0,23.0,2857.0,1237.0,57.0,0.0,190.0
2020-06-07,4117.0,23.0,2877.0,1217.0,0.0,0.0,20.0
2020-06-08,4216.0,23.0,2918.0,1275.0,99.0,0.0,41.0
2020-06-09,4258.0,23.0,2942.0,1293.0,42.0,0.0,24.0
2020-06-10,4258.0,23.0,2942.0,1293.0,0.0,0.0,0.0
2020-06-11,4372.0,23.0,3033.0,1316.0,114.0,0.0,91.0
2020-06-12,4426.0,24.0,3106.0,1296.0,54.0,1.0,73.0
2020-06-13,4484.0,25.0,3213.0,1246.0,58.0,1.0,107.0
2020-06-14,4532.0,25.0,3234.0,1273.0,48.0,0.0,21.0
2020-06-15,4572.0,26.0,3259.0,1287.0,40.0,1.0,25.0
2020-06-16,4639.0,26.0,3327.0,1286.0,67.0,0.0,68.0
2020-06-17,4668.0,26.0,3364.0,1278.0,29.0,0.0,37.0
2020-06-18,4841.0,26.0,3467.0,1348.0,173.0,0.0,103.0
2020-06-19,4904.0,27.0,3522.0,1355.0,63.0,1.0,55.0
2020-06-20,4960.0,27.0,3630.0,1303.0,56.0,0.0,108.0
2020-06-21,4988.0,27.0,3669.0,1292.0,28.0,0.0,39.0
2020-06-22,4988.0,27.0,3669.0,1292.0,0.0,0.0,0.0
2020-06-23,5040.0,28.0,3685.0,1327.0,52.0,1.0,16.0
2020-06-24,5174.0,29.0,3861.0,1284.0,134.0,1.0,176.0
2020-06-25,5174.0,29.0,3861.0,1284.0,0.0,0.0,0.0
2020-06-26,5260.0,29.0,4155.0,1076.0,86.0,0.0,294.0
2020-06-27,5291.0,30.0,4215.0,1046.0,31.0,1.0,60.0
2020-06-28,5342.0,31.0,4282.0,1029.0,51.0,1.0,67.0
2020-06-29,5351.0,31.0,4296.0,1024.0,9.0,0.0,14.0
2020-06-30,5391.0,33.0,4326.0,1032.0,40.0,2.0,30.0
2020-07-01,5404.0,33.0,4346.0,1025.0,13.0,0.0,20.0
2020-07-02,5450.0,33.0,4392.0,1025.0,46.0,0.0,46.0
2020-07-03,5521.0,33.0,4446.0,1042.0,71.0,0.0,54.0
2020-07-04,5570.0,34.0,4496.0,1040.0,49.0,1.0,50.0
2020-07-05,5610.0,34.0,4522.0,1054.0,40.0,0.0,26.0
2020-07-06,5610.0,34.0,4522.0,1054.0,0.0,0.0,0.0
2020-07-07,5636.0,34.0,4542.0,1060.0,26.0,0.0,20.0
2020-07-08,5697.0,34.0,4577.0,1086.0,61.0,0.0,35.0
2020-07-09,5881.0,36.0,4672.0,1173.0,184.0,2.0,95.0
2020-07-10,5969.0,37.0,4732.0,1200.0,88.0,1.0,60.0
2020-07-11,6044.0,37.0,4802.0,1205.0,75.0,0.0,70.0
2020-07-12,6141.0,37.0,4862.0,1242.0,97.0,0.0,60.0
2020-07-13,6141.0,37.0,4862.0,1242.0,0.0,0.0,0.0
2020-07-14,6200.0,38.0,4951.0,1211.0,59.0,1.0,89.0
2020-07-15,6276.0,38.0,4981.0,1257.0,76.0,0.0,30.0
2020-07-16,6359.0,39.0,5012.0,1308.0,83.0,1.0,31.0
2020-07-17,6430.0,39.0,5233.0,1158.0,71.0,0.0,221.0
2020-07-18,6491.0,39.0,5257.0,1195.0,61.0,0.0,24.0
2020-07-19,6544.0,39.0,5511.0,994.0,53.0,0.0,254.0
2020-07-20,6590.0,40.0,5591.0,959.0,46.0,1.0,80.0
2020-07-21,6652.0,41.0,5771.0,840.0,62.0,1.0,180.0
2020-07-22,6747.0,41.0,5891.0,815.0,95.0,0.0,120.0
2020-07-23,6806.0,42.0,5999.0,765.0,59.0,1.0,108.0
2020-07-24,6867.0,42.0,6063.0,762.0,61.0,0.0,64.0
2020-07-25,6927.0,42.0,6098.0,787.0,60.0,0.0,35.0
2020-07-26,7008.0,43.0,6152.0,813.0,81.0,1.0,54.0
2020-07-27,7055.0,45.0,6257.0,753.0,47.0,2.0,105.0
2020-07-28,7126.0,46.0,6312.0,768.0,71.0,1.0,55.0
2020-07-29,7183.0,46.0,6404.0,733.0,57.0,0.0,92.0
2020-07-30,7242.0,46.0,6438.0,758.0,59.0,0.0,34.0
2020-07-31,7308.0,46.0,6458.0,804.0,66.0,0.0,20.0
2020-08-01,7308.0,46.0,6458.0,804.0,0.0,0.0,0.0
2020-08-02,7317.0,46.0,6480.0,791.0,9.0,0.0,22.0
2020-08-03,7364.0,46.0,6505.0,813.0,47.0,0.0,25.0
2020-08-04,7489.0,48.0,6591.0,850.0,125.0,2.0,86.0
2020-08-05,7575.0,49.0,6632.0,894.0,86.0,1.0,41.0
2020-08-06,7664.0,49.0,6757.0,858.0,89.0,0.0,125.0
2020-08-07,7777.0,50.0,6800.0,927.0,113.0,1.0,43.0
2020-08-08,7875.0,50.0,6828.0,997.0,98.0,0.0,28.0
2020-08-09,7930.0,50.0,6898.0,982.0,55.0,0.0,70.0
2020-08-10,7930.0,50.0,6898.0,982.0,0.0,0.0,0.0
2020-08-11,8018.0,50.0,7020.0,948.0,88.0,0.0,122.0
2020-08-12,8116.0,50.0,7060.0,1006.0,98.0,0.0,40.0
2020-08-13,8198.0,50.0,7120.0,1028.0,82.0,0.0,60.0
2020-08-14,8260.0,50.0,7177.0,1033.0,62.0,0.0,57.0
2020-08-15,8343.0,50.0,7210.0,1083.0,83.0,0.0,33.0
2020-08-16,8482.0,51.0,7364.0,1067.0,139.0,1.0,154.0
2020-08-17,8620.0,51.0,7472.0,1097.0,138.0,0.0,108.0
2020-08-18,8715.0,52.0,7532.0,1131.0,95.0,1.0,60.0
2020-08-19,8792.0,53.0,7574.0,1165.0,77.0,1.0,42.0
2020-08-20,8876.0,53.0,7628.0,1195.0,84.0,0.0,54.0
2020-08-21,8932.0,53.0,7648.0,1231.0,56.0,0.0,20.0
2020-08-22,8932.0,53.0,7648.0,1231.0,0.0,0.0,0.0
2020-08-23,8967.0,53.0,7708.0,1206.0,35.0,0.0,60.0
2020-08-24,9076.0,55.0,7928.0,1093.0,109.0,2.0,220.0
2020-08-25,9128.0,57.0,8040.0,1031.0,52.0,2.0,112.0
2020-08-26,9167.0,57.0,8150.0,960.0,39.0,0.0,110.0
2020-08-27,9213.0,58.0,8180.0,975.0,46.0,1.0,30.0
2020-08-28,9251.0,59.0,8282.0,910.0,38.0,1.0,102.0
2020-08-29,9251.0,59.0,8282.0,910.0,0.0,0.0,0.0
2020-08-30,9371.0,59.0,8387.0,925.0,120.0,0.0,105.0
2020-08-31,9409.0,59.0,8447.0,903.0,38.0,0.0,60.0
2020-09-01,9479.0,59.0,8527.0,893.0,70.0,0.0,80.0
2020-09-02,9479.0,59.0,8527.0,893.0,0.0,0.0,0.0
2020-09-03,9579.0,61.0,8726.0,792.0,100.0,2.0,199.0
2020-09-04,9649.0,61.0,8832.0,756.0,70.0,0.0,106.0
2020-09-05,9649.0,61.0,8832.0,756.0,0.0,0.0,0.0
2020-09-06,9798.0,61.0,8928.0,809.0,149.0,0.0,96.0
2020-09-07,9816.0,62.0,8956.0,798.0,18.0,1.0,28.0
2020-09-08,9848.0,63.0,9009.0,776.0,32.0,1.0,53.0
2020-09-09,9885.0,63.0,9068.0,754.0,37.0,0.0,59.0
2020-09-10,9946.0,63.0,9100.0,783.0,61.0,0.0,32.0
2020-09-11,9979.0,63.0,9189.0,727.0,33.0,0.0,89.0
2020-09-12,10020.0,63.0,9251.0,706.0,41.0,0.0,62.0
2020-09-13,10045.0,63.0,9292.0,690.0,25.0,0.0,41.0
2020-09-14,10061.0,63.0,9352.0,646.0,16.0,0.0,60.0
2020-09-15,10111.0,63.0,9444.0,604.0,50.0,0.0,92.0
2020-09-16,10154.0,63.0,9612.0,479.0,43.0,0.0,168.0
2020-09-17,10154.0,63.0,9612.0,479.0,0.0,0.0,0.0
2020-09-18,10231.0,63.0,9660.0,508.0,77.0,0.0,48.0
2020-09-19,10286.0,63.0,9681.0,542.0,55.0,0.0,21.0
2020-09-20,10325.0,64.0,9692.0,569.0,39.0,1.0,11.0
2020-09-21,10344.0,65.0,9757.0,522.0,19.0,1.0,65.0
2020-09-22,10387.0,65.0,9780.0,542.0,43.0,0.0,23.0
2020-09-23,10434.0,65.0,9801.0,568.0,47.0,0.0,21.0
2020-09-24,10434.0,65.0,9801.0,568.0,0.0,0.0,0.0
2020-09-25,10478.0,65.0,9816.0,597.0,44.0,0.0,15.0
2020-09-26,10512.0,65.0,9836.0,611.0,34.0,0.0,20.0
2020-09-27,10580.0,66.0,9892.0,622.0,68.0,1.0,56.0
2020-09-28,10598.0,66.0,9940.0,592.0,18.0,0.0,48.0
2020-09-29,10634.0,66.0,9960.0,608.0,36.0,0.0,20.0
2020-09-30,10652.0,66.0,9996.0,590.0,18.0,0.0,36.0
2020-10-01,10652.0,66.0,9996.0,590.0,0.0,0.0,0.0
2020-10-02,10735.0,66.0,10066.0,603.0,83.0,0.0,70.0
2020-10-03,10735.0,66.0,10066.0,603.0,0.0,0.0,0.0
2020-10-04,10754.0,66.0,10098.0,590.0,19.0,0.0,32.0
2020-10-05,10800.0,67.0,10161.0,572.0,46.0,1.0,63.0
2020-10-06,10863.0,68.0,10176.0,619.0,63.0,1.0,15.0
2020-10-07,10863.0,68.0,10176.0,619.0,0.0,0.0,0.0
2020-10-08,10901.0,68.0,10232.0,601.0,38.0,0.0,56.0
2020-10-09,10954.0,68.0,10265.0,621.0,53.0,0.0,33.0
2020-10-10,10996.0,69.0,10304.0,623.0,42.0,1.0,39.0
2020-10-11,11022.0,69.0,10324.0,629.0,26.0,0.0,20.0
2020-10-12,11062.0,70.0,10337.0,655.0,40.0,1.0,13.0
2020-10-13,11134.0,70.0,10347.0,717.0,72.0,0.0,10.0
2020-10-14,11188.0,70.0,10352.0,766.0,54.0,0.0,5.0
2020-10-15,11255.0,70.0,10360.0,825.0,67.0,0.0,8.0
2020-10-16,11362.0,70.0,10420.0,872.0,107.0,0.0,60.0
2020-10-17,11478.0,70.0,10425.0,983.0,116.0,0.0,5.0
2020-10-18,11518.0,70.0,10427.0,1021.0,40.0,0.0,2.0
2020-10-19,11518.0,70.0,10427.0,1021.0,0.0,0.0,0.0
2020-10-20,11538.0,70.0,10447.0,1021.0,20.0,0.0,20.0
2020-10-21,11599.0,70.0,10461.0,1068.0,61.0,0.0,14.0
2020-10-22,11635.0,71.0,10474.0,1090.0,36.0,1.0,13.0
2020-10-23,11635.0,71.0,10474.0,1090.0,0.0,0.0,0.0
2020-10-24,11635.0,71.0,10474.0,1090.0,0.0,0.0,0.0
2020-10-25,11635.0,71.0,10474.0,1090.0,0.0,0.0,0.0
2020-10-26,11635.0,71.0,10474.0,1090.0,0.0,0.0,0.0
2020-10-27,11819.0,71.0,10505.0,1243.0,184.0,0.0,31.0
2020-10-28,11819.0,71.0,10505.0,1243.0,0.0,0.0,0.0
2020-10-29,12020.0,71.0,10550.0,1399.0,201.0,0.0,45.0
2020-10-30,12072.0,72.0,10550.0,1450.0,52.0,1.0,0.0
2020-10-31,12072.0,72.0,10550.0,1450.0,0.0,0.0,0.0
2020-11-01,12195.0,73.0,10589.0,1533.0,123.0,1.0,39.0
2020-11-02,12213.0,73.0,10600.0,1540.0,18.0,0.0,11.0
2020-11-03,12213.0,73.0,10600.0,1540.0,0.0,0.0,0.0
2020-11-04,12331.0,73.0,10698.0,1560.0,118.0,0.0,98.0
2020-11-05,12363.0,73.0,10751.0,1539.0,32.0,0.0,53.0
2020-11-06,12363.0,73.0,10751.0,1539.0,0.0,0.0,0.0
2020-11-07,12400.0,73.0,10780.0,1547.0,37.0,0.0,29.0
