date,confirmed,deaths,recovered,active,new_confirmed,new_deaths,new_recovered
2020-03-12,1.0,1.0,0.0,0.0,,,
2020-03-13,1.0,1.0,0.0,0.0,0.0,0.0,0.0
2020-03-14,1.0,1.0,0.0,0.0,0.0,0.0,0.0
2020-03-15,4.0,1.0,0.0,3.0,3.0,0.0,0.0
2020-03-16,4.0,1.0,0.0,3.0,0.0,0.0,0.0
2020-03-17,7.0,1.0,0.0,6.0,3.0,0.0,0.0
2020-03-18,7.0,1.0,0.0,6.0,0.0,0.0,0.0
2020-03-19,7.0,1.0,0.0,6.0,0.0,0.0,0.0
2020-03-20,7.0,1.0,0.0,6.0,0.0,0.0,0.0
2020-03-21,7.0,1.0,0.0,6.0,0.0,0.0,0.0
2020-03-22,18.0,1.0,0.0,17.0,11.0,0.0,0.0
2020-03-23,20.0,1.0,0.0,19.0,2.0,0.0,0.0
2020-03-24,5.0,1.0,0.0,4.0,-15.0,0.0,0.0
2020-03-25,5.0,1.0,0.0,4.0,0.0,0.0,0.0
2020-03-26,5.0,1.0,0.0,4.0,0.0,0.0,0.0
2020-03-27,5.0,1.0,0.0,4.0,0.0,0.0,0.0
2020-03-28,8.0,1.0,0.0,7.0,3.0,0.0,0.0
2020-03-29,8.0,1.0,0.0,7.0,0.0,0.0,0.0
2020-03-30,8.0,1.0,0.0,7.0,0.0,0.0,0.0
2020-03-31,12.0,2.0,0.0,10.0,4.0,1.0,0.0
2020-04-01,19.0,2.0,0.0,17.0,7.0,0.0,0.0
2020-04-02,19.0,4.0,0.0,15.0,0.0,2.0,0.0
2020-04-03,23.0,4.0,0.0,19.0,4.0,0.0,0.0
2020-04-04,23.0,4.0,0.0,19.0,0.0,0.0,0.0
2020-04-05,24.0,4.0,0.0,20.0,1.0,0.0,0.0
2020-04-06,31.0,4.0,8.0,19.0,7.0,0.0,8.0
2020-04-07,33.0,5.0,8.0,20.0,2.0,1.0,0.0
2020-04-08,37.0,6.0,8.0,23.0,4.0,1.0,0.0
2020-04-09,37.0,6.0,8.0,23.0,0.0,0.0,0.0
2020-04-10,37.0,6.0,8.0,23.0,0.0,0.0,0.0
2020-04-11,45.0,6.0,8.0,31.0,8.0,0.0,0.0
2020-04-12,45.0,6.0,8.0,31.0,0.0,0.0,0.0
2020-04-13,45.0,6.0,8.0,31.0,0.0,0.0,0.0
2020-04-14,47.0,6.0,8.0,33.0,2.0,0.0,0.0
2020-04-15,55.0,6.0,8.0,41.0,8.0,0.0,0.0
2020-04-16,55.0,6.0,8.0,41.0,0.0,0.0,0.0
2020-04-17,63.0,6.0,9.0,48.0,8.0,0.0,1.0
2020-04-18,63.0,6.0,9.0,48.0,0.0,0.0,0.0
2020-04-19,65.0,7.0,9.0,49.0,2.0,1.0,0.0
2020-04-20,65.0,7.0,9.0,49.0,0.0,0.0,0.0
2020-04-21,66.0,7.0,9.0,50.0,1.0,0.0,0.0
2020-04-22,67.0,7.0,9.0,51.0,1.0,0.0,0.0
2020-04-23,70.0,7.0,9.0,54.0,3.0,0.0,0.0
2020-04-24,73.0,7.0,12.0,54.0,3.0,0.0,3.0
2020-04-25,73.0,7.0,12.0,54.0,0.0,0.0,0.0
2020-04-26,74.0,8.0,12.0,54.0,1.0,1.0,0.0
2020-04-27,74.0,8.0,15.0,51.0,0.0,0.0,3.0
2020-04-28,74.0,8.0,15.0,51.0,0.0,0.0,0.0
2020-04-29,78.0,8.0,18.0,52.0,4.0,0.0,3.0
2020-04-30,82.0,9.0,22.0,51.0,4.0,1.0,4.0
2020-05-01,82.0,9.0,22.0,51.0,0.0,0.0,0.0
2020-05-02,82.0,9.0,22.0,51.0,0.0,0.0,0.0
2020-05-03,82.0,9.0,22.0,51.0,0.0,0.0,0.0
2020-05-04,92.0,9.0,27.0,56.0,10.0,0.0,5.0
2020-05-05,93.0,10.0,27.0,56.0,1.0,1.0,0.0
2020-05-06,93.0,10.0,27.0,56.0,0.0,0.0,0.0
2020-05-07,93.0,10.0,27.0,56.0,0.0,0.0,0.0
2020-05-08,94.0,10.0,35.0,49.0,1.0,0.0,8.0
2020-05-09,94.0,10.0,35.0,49.0,0.0,0.0,0.0
2020-05-10,104.0,10.0,35.0,59.0,10.0,0.0,0.0
2020-05-11,109.0,10.0,36.0,63.0,5.0,0.0,1.0
2020-05-12,113.0,10.0,36.0,67.0,4.0,0.0,0.0
2020-05-13,113.0,10.0,41.0,62.0,0.0,0.0,5.0
2020-05-14,113.0,10.0,42.0,61.0,0.0,0.0,1.0
2020-05-15,116.0,10.0,43.0,63.0,3.0,0.0,1.0
2020-05-16,117.0,10.0,43.0,64.0,1.0,0.0,0.0
2020-05-17,117.0,10.0,43.0,64.0,0.0,0.0,0.0
2020-05-18,124.0,10.0,44.0,70.0,7.0,0.0,1.0
2020-05-19,125.0,10.0,46.0,69.0,1.0,0.0,2.0
2020-05-20,125.0,10.0,47.0,68.0,0.0,0.0,1.0
2020-05-21,127.0,10.0,57.0,60.0,2.0,0.0,10.0
2020-05-22,127.0,10.0,57.0,60.0,0.0,0.0,0.0
2020-05-23,127.0,10.0,58.0,59.0,0.0,0.0,1.0
2020-05-24,135.0,10.0,62.0,63.0,8.0,0.0,4.0
2020-05-25,137.0,11.0,62.0,64.0,2.0,1.0,0.0
2020-05-26,139.0,11.0,62.0,66.0,2.0,0.0,0.0
2020-05-27,139.0,11.0,67.0,61.0,0.0,0.0,5.0
2020-05-28,150.0,11.0,67.0,72.0,11.0,0.0,0.0
2020-05-29,150.0,11.0,67.0,72.0,0.0,0.0,0.0
2020-05-30,152.0,12.0,67.0,73.0,2.0,1.0,0.0
2020-05-31,153.0,12.0,70.0,71.0,1.0,0.0,3.0
2020-06-01,153.0,12.0,70.0,71.0,0.0,0.0,0.0
2020-06-02,153.0,12.0,70.0,71.0,0.0,0.0,0.0
2020-06-03,153.0,12.0,70.0,71.0,0.0,0.0,0.0
2020-06-04,153.0,12.0,77.0,64.0,0.0,0.0,7.0
2020-06-05,153.0,12.0,77.0,64.0,0.0,0.0,0.0
2020-06-06,154.0,12.0,80.0,62.0,1.0,0.0,3.0
2020-06-07,154.0,12.0,80.0,62.0,0.0,0.0,0.0
2020-06-08,154.0,12.0,84.0,58.0,0.0,0.0,4.0
2020-06-09,156.0,12.0,86.0,58.0,2.0,0.0,2.0
2020-06-10,156.0,12.0,92.0,52.0,0.0,0.0,6.0
2020-06-11,158.0,12.0,92.0,54.0,2.0,0.0,0.0
2020-06-12,159.0,12.0,95.0,52.0,1.0,0.0,3.0
2020-06-13,159.0,12.0,95.0,52.0,0.0,0.0,0.0
2020-06-14,159.0,12.0,99.0,48.0,0.0,0.0,4.0
2020-06-15,159.0,12.0,99.0,48.0,0.0,0.0,0.0
2020-06-16,171.0,12.0,99.0,60.0,12.0,0.0,0.0
2020-06-17,171.0,12.0,102.0,57.0,0.0,0.0,3.0
2020-06-18,183.0,12.0,102.0,69.0,12.0,0.0,0.0
2020-06-19,183.0,12.0,102.0,69.0,0.0,0.0,0.0
2020-06-20,183.0,12.0,102.0,69.0,0.0,0.0,0.0
2020-06-21,184.0,12.0,103.0,69.0,1.0,0.0,1.0
2020-06-22,205.0,12.0,103.0,90.0,21.0,0.0,0.0
2020-06-23,206.0,12.0,107.0,87.0,1.0,0.0,4.0
2020-06-24,209.0,12.0,107.0,90.0,3.0,0.0,0.0
2020-06-25,215.0,12.0,108.0,95.0,6.0,0.0,1.0
2020-06-26,215.0,12.0,108.0,95.0,0.0,0.0,0.0
2020-06-27,230.0,12.0,109.0,109.0,15.0,0.0,1.0
2020-06-28,230.0,12.0,109.0,109.0,0.0,0.0,0.0
2020-06-29,235.0,12.0,114.0,109.0,5.0,0.0,5.0
2020-06-30,245.0,12.0,114.0,119.0,10.0,0.0,0.0
2020-07-01,248.0,13.0,116.0,119.0,3.0,1.0,2.0
2020-07-02,250.0,14.0,117.0,119.0,2.0,1.0,1.0
2020-07-03,256.0,14.0,117.0,125.0,6.0,0.0,0.0
2020-07-04,272.0,14.0,120.0,138.0,16.0,0.0,3.0
2020-07-05,273.0,15.0,120.0,138.0,1.0,1.0,0.0
2020-07-06,273.0,15.0,120.0,138.0,0.0,0.0,0.0
2020-07-07,284.0,16.0,125.0,143.0,11.0,1.0,5.0
2020-07-08,284.0,16.0,125.0,143.0,0.0,0.0,0.0
2020-07-09,286.0,16.0,125.0,145.0,2.0,0.0,0.0
2020-07-10,290.0,16.0,134.0,140.0,4.0,0.0,9.0
2020-07-11,291.0,17.0,148.0,126.0,1.0,1.0,14.0
2020-07-12,297.0,17.0,154.0,126.0,6.0,0.0,6.0
2020-07-13,300.0,17.0,155.0,128.0,3.0,0.0,1.0
2020-07-14,308.0,17.0,156.0,135.0,8.0,0.0,1.0
2020-07-15,313.0,18.0,156.0,139.0,5.0,1.0,0.0
2020-07-16,315.0,19.0,156.0,140.0,2.0,1.0,0.0
2020-07-17,320.0,19.0,156.0,145.0,5.0,0.0,0.0
2020-07-18,327.0,19.0,163.0,145.0,7.0,0.0,7.0
2020-07-19,336.0,19.0,163.0,154.0,9.0,0.0,0.0
2020-07-20,337.0,19.0,163.0,155.0,1.0,0.0,0.0
2020-07-21,339.0,19.0,163.0,157.0,2.0,0.0,0.0
2020-07-22,350.0,19.0,165.0,166.0,11.0,0.0,2.0
2020-07-23,351.0,19.0,176.0,156.0,1.0,0.0,11.0
2020-07-24,352.0,20.0,178.0,154.0,1.0,1.0,2.0
2020-07-25,360.0,20.0,180.0,160.0,8.0,0.0,2.0
2020-07-26,370.0,20.0,181.0,169.0,10.0,0.0,1.0
2020-07-27,389.0,20.0,181.0,188.0,19.0,0.0,0.0
2020-07-28,396.0,20.0,181.0,195.0,7.0,0.0,0.0
2020-07-29,398.0,20.0,185.0,193.0,2.0,0.0,4.0
2020-07-30,401.0,20.0,185.0,196.0,3.0,0.0,0.0
2020-07-31,413.0,20.0,185.0,208.0,12.0,0.0,0.0
2020-08-01,430.0,20.0,185.0,225.0,17.0,0.0,0.0
2020-08-02,474.0,21.0,185.0,268.0,44.0,1.0,0.0
2020-08-03,474.0,21.0,185.0,268.0,0.0,0.0,0.0
2020-08-04,497.0,22.0,186.0,289.0,23.0,1.0,1.0
2020-08-05,509.0,22.0,189.0,298.0,12.0,0.0,3.0
2020-08-06,538.0,22.0,189.0,327.0,29.0,0.0,0.0
2020-08-07,538.0,22.0,189.0,327.0,0.0,0.0,0.0
2020-08-08,554.0,22.0,189.0,343.0,16.0,0.0,0.0
2020-08-09,568.0,22.0,189.0,357.0,14.0,0.0,0.0
2020-08-10,568.0,22.0,189.0,357.0,0.0,0.0,0.0
2020-08-11,602.0,22.0,189.0,391.0,34.0,0.0,0.0
2020-08-12,623.0,22.0,191.0,410.0,21.0,0.0,2.0
2020-08-13,631.0,22.0,202.0,407.0,8.0,0.0,11.0
2020-08-14,649.0,22.0,306.0,321.0,18.0,0.0,104.0
2020-08-15,674.0,22.0,310.0,342.0,25.0,0.0,4.0
2020-08-16,709.0,23.0,349.0,337.0,35.0,1.0,39.0
2020-08-17,709.0,23.0,349.0,337.0,0.0,0.0,0.0
2020-08-18,737.0,25.0,365.0,347.0,28.0,2.0,16.0
2020-08-19,776.0,27.0,381.0,368.0,39.0,2.0,16.0
2020-08-20,846.0,29.0,399.0,418.0,70.0,2.0,18.0
2020-08-21,881.0,30.0,433.0,418.0,35.0,1.0,34.0
2020-08-22,925.0,31.0,433.0,461.0,44.0,1.0,0.0
2020-08-23,955.0,31.0,490.0,434.0,30.0,0.0,57.0
2020-08-24,1029.0,31.0,510.0,488.0,74.0,0.0,20.0
2020-08-25,1060.0,31.0,523.0,506.0,31.0,0.0,13.0
2020-08-26,1093.0,31.0,534.0,528.0,33.0,0.0,11.0
2020-08-27,1140.0,32.0,616.0,492.0,47.0,1.0,82.0
2020-08-28,1180.0,35.0,633.0,512.0,40.0,3.0,17.0
2020-08-29,1184.0,35.0,636.0,513.0,4.0,0.0,3.0
2020-08-30,1234.0,36.0,687.0,511.0,50.0,1.0,51.0
2020-08-31,1306.0,39.0,718.0,549.0,72.0,3.0,31.0
2020-09-01,1373.0,41.0,742.0,590.0,67.0,2.0,24.0
2020-09-02,1382.0,41.0,779.0,562.0,9.0,0.0,37.0
2020-09-03,1401.0,44.0,805.0,552.0,19.0,3.0,26.0
2020-09-04,1401.0,44.0,805.0,552.0,0.0,0.0,0.0
2020-09-05,1459.0,46.0,921.0,492.0,58.0,2.0,116.0
2020-09-06,1468.0,46.0,954.0,468.0,9.0,0.0,33.0
2020-09-07,1560.0,47.0,962.0,551.0,92.0,1.0,8.0
2020-09-08,1613.0,48.0,1030.0,535.0,53.0,1.0,68.0
2020-09-09,1703.0,48.0,1045.0,610.0,90.0,0.0,15.0
2020-09-10,1750.0,49.0,1088.0,613.0,47.0,1.0,43.0
2020-09-11,1763.0,52.0,1144.0,567.0,13.0,3.0,56.0
2020-09-12,1812.0,54.0,1191.0,567.0,49.0,2.0,47.0
2020-09-13,1853.0,56.0,1215.0,582.0,41.0,2.0,24.0
2020-09-14,1884.0,56.0,1265.0,563.0,31.0,0.0,50.0
2020-09-15,1958.0,58.0,1302.0,598.0,74.0,2.0,37.0
2020-09-16,1958.0,58.0,1302.0,598.0,0.0,0.0,0.0
2020-09-17,2027.0,60.0,1302.0,665.0,69.0,2.0,0.0
2020-09-18,2102.0,62.0,1314.0,726.0,75.0,2.0,12.0
2020-09-19,2168.0,64.0,1331.0,773.0,66.0,2.0,17.0
2020-09-20,2269.0,64.0,1339.0,866.0,101.0,0.0,8.0
2020-09-21,2402.0,65.0,1359.0,978.0,133.0,1.0,20.0
2020-09-22,2437.0,67.0,1361.0,1009.0,35.0,2.0,2.0
2020-09-23,2535.0,69.0,1464.0,1002.0,98.0,2.0,103.0
2020-09-24,2579.0,71.0,1483.0,1025.0,44.0,2.0,19.0
2020-09-25,2709.0,73.0,1490.0,1146.0,130.0,2.0,7.0
2020-09-26,2725.0,74.0,1535.0,1116.0,16.0,1.0,45.0
2020-09-27,2772.0,76.0,1564.0,1132.0,47.0,2.0,29.0
2020-09-28,2787.0,78.0,1608.0,1101.0,15.0,2.0,44.0
2020-09-29,2846.0,78.0,1644.0,1124.0,59.0,0.0,36.0
2020-09-30,2894.0,80.0,1680.0,1134.0,48.0,2.0,36.0
2020-10-01,2929.0,82.0,1760.0,1087.0,35.0,2.0,80.0
2020-10-02,2968.0,85.0,1776.0,1107.0,39.0,3.0,16.0
2020-10-03,2968.0,85.0,1776.0,1107.0,0.0,0.0,0.0
2020-10-04,3093.0,87.0,1920.0,1086.0,125.0,2.0,144.0
2020-10-05,3188.0,90.0,1972.0,1126.0,95.0,3.0,52.0
2020-10-06,3188.0,92.0,2017.0,1079.0,0.0,2.0,45.0
2020-10-07,3292.0,95.0,2084.0,1113.0,104.0,3.0,67.0
2020-10-08,3329.0,98.0,2165.0,1066.0,37.0,3.0,81.0
2020-10-09,3358.0,100.0,2180.0,1078.0,29.0,2.0,15.0
2020-10-10,3405.0,102.0,2304.0,999.0,47.0,2.0,124.0
2020-10-11,3469.0,103.0,2318.0,1048.0,64.0,1.0,14.0
2020-10-12,3521.0,104.0,2391.0,1026.0,52.0,1.0,73.0
2020-10-13,3565.0,106.0,2435.0,1024.0,44.0,2.0,44.0
2020-10-14,3589.0,106.0,2487.0,996.0,24.0,0.0,52.0
2020-10-15,3620.0,107.0,2522.0,991.0,31.0,1.0,35.0
2020-10-16,3672.0,107.0,2590.0,975.0,52.0,0.0,68.0
2020-10-17,3710.0,109.0,2625.0,976.0,38.0,2.0,35.0
2020-10-18,3734.0,109.0,2654.0,971.0,24.0,0.0,29.0
2020-10-19,3765.0,111.0,2749.0,905.0,31.0,2.0,95.0
2020-10-20,3796.0,114.0,2796.0,886.0,31.0,3.0,47.0
2020-10-21,3850.0,116.0,2839.0,895.0,54.0,2.0,43.0
2020-10-22,3877.0,117.0,2853.0,907.0,27.0,1.0,14.0
2020-10-23,3960.0,117.0,2923.0,920.0,83.0,0.0,70.0
2020-10-24,3994.0,117.0,2970.0,907.0,34.0,0.0,47.0
2020-10-25,4023.0,119.0,2970.0,934.0,29.0,2.0,0.0
2020-10-26,4026.0,119.0,3009.0,898.0,3.0,0.0,39.0
2020-10-27,4061.0,119.0,3030.0,912.0,35.0,0.0,21.0
2020-10-28,4074.0,123.0,3083.0,868.0,13.0,4.0,53.0
2020-10-29,4098.0,123.0,3154.0,821.0,24.0,0.0,71.0
2020-10-30,4143.0,124.0,3192.0,827.0,45.0,1.0,38.0
2020-10-31,4162.0,124.0,3228.0,810.0,19.0,0.0,36.0
2020-11-01,4208.0,126.0,3242.0,840.0,46.0,2.0,14.0
2020-11-02,4238.0,128.0,3264.0,846.0,30.0,2.0,22.0
2020-11-03,4245.0,128.0,3320.0,797.0,7.0,0.0,56.0
2020-11-04,4324.0,130.0,3394.0,800.0,79.0,2.0,74.0
2020-11-05,4393.0,130.0,3409.0,854.0,69.0,0.0,15.0
2020-11-06,4457.0,133.0,3467.0,857.0,64.0,3.0,58.0
2020-11-07,4484.0,134.0,3511.0,839.0,27.0,1.0,44.0
2020-11-08,4514.0,134.0,3526.0,854.0,30.0,0.0,15.0
2020-11-09,4524.0,135.0,3549.0,840.0,10.0,1.0,23.0
2020-11-10,4530.0,135.0,3575.0,820.0,6.0,0.0,26.0
2020-11-11,4618.0,137.0,3611.0,870.0,88.0,2.0,36.0
2020-11-12,4662.0,138.0,3616.0,908.0,44.0,1.0,5.0
2020-11-13,4724.0,138.0,3688.0,898.0,62.0,0.0,72.0
2020-11-14,4794.0,138.0,3725.0,931.0,70.0,0.0,37.0
2020-11-15,4823.0,139.0,3777.0,907.0,29.0,1.0,52.0
2020-11-16,4874.0,139.0,3791.0,944.0,51.0,0.0,14.0
2020-11-17,4890.0,140.0,3930.0,820.0,16.0,1.0,139.0
2020-11-18,4914.0,142.0,3962.0,810.0,24.0,2.0,32.0
2020-11-19,4976.0,143.0,3965.0,868.0,62.0,1.0,3.0
2020-11-20,5005.0,143.0,3984.0,878.0,29.0,0.0,19.0
2020-11-21,5093.0,143.0,4018.0,932.0,88.0,0.0,34.0
2020-11-22,5133.0,143.0,4019.0,971.0,40.0,0.0,1.0
2020-11-23,5154.0,146.0,4034.0,974.0,21.0,3.0,15.0
2020-11-24,5189.0,147.0,4204.0,838.0,35.0,1.0,170.0
2020-11-25,5236.0,147.0,4242.0,847.0,47.0,0.0,38.0
2020-11-26,5276.0,149.0,4252.0,875.0,40.0,2.0,10.0
2020-11-27,5310.0,149.0,4272.0,889.0,34.0,0.0,20.0
2020-11-28,5338.0,149.0,4317.0,872.0,28.0,0.0,45.0
2020-11-29,5376.0,150.0,4346.0,880.0,38.0,1.0,29.0
2020-11-30,5406.0,151.0,4392.0,863.0,30.0,1.0,46.0
2020-12-01,5423.0,151.0,4436.0,836.0,17.0,0.0,44.0
2020-12-02,5449.0,151.0,4530.0,768.0,26.0,0.0,94.0
2020-12-03,5528.0,151.0,4618.0,759.0,79.0,0.0,88.0
2020-12-04,5601.0,151.0,4695.0,755.0,73.0,0.0,77.0
2020-12-05,5637.0,151.0,4733.0,753.0,36.0,0.0,38.0
2020-12-06,5665.0,153.0,4759.0,753.0,28.0,2.0,26.0
