date,confirmed,deaths,recovered,active,new_confirmed,new_deaths,new_recovered
2020-03-20,2.0,0.0,0.0,2.0,,,
2020-03-21,2.0,0.0,0.0,2.0,0.0,0.0,0.0
2020-03-22,2.0,0.0,0.0,2.0,0.0,0.0,0.0
2020-03-23,6.0,0.0,0.0,6.0,4.0,0.0,0.0
2020-03-24,7.0,0.0,0.0,7.0,1.0,0.0,0.0
2020-03-25,8.0,0.0,0.0,8.0,1.0,0.0,0.0
2020-03-26,8.0,0.0,0.0,8.0,0.0,0.0,0.0
2020-03-27,8.0,0.0,0.0,8.0,0.0,0.0,0.0
2020-03-28,8.0,0.0,0.0,8.0,0.0,0.0,0.0
2020-03-29,15.0,0.0,1.0,14.0,7.0,0.0,1.0
2020-03-30,15.0,0.0,1.0,14.0,0.0,0.0,0.0
2020-03-31,15.0,0.0,1.0,14.0,0.0,0.0,0.0
2020-04-01,16.0,0.0,1.0,15.0,1.0,0.0,0.0
2020-04-02,16.0,0.0,1.0,15.0,0.0,0.0,0.0
2020-04-03,18.0,0.0,1.0,17.0,2.0,0.0,0.0
2020-04-04,20.0,0.0,1.0,19.0,2.0,0.0,0.0
2020-04-05,21.0,1.0,1.0,19.0,1.0,1.0,0.0
2020-04-06,24.0,1.0,0.0,23.0,3.0,0.0,-1.0
2020-04-07,25.0,1.0,0.0,24.0,1.0,0.0,0.0
2020-04-08,27.0,1.0,0.0,26.0,2.0,0.0,0.0
2020-04-09,30.0,2.0,0.0,28.0,3.0,1.0,0.0
2020-04-10,31.0,2.0,0.0,29.0,1.0,0.0,0.0
2020-04-11,33.0,2.0,0.0,31.0,2.0,0.0,0.0
2020-04-12,33.0,3.0,0.0,30.0,0.0,1.0,0.0
2020-04-13,40.0,3.0,0.0,37.0,7.0,0.0,0.0
2020-04-14,40.0,3.0,0.0,37.0,0.0,0.0,0.0
2020-04-15,41.0,3.0,0.0,38.0,1.0,0.0,0.0
2020-04-16,41.0,3.0,0.0,38.0,0.0,0.0,0.0
2020-04-17,43.0,3.0,0.0,40.0,2.0,0.0,0.0
2020-04-18,44.0,3.0,0.0,41.0,1.0,0.0,0.0
2020-04-19,47.0,3.0,0.0,44.0,3.0,0.0,0.0
2020-04-20,57.0,3.0,0.0,54.0,10.0,0.0,0.0
2020-04-21,57.0,3.0,0.0,54.0,0.0,0.0,0.0
2020-04-22,62.0,4.0,2.0,56.0,5.0,1.0,2.0
2020-04-23,72.0,5.0,2.0,65.0,10.0,1.0,0.0
2020-04-24,72.0,6.0,6.0,60.0,0.0,1.0,4.0
2020-04-25,72.0,6.0,6.0,60.0,0.0,0.0,0.0
2020-04-26,74.0,6.0,7.0,61.0,2.0,0.0,1.0
2020-04-27,76.0,6.0,8.0,62.0,2.0,0.0,1.0
2020-04-28,76.0,6.0,8.0,62.0,0.0,0.0,0.0
2020-04-29,76.0,6.0,8.0,62.0,0.0,0.0,0.0
2020-04-30,81.0,8.0,8.0,65.0,5.0,2.0,0.0
2020-05-01,85.0,8.0,10.0,67.0,4.0,0.0,2.0
2020-05-02,85.0,8.0,10.0,67.0,0.0,0.0,0.0
2020-05-03,88.0,9.0,10.0,69.0,3.0,1.0,0.0
2020-05-04,100.0,11.0,10.0,79.0,12.0,2.0,0.0
2020-05-05,101.0,12.0,10.0,79.0,1.0,1.0,0.0
2020-05-06,101.0,12.0,10.0,79.0,0.0,0.0,0.0
2020-05-07,129.0,12.0,16.0,101.0,28.0,0.0,6.0
2020-05-08,146.0,12.0,17.0,117.0,17.0,0.0,1.0
2020-05-09,151.0,12.0,17.0,122.0,5.0,0.0,0.0
2020-05-10,182.0,15.0,17.0,150.0,31.0,3.0,0.0
2020-05-11,209.0,16.0,17.0,176.0,27.0,1.0,0.0
2020-05-12,219.0,18.0,17.0,184.0,10.0,2.0,0.0
2020-05-13,234.0,18.0,17.0,199.0,15.0,0.0,0.0
2020-05-14,273.0,20.0,18.0,235.0,39.0,2.0,1.0
2020-05-15,310.0,20.0,29.0,261.0,37.0,0.0,11.0
2020-05-16,358.0,20.0,29.0,309.0,48.0,0.0,0.0
2020-05-17,456.0,20.0,21.0,415.0,98.0,0.0,-8.0
2020-05-18,533.0,21.0,21.0,491.0,77.0,1.0,0.0
2020-05-19,533.0,21.0,21.0,491.0,0.0,0.0,0.0
2020-05-20,596.0,22.0,21.0,553.0,63.0,1.0,0.0
2020-05-21,734.0,25.0,21.0,688.0,138.0,3.0,0.0
2020-05-22,812.0,25.0,22.0,765.0,78.0,0.0,1.0
2020-05-23,865.0,26.0,22.0,817.0,53.0,1.0,0.0
2020-05-24,865.0,26.0,22.0,817.0,0.0,0.0,0.0
2020-05-25,958.0,27.0,22.0,909.0,93.0,1.0,0.0
2020-05-26,1174.0,33.0,22.0,1119.0,216.0,6.0,0.0
2020-05-27,1320.0,34.0,22.0,1264.0,146.0,1.0,0.0
2020-05-28,1320.0,34.0,22.0,1264.0,0.0,0.0,0.0
2020-05-29,1584.0,35.0,22.0,1527.0,264.0,1.0,0.0
2020-05-30,1865.0,41.0,24.0,1800.0,281.0,6.0,2.0
2020-05-31,2124.0,44.0,24.0,2056.0,259.0,3.0,0.0
2020-06-01,2226.0,45.0,24.0,2157.0,102.0,1.0,0.0
2020-06-02,2226.0,45.0,24.0,2157.0,0.0,0.0,0.0
2020-06-03,2507.0,48.0,24.0,2435.0,281.0,3.0,0.0
2020-06-04,2640.0,50.0,24.0,2566.0,133.0,2.0,0.0
2020-06-05,2740.0,50.0,24.0,2666.0,100.0,0.0,0.0
2020-06-06,3072.0,50.0,24.0,2998.0,332.0,0.0,0.0
2020-06-07,3334.0,51.0,24.0,3259.0,262.0,1.0,0.0
2020-06-08,3538.0,54.0,24.0,3460.0,204.0,3.0,0.0
2020-06-09,3662.0,56.0,24.0,3582.0,124.0,2.0,0.0
2020-06-10,3796.0,58.0,24.0,3714.0,134.0,2.0,0.0
2020-06-11,3941.0,64.0,24.0,3853.0,145.0,6.0,0.0
2020-06-12,3941.0,64.0,24.0,3853.0,0.0,0.0,0.0
2020-06-13,4165.0,70.0,24.0,4071.0,224.0,6.0,0.0
2020-06-14,4165.0,70.0,24.0,4071.0,0.0,0.0,0.0
2020-06-15,4441.0,76.0,24.0,4341.0,276.0,6.0,0.0
2020-06-16,4547.0,80.0,24.0,4443.0,106.0,4.0,0.0
2020-06-17,4688.0,82.0,24.0,4582.0,141.0,2.0,0.0
2020-06-18,4916.0,84.0,24.0,4808.0,228.0,2.0,0.0
2020-06-19,4980.0,87.0,24.0,4869.0,64.0,3.0,0.0
2020-06-20,5077.0,88.0,24.0,4965.0,97.0,1.0,0.0
2020-06-21,5077.0,88.0,24.0,4965.0,0.0,0.0,0.0
2020-06-22,5211.0,88.0,24.0,5099.0,134.0,0.0,0.0
2020-06-23,5324.0,89.0,436.0,4799.0,113.0,1.0,412.0
2020-06-24,5429.0,92.0,512.0,4825.0,105.0,3.0,76.0
2020-06-25,5543.0,96.0,512.0,4935.0,114.0,4.0,0.0
2020-06-26,5722.0,98.0,641.0,4983.0,179.0,2.0,129.0
2020-06-27,5777.0,100.0,706.0,4971.0,55.0,2.0,65.0
2020-06-28,5777.0,100.0,706.0,4971.0,0.0,0.0,0.0
2020-06-29,5933.0,105.0,839.0,4989.0,156.0,5.0,133.0
2020-06-30,5975.0,105.0,931.0,4939.0,42.0,0.0,92.0
2020-07-01,6040.0,107.0,1032.0,4901.0,65.0,2.0,101.0
2020-07-02,6101.0,110.0,1141.0,4850.0,61.0,3.0,109.0
2020-07-03,6230.0,110.0,1286.0,4834.0,129.0,0.0,145.0
2020-07-04,6294.0,113.0,1408.0,4773.0,64.0,3.0,122.0
2020-07-05,6333.0,113.0,1549.0,4671.0,39.0,0.0,141.0
2020-07-06,6371.0,113.0,1824.0,4434.0,38.0,0.0,275.0
2020-07-07,6432.0,117.0,2080.0,4235.0,61.0,4.0,256.0
2020-07-08,6486.0,123.0,2181.0,4182.0,54.0,6.0,101.0
2020-07-09,6486.0,123.0,2181.0,4182.0,0.0,0.0,0.0
2020-07-10,6617.0,135.0,2590.0,3892.0,131.0,12.0,409.0
2020-07-11,6690.0,139.0,2590.0,3961.0,73.0,4.0,0.0
2020-07-12,6727.0,139.0,2924.0,3664.0,37.0,0.0,334.0
2020-07-13,6727.0,141.0,3022.0,3564.0,0.0,2.0,98.0
2020-07-14,6727.0,141.0,3022.0,3564.0,0.0,0.0,0.0
2020-07-15,6831.0,143.0,3283.0,3405.0,104.0,2.0,261.0
2020-07-16,6948.0,145.0,3606.0,3197.0,117.0,2.0,323.0
2020-07-17,6975.0,146.0,3738.0,3091.0,27.0,1.0,132.0
2020-07-18,7053.0,146.0,3877.0,3030.0,78.0,0.0,139.0
2020-07-19,7053.0,146.0,3877.0,3030.0,0.0,0.0,0.0
2020-07-20,7053.0,146.0,3877.0,3030.0,0.0,0.0,0.0
2020-07-21,7100.0,151.0,4095.0,2854.0,47.0,5.0,218.0
2020-07-22,7167.0,154.0,4095.0,2918.0,67.0,3.0,0.0
2020-07-23,7197.0,154.0,4236.0,2807.0,30.0,0.0,141.0
2020-07-24,7260.0,156.0,4236.0,2868.0,63.0,2.0,0.0
2020-07-25,7297.0,157.0,4365.0,2775.0,37.0,1.0,129.0
2020-07-26,7315.0,157.0,4365.0,2793.0,18.0,0.0,0.0
2020-07-27,7340.0,158.0,4365.0,2817.0,25.0,1.0,0.0
2020-07-28,7340.0,158.0,4365.0,2817.0,0.0,0.0,0.0
2020-07-29,7378.0,159.0,4467.0,2752.0,38.0,1.0,102.0
2020-07-30,7412.0,161.0,4467.0,2784.0,34.0,2.0,0.0
2020-07-31,7424.0,161.0,4606.0,2657.0,12.0,0.0,139.0
2020-08-01,7468.0,165.0,4606.0,2697.0,44.0,4.0,0.0
2020-08-02,7468.0,165.0,4606.0,2697.0,0.0,0.0,0.0
2020-08-03,7511.0,166.0,4832.0,2513.0,43.0,1.0,226.0
2020-08-04,7511.0,166.0,4832.0,2513.0,0.0,0.0,0.0
2020-08-05,7544.0,171.0,4832.0,2541.0,33.0,5.0,0.0
2020-08-06,7582.0,171.0,4832.0,2579.0,38.0,0.0,0.0
2020-08-07,7599.0,177.0,4893.0,2529.0,17.0,6.0,61.0
2020-08-08,7611.0,182.0,4893.0,2536.0,12.0,5.0,0.0
2020-08-09,7634.0,183.0,4982.0,2469.0,23.0,1.0,89.0
2020-08-10,7634.0,183.0,4982.0,2469.0,0.0,0.0,0.0
2020-08-11,7649.0,183.0,4982.0,2484.0,15.0,0.0,0.0
2020-08-12,7743.0,187.0,5123.0,2433.0,94.0,4.0,141.0
2020-08-13,7781.0,192.0,5123.0,2466.0,38.0,5.0,0.0
2020-08-14,7810.0,192.0,5123.0,2495.0,29.0,0.0,0.0
2020-08-15,7831.0,196.0,5235.0,2400.0,21.0,4.0,112.0
2020-08-16,7879.0,196.0,5235.0,2448.0,48.0,0.0,0.0
2020-08-17,7897.0,196.0,5235.0,2466.0,18.0,0.0,0.0
2020-08-18,7921.0,196.0,5235.0,2490.0,24.0,0.0,0.0
2020-08-19,7949.0,196.0,5337.0,2416.0,28.0,0.0,102.0
2020-08-20,7997.0,196.0,5447.0,2354.0,48.0,0.0,110.0
2020-08-21,8016.0,196.0,5447.0,2373.0,19.0,0.0,0.0
2020-08-22,8050.0,196.0,5447.0,2407.0,34.0,0.0,0.0
2020-08-23,8082.0,196.0,5624.0,2262.0,32.0,0.0,177.0
2020-08-24,8110.0,196.0,5624.0,2290.0,28.0,0.0,0.0
2020-08-25,8112.0,196.0,5624.0,2292.0,2.0,0.0,0.0
2020-08-26,8122.0,197.0,5677.0,2248.0,10.0,1.0,53.0
2020-08-27,8151.0,200.0,5743.0,2208.0,29.0,3.0,66.0
2020-08-28,8161.0,201.0,5743.0,2217.0,10.0,1.0,0.0
2020-08-29,8174.0,201.0,5743.0,2230.0,13.0,0.0,0.0
2020-08-30,8209.0,201.0,5828.0,2180.0,35.0,0.0,85.0
2020-08-31,8224.0,201.0,5828.0,2195.0,15.0,0.0,0.0
2020-09-01,8230.0,203.0,5828.0,2199.0,6.0,2.0,0.0
2020-09-02,8258.0,206.0,5870.0,2182.0,28.0,3.0,42.0
2020-09-03,8301.0,210.0,5870.0,2221.0,43.0,4.0,0.0
2020-09-04,8326.0,212.0,5870.0,2244.0,25.0,2.0,0.0
2020-09-05,8336.0,212.0,5933.0,2191.0,10.0,0.0,63.0
2020-09-06,8360.0,214.0,5933.0,2213.0,24.0,2.0,0.0
2020-09-07,8376.0,214.0,5991.0,2171.0,16.0,0.0,58.0
2020-09-08,8376.0,214.0,5991.0,2171.0,0.0,0.0,0.0
2020-09-09,8384.0,214.0,5991.0,2179.0,8.0,0.0,0.0
2020-09-10,8429.0,215.0,5991.0,2223.0,45.0,1.0,0.0
2020-09-11,8457.0,216.0,6120.0,2121.0,28.0,1.0,129.0
2020-09-12,8478.0,219.0,6120.0,2139.0,21.0,3.0,0.0
2020-09-13,8493.0,219.0,6120.0,2154.0,15.0,0.0,0.0
2020-09-14,8499.0,219.0,6120.0,2160.0,6.0,0.0,0.0
2020-09-15,8530.0,220.0,6181.0,2129.0,31.0,1.0,61.0
2020-09-16,8541.0,220.0,6258.0,2063.0,11.0,0.0,77.0
2020-09-17,8556.0,220.0,6315.0,2021.0,15.0,0.0,57.0
2020-09-18,8600.0,221.0,6363.0,2016.0,44.0,1.0,48.0
2020-09-19,8600.0,221.0,6363.0,2016.0,0.0,0.0,0.0
2020-09-20,8619.0,221.0,6363.0,2035.0,19.0,0.0,0.0
2020-09-21,8624.0,221.0,6482.0,1921.0,5.0,0.0,119.0
2020-09-22,8633.0,223.0,6482.0,1928.0,9.0,2.0,0.0
2020-09-23,8646.0,225.0,6551.0,1870.0,13.0,2.0,69.0
2020-09-24,8668.0,227.0,6551.0,1890.0,22.0,2.0,0.0
2020-09-25,8684.0,227.0,6551.0,1906.0,16.0,0.0,0.0
2020-09-26,8723.0,227.0,6551.0,1945.0,39.0,0.0,0.0
2020-09-27,8740.0,227.0,6688.0,1825.0,17.0,0.0,137.0
2020-09-28,8740.0,227.0,6757.0,1756.0,0.0,0.0,69.0
2020-09-29,8740.0,227.0,6757.0,1756.0,0.0,0.0,0.0
2020-09-30,8766.0,229.0,6829.0,1708.0,26.0,2.0,72.0
2020-10-01,8781.0,229.0,6907.0,1645.0,15.0,0.0,78.0
2020-10-02,8792.0,229.0,6949.0,1614.0,11.0,0.0,42.0
2020-10-03,8811.0,229.0,6949.0,1633.0,19.0,0.0,0.0
2020-10-04,8819.0,229.0,6992.0,1598.0,8.0,0.0,43.0
2020-10-05,8827.0,229.0,6992.0,1606.0,8.0,0.0,0.0
2020-10-06,8838.0,229.0,7013.0,1596.0,11.0,0.0,21.0
2020-10-07,8838.0,229.0,7013.0,1596.0,0.0,0.0,0.0
2020-10-08,8854.0,230.0,7013.0,1611.0,16.0,1.0,0.0
2020-10-09,8854.0,230.0,7013.0,1611.0,0.0,0.0,0.0
2020-10-10,8860.0,230.0,7104.0,1526.0,6.0,0.0,91.0
2020-10-11,8882.0,230.0,7104.0,1548.0,22.0,0.0,0.0
2020-10-12,8882.0,230.0,7104.0,1548.0,0.0,0.0,0.0
2020-10-13,8887.0,230.0,7140.0,1517.0,5.0,0.0,36.0
2020-10-14,8908.0,231.0,7182.0,1495.0,21.0,1.0,42.0
2020-10-15,8925.0,231.0,7182.0,1512.0,17.0,0.0,0.0
2020-10-16,8925.0,231.0,7182.0,1512.0,0.0,0.0,0.0
2020-10-17,8956.0,231.0,7213.0,1512.0,31.0,0.0,31.0
2020-10-18,8964.0,231.0,7213.0,1520.0,8.0,0.0,0.0
2020-10-19,8976.0,231.0,7303.0,1442.0,12.0,0.0,90.0
2020-10-20,8976.0,231.0,7303.0,1442.0,0.0,0.0,0.0
2020-10-21,8979.0,231.0,7303.0,1445.0,3.0,0.0,0.0
2020-10-22,9007.0,231.0,7311.0,1465.0,28.0,0.0,8.0
2020-10-23,9015.0,231.0,7361.0,1423.0,8.0,0.0,50.0
2020-10-24,9015.0,231.0,7361.0,1423.0,0.0,0.0,0.0
2020-10-25,9026.0,232.0,7373.0,1421.0,11.0,1.0,12.0
2020-10-26,9026.0,232.0,7373.0,1421.0,0.0,0.0,0.0
2020-10-27,9040.0,232.0,7411.0,1397.0,14.0,0.0,38.0
2020-10-28,9046.0,232.0,7422.0,1392.0,6.0,0.0,11.0
2020-10-29,9057.0,232.0,7429.0,1396.0,11.0,0.0,7.0
2020-10-30,9057.0,232.0,7429.0,1396.0,0.0,0.0,0.0
2020-10-31,9057.0,232.0,7429.0,1396.0,0.0,0.0,0.0
2020-11-01,9057.0,232.0,7429.0,1396.0,0.0,0.0,0.0
2020-11-02,9057.0,232.0,7429.0,1396.0,0.0,0.0,0.0
2020-11-03,9057.0,232.0,7429.0,1396.0,0.0,0.0,0.0
2020-11-04,9100.0,232.0,7589.0,1279.0,43.0,0.0,160.0
2020-11-05,9109.0,232.0,7589.0,1288.0,9.0,0.0,0.0
2020-11-06,9127.0,232.0,7618.0,1277.0,18.0,0.0,29.0
2020-11-07,9127.0,232.0,7618.0,1277.0,0.0,0.0,0.0
2020-11-08,9127.0,232.0,7618.0,1277.0,0.0,0.0,0.0
2020-11-09,9137.0,232.0,7618.0,1287.0,10.0,0.0,0.0
2020-11-10,9137.0,232.0,7683.0,1222.0,0.0,0.0,65.0
2020-11-11,9152.0,232.0,7683.0,1237.0,15.0,0.0,0.0
2020-11-12,9160.0,232.0,7701.0,1227.0,8.0,0.0,18.0
2020-11-13,9168.0,232.0,7701.0,1235.0,8.0,0.0,0.0
2020-11-14,9168.0,232.0,7701.0,1235.0,0.0,0.0,0.0
2020-11-15,9168.0,232.0,7701.0,1235.0,0.0,0.0,0.0
2020-11-16,9188.0,232.0,7801.0,1155.0,20.0,0.0,100.0
2020-11-17,9191.0,232.0,7820.0,1139.0,3.0,0.0,19.0
2020-11-18,9191.0,232.0,7820.0,1139.0,0.0,0.0,0.0
2020-11-19,9208.0,232.0,7820.0,1156.0,17.0,0.0,0.0
2020-11-20,9211.0,232.0,7854.0,1125.0,3.0,0.0,34.0
2020-11-21,9214.0,232.0,7854.0,1128.0,3.0,0.0,0.0
2020-11-22,9214.0,232.0,7854.0,1128.0,0.0,0.0,0.0
2020-11-23,9224.0,232.0,7886.0,1106.0,10.0,0.0,32.0
2020-11-24,9229.0,232.0,7886.0,1111.0,5.0,0.0,0.0
2020-11-25,9248.0,232.0,7916.0,1100.0,19.0,0.0,30.0
2020-11-26,9256.0,232.0,7925.0,1099.0,8.0,0.0,9.0
2020-11-27,9264.0,232.0,7951.0,1081.0,8.0,0.0,26.0
2020-11-28,9272.0,232.0,7951.0,1089.0,8.0,0.0,0.0
2020-11-29,9272.0,232.0,7951.0,1089.0,0.0,0.0,0.0
2020-11-30,9294.0,233.0,8023.0,1038.0,22.0,1.0,72.0
2020-12-01,9296.0,233.0,8023.0,1040.0,2.0,0.0,0.0
