date,confirmed,deaths,recovered,active,new_confirmed,new_deaths,new_recovered
2020-03-11,2.0,0.0,0.0,2.0,,,
2020-03-12,2.0,0.0,0.0,2.0,0.0,0.0,0.0
2020-03-13,2.0,0.0,0.0,2.0,0.0,0.0,0.0
2020-03-14,2.0,0.0,0.0,2.0,0.0,0.0,0.0
2020-03-15,3.0,0.0,0.0,3.0,1.0,0.0,0.0
2020-03-16,6.0,0.0,0.0,6.0,3.0,0.0,0.0
2020-03-17,8.0,0.0,0.0,8.0,2.0,0.0,0.0
2020-03-18,9.0,0.0,0.0,9.0,1.0,0.0,0.0
2020-03-19,12.0,0.0,0.0,12.0,3.0,0.0,0.0
2020-03-20,24.0,0.0,0.0,24.0,12.0,0.0,0.0
2020-03-21,24.0,0.0,0.0,24.0,0.0,0.0,0.0
2020-03-22,26.0,0.0,0.0,26.0,2.0,0.0,0.0
2020-03-23,27.0,0.0,0.0,27.0,1.0,0.0,0.0
2020-03-24,30.0,0.0,0.0,30.0,3.0,0.0,0.0
2020-03-25,36.0,0.0,0.0,36.0,6.0,0.0,0.0
2020-03-26,52.0,1.0,0.0,51.0,16.0,1.0,0.0
2020-03-27,68.0,1.0,0.0,67.0,16.0,0.0,0.0
2020-03-28,95.0,1.0,3.0,91.0,27.0,0.0,3.0
2020-03-29,110.0,3.0,3.0,104.0,15.0,2.0,0.0
2020-03-30,139.0,7.0,3.0,129.0,29.0,4.0,0.0
2020-03-31,141.0,7.0,3.0,131.0,2.0,0.0,0.0
2020-04-01,172.0,10.0,3.0,159.0,31.0,3.0,0.0
2020-04-02,219.0,14.0,3.0,202.0,47.0,4.0,0.0
2020-04-03,222.0,15.0,3.0,204.0,3.0,1.0,0.0
2020-04-04,264.0,15.0,3.0,246.0,42.0,0.0,0.0
2020-04-05,268.0,22.0,6.0,240.0,4.0,7.0,3.0
2020-04-06,298.0,22.0,6.0,270.0,30.0,0.0,0.0
2020-04-07,305.0,22.0,6.0,277.0,7.0,0.0,0.0
2020-04-08,312.0,22.0,6.0,284.0,7.0,0.0,0.0
2020-04-09,343.0,23.0,6.0,314.0,31.0,1.0,0.0
2020-04-10,382.0,23.0,7.0,352.0,39.0,0.0,1.0
2020-04-11,392.0,24.0,7.0,361.0,10.0,1.0,0.0
2020-04-12,393.0,25.0,7.0,361.0,1.0,1.0,0.0
2020-04-13,397.0,25.0,7.0,365.0,4.0,0.0,0.0
2020-04-14,407.0,26.0,7.0,374.0,10.0,1.0,0.0
2020-04-15,419.0,31.0,9.0,379.0,12.0,5.0,2.0
2020-04-16,426.0,35.0,9.0,382.0,7.0,4.0,0.0
2020-04-17,442.0,41.0,10.0,391.0,16.0,6.0,1.0
2020-04-18,457.0,46.0,10.0,401.0,15.0,5.0,0.0
2020-04-19,472.0,46.0,15.0,411.0,15.0,0.0,5.0
2020-04-20,477.0,46.0,25.0,406.0,5.0,0.0,10.0
2020-04-21,494.0,46.0,29.0,419.0,17.0,0.0,4.0
2020-04-22,510.0,46.0,30.0,434.0,16.0,0.0,1.0
2020-04-23,519.0,47.0,31.0,441.0,9.0,1.0,1.0
2020-04-24,591.0,55.0,58.0,478.0,72.0,8.0,27.0
2020-04-25,627.0,59.0,65.0,503.0,36.0,4.0,7.0
2020-04-26,627.0,59.0,65.0,503.0,0.0,0.0,0.0
2020-04-27,661.0,61.0,79.0,521.0,34.0,2.0,14.0
2020-04-28,702.0,64.0,79.0,559.0,41.0,3.0,0.0
2020-04-29,738.0,66.0,73.0,599.0,36.0,2.0,-6.0
2020-04-30,771.0,71.0,79.0,621.0,33.0,5.0,6.0
2020-05-01,804.0,75.0,112.0,617.0,33.0,4.0,33.0
2020-05-02,1010.0,76.0,116.0,818.0,206.0,1.0,4.0
2020-05-03,1055.0,82.0,118.0,855.0,45.0,6.0,2.0
2020-05-04,1178.0,83.0,122.0,973.0,123.0,1.0,4.0
2020-05-05,1270.0,93.0,122.0,1055.0,92.0,10.0,0.0
2020-05-06,1461.0,99.0,132.0,1230.0,191.0,6.0,10.0
2020-05-07,1685.0,105.0,154.0,1426.0,224.0,6.0,22.0
2020-05-08,1771.0,107.0,192.0,1472.0,86.0,2.0,38.0
2020-05-09,1830.0,108.0,195.0,1527.0,59.0,1.0,3.0
2020-05-10,1972.0,108.0,203.0,1661.0,142.0,0.0,8.0
2020-05-11,2100.0,116.0,206.0,1778.0,128.0,8.0,3.0
2020-05-12,2080.0,121.0,211.0,1748.0,-20.0,5.0,5.0
2020-05-13,2255.0,123.0,237.0,1895.0,175.0,2.0,26.0
2020-05-14,2318.0,133.0,253.0,1932.0,63.0,10.0,16.0
2020-05-15,2460.0,134.0,264.0,2062.0,142.0,1.0,11.0
2020-05-16,2565.0,138.0,278.0,2149.0,105.0,4.0,14.0
2020-05-17,2646.0,142.0,319.0,2185.0,81.0,4.0,41.0
2020-05-18,2798.0,146.0,340.0,2312.0,152.0,4.0,21.0
2020-05-19,2955.0,147.0,349.0,2459.0,157.0,1.0,9.0
2020-05-20,2955.0,147.0,349.0,2459.0,0.0,0.0,0.0
2020-05-21,3204.0,156.0,397.0,2651.0,249.0,9.0,48.0
2020-05-22,3477.0,167.0,439.0,2871.0,273.0,11.0,42.0
2020-05-23,3477.0,167.0,439.0,2871.0,0.0,0.0,0.0
2020-05-24,3950.0,180.0,468.0,3302.0,473.0,13.0,29.0
2020-05-25,4189.0,182.0,473.0,3534.0,239.0,2.0,5.0
2020-05-26,4401.0,188.0,493.0,3720.0,212.0,6.0,20.0
2020-05-27,4640.0,194.0,506.0,3940.0,239.0,6.0,13.0
2020-05-28,4752.0,196.0,519.0,4037.0,112.0,2.0,13.0
2020-05-29,4752.0,196.0,519.0,4037.0,0.0,0.0,0.0
2020-05-30,5094.0,201.0,536.0,4357.0,342.0,5.0,17.0
2020-05-31,5202.0,212.0,537.0,4453.0,108.0,11.0,1.0
2020-06-01,5362.0,217.0,549.0,4596.0,160.0,5.0,12.0
2020-06-02,5527.0,225.0,563.0,4739.0,165.0,8.0,14.0
2020-06-03,5690.0,234.0,617.0,4839.0,163.0,9.0,54.0
2020-06-04,5880.0,243.0,648.0,4989.0,190.0,9.0,31.0
2020-06-05,5971.0,248.0,677.0,5046.0,91.0,5.0,29.0
2020-06-06,6155.0,250.0,697.0,5208.0,184.0,2.0,20.0
2020-06-07,6327.0,258.0,712.0,5357.0,172.0,8.0,15.0
2020-06-08,6450.0,262.0,740.0,5448.0,123.0,4.0,28.0
2020-06-09,6935.0,271.0,787.0,5877.0,485.0,9.0,47.0
2020-06-10,7360.0,290.0,809.0,6261.0,425.0,19.0,22.0
2020-06-11,7669.0,294.0,837.0,6538.0,309.0,4.0,28.0
2020-06-12,8132.0,306.0,844.0,6982.0,463.0,12.0,7.0
2020-06-13,8455.0,310.0,894.0,7251.0,323.0,4.0,50.0
2020-06-14,8858.0,312.0,967.0,7579.0,403.0,2.0,73.0
2020-06-15,9178.0,322.0,1025.0,7831.0,320.0,10.0,58.0
2020-06-16,9656.0,330.0,1075.0,8251.0,478.0,8.0,50.0
2020-06-17,10299.0,336.0,1116.0,8847.0,643.0,6.0,41.0
2020-06-18,10739.0,343.0,1179.0,9217.0,440.0,7.0,63.0
2020-06-19,11258.0,349.0,1214.0,9695.0,519.0,6.0,35.0
2020-06-20,12306.0,358.0,1275.0,10673.0,1048.0,9.0,61.0
2020-06-21,12769.0,363.0,1293.0,11113.0,463.0,5.0,18.0
2020-06-22,13356.0,395.0,1362.0,11599.0,587.0,32.0,69.0
2020-06-23,13943.0,405.0,1461.0,12077.0,587.0,10.0,99.0
2020-06-24,14571.0,417.0,1546.0,12608.0,628.0,12.0,85.0
2020-06-25,15366.0,426.0,1600.0,13340.0,795.0,9.0,54.0
2020-06-26,15994.0,471.0,1678.0,13845.0,628.0,45.0,78.0
2020-06-27,17007.0,479.0,1767.0,14761.0,1013.0,8.0,89.0
2020-06-28,18082.0,479.0,1875.0,15728.0,1075.0,0.0,108.0
2020-06-29,18818.0,485.0,1961.0,16372.0,736.0,6.0,86.0
2020-06-30,19558.0,497.0,2060.0,17001.0,740.0,12.0,99.0
2020-07-01,20262.0,542.0,2123.0,17597.0,704.0,45.0,63.0
2020-07-02,21120.0,591.0,2190.0,18339.0,858.0,49.0,67.0
2020-07-03,22116.0,605.0,2250.0,19261.0,996.0,14.0,60.0
2020-07-04,22921.0,629.0,2387.0,19905.0,805.0,24.0,137.0
2020-07-05,23943.0,639.0,2490.0,20814.0,1022.0,10.0,103.0
2020-07-06,24665.0,656.0,2585.0,21424.0,722.0,17.0,95.0
2020-07-07,25428.0,677.0,2637.0,22114.0,763.0,21.0,52.0
2020-07-08,25978.0,694.0,2721.0,22563.0,550.0,17.0,84.0
2020-07-09,26384.0,704.0,2779.0,22901.0,406.0,10.0,58.0
2020-07-10,27053.0,750.0,2850.0,23453.0,669.0,46.0,71.0
2020-07-11,27583.0,771.0,2901.0,23911.0,530.0,21.0,51.0
2020-07-12,28090.0,774.0,2957.0,24359.0,507.0,3.0,56.0
2020-07-13,28579.0,789.0,3123.0,24667.0,489.0,15.0,166.0
2020-07-14,29106.0,807.0,3287.0,25012.0,527.0,18.0,164.0
2020-07-15,30036.0,825.0,3379.0,25832.0,930.0,18.0,92.0
2020-07-16,30867.0,835.0,3420.0,26612.0,831.0,10.0,41.0
2020-07-17,31745.0,857.0,3565.0,27323.0,878.0,22.0,145.0
2020-07-18,32793.0,891.0,3661.0,28241.0,1048.0,34.0,96.0
2020-07-19,33835.0,900.0,3801.0,29134.0,1042.0,9.0,140.0
2020-07-20,34611.0,935.0,3905.0,29771.0,776.0,35.0,104.0
2020-07-21,35345.0,988.0,4144.0,30213.0,734.0,53.0,239.0
2020-07-22,36102.0,1006.0,4315.0,30781.0,757.0,18.0,171.0
2020-07-23,36902.0,1011.0,4448.0,31443.0,800.0,5.0,133.0
2020-07-24,37559.0,1061.0,4607.0,31891.0,657.0,50.0,159.0
2020-07-25,38438.0,1098.0,4713.0,32627.0,879.0,37.0,106.0
2020-07-26,39276.0,1116.0,4922.0,33238.0,838.0,18.0,209.0
2020-07-27,39741.0,1166.0,5039.0,33536.0,465.0,50.0,117.0
2020-07-28,40460.0,1214.0,5103.0,34143.0,719.0,48.0,64.0
2020-07-29,40944.0,1259.0,5281.0,34404.0,484.0,45.0,178.0
2020-07-30,41426.0,1312.0,5443.0,34671.0,482.0,53.0,162.0
2020-07-31,42014.0,1337.0,5554.0,35123.0,588.0,25.0,111.0
2020-08-01,42685.0,1368.0,5694.0,35623.0,671.0,31.0,140.0
2020-08-02,43197.0,1377.0,5794.0,36026.0,512.0,9.0,100.0
2020-08-03,43794.0,1384.0,5854.0,36556.0,597.0,7.0,60.0
2020-08-04,44299.0,1400.0,5921.0,36978.0,505.0,16.0,67.0
2020-08-05,45098.0,1423.0,6116.0,37559.0,799.0,23.0,195.0
2020-08-06,45755.0,1446.0,6225.0,38084.0,657.0,23.0,109.0
2020-08-07,46365.0,1465.0,6355.0,38545.0,610.0,19.0,130.0
2020-08-08,46973.0,1476.0,6428.0,39069.0,608.0,11.0,73.0
2020-08-09,47454.0,1495.0,6597.0,39362.0,481.0,19.0,169.0
2020-08-10,47872.0,1506.0,6649.0,39717.0,418.0,11.0,52.0
2020-08-11,48403.0,1515.0,6805.0,40083.0,531.0,9.0,156.0
2020-08-12,48657.0,1533.0,6945.0,40179.0,254.0,18.0,140.0
2020-08-13,49042.0,1542.0,7032.0,40468.0,385.0,9.0,87.0
2020-08-14,49467.0,1548.0,7128.0,40791.0,425.0,6.0,96.0
2020-08-15,49979.0,1567.0,7255.0,41157.0,512.0,19.0,127.0
2020-08-16,50502.0,1575.0,7339.0,41588.0,523.0,8.0,84.0
2020-08-17,50995.0,1583.0,7450.0,41962.0,493.0,8.0,111.0
2020-08-18,51670.0,1593.0,7661.0,42416.0,675.0,10.0,211.0
2020-08-19,52298.0,1608.0,7867.0,42823.0,628.0,15.0,206.0
2020-08-20,52819.0,1619.0,8082.0,43118.0,521.0,11.0,215.0
2020-08-21,53381.0,1632.0,8271.0,43478.0,562.0,13.0,189.0
2020-08-22,53983.0,1643.0,8449.0,43891.0,602.0,11.0,178.0
2020-08-23,54511.0,1654.0,8532.0,44325.0,528.0,11.0,83.0
2020-08-24,55479.0,1683.0,8556.0,45240.0,968.0,29.0,24.0
2020-08-25,55877.0,1703.0,9124.0,45050.0,398.0,20.0,568.0
2020-08-26,56649.0,1747.0,9169.0,45733.0,772.0,44.0,45.0
2020-08-27,57669.0,1803.0,9586.0,46280.0,1020.0,56.0,417.0
2020-08-28,58810.0,1827.0,10076.0,46907.0,1141.0,24.0,490.0
2020-08-29,59645.0,1842.0,10156.0,47647.0,835.0,15.0,80.0
2020-08-30,60174.0,1858.0,10242.0,48074.0,529.0,16.0,86.0
2020-08-31,61014.0,1873.0,10396.0,48745.0,840.0,15.0,154.0
2020-09-01,61769.0,1888.0,10430.0,49451.0,755.0,15.0,34.0
2020-09-02,62526.0,1924.0,11147.0,49455.0,757.0,36.0,717.0
2020-09-03,63158.0,1954.0,11618.0,49586.0,632.0,30.0,471.0
2020-09-04,63798.0,1984.0,12347.0,49467.0,640.0,30.0,729.0
2020-09-05,64352.0,2006.0,13115.0,49231.0,554.0,22.0,768.0
2020-09-06,64764.0,2007.0,13418.0,49339.0,412.0,1.0,303.0
2020-09-07,64814.0,2023.0,13828.0,48963.0,50.0,16.0,410.0
2020-09-08,65218.0,2034.0,14273.0,48911.0,404.0,11.0,445.0
2020-09-09,65597.0,2044.0,15064.0,48489.0,379.0,10.0,791.0
2020-09-10,65802.0,2049.0,15577.0,48176.0,205.0,5.0,513.0
2020-09-11,66049.0,2058.0,16613.0,47378.0,247.0,9.0,1036.0
2020-09-12,67136.0,2065.0,17760.0,47311.0,1087.0,7.0,1147.0
2020-09-13,67789.0,2079.0,17873.0,47837.0,653.0,14.0,113.0
2020-09-14,68620.0,2087.0,18487.0,48046.0,831.0,8.0,614.0
2020-09-15,68620.0,2087.0,18487.0,48046.0,0.0,0.0,0.0
2020-09-16,69660.0,2102.0,19983.0,47575.0,1040.0,15.0,1496.0
2020-09-17,70120.0,2122.0,20677.0,47321.0,460.0,20.0,694.0
2020-09-18,70611.0,2146.0,21149.0,47316.0,491.0,24.0,472.0
2020-09-19,71143.0,2166.0,21810.0,47167.0,532.0,20.0,661.0
2020-09-20,71616.0,2184.0,22065.0,47367.0,473.0,18.0,255.0
2020-09-21,72075.0,2204.0,22611.0,47260.0,459.0,20.0,546.0
2020-09-22,72306.0,2206.0,23230.0,46870.0,231.0,2.0,619.0
2020-09-23,72675.0,2222.0,24022.0,46431.0,369.0,16.0,792.0
2020-09-24,73193.0,2249.0,24580.0,46364.0,518.0,27.0,558.0
2020-09-25,73840.0,2271.0,25728.0,45841.0,647.0,22.0,1148.0
2020-09-26,74548.0,2288.0,26088.0,46172.0,708.0,17.0,360.0
2020-09-27,74548.0,2288.0,26088.0,46172.0,0.0,0.0,0.0
2020-09-28,75537.0,2301.0,26957.0,46279.0,989.0,13.0,869.0
2020-09-29,76098.0,2323.0,27383.0,46392.0,561.0,22.0,426.0
2020-09-30,76900.0,2353.0,27922.0,46625.0,802.0,30.0,539.0
2020-10-01,77598.0,2380.0,28517.0,46701.0,698.0,27.0,595.0
2020-10-02,78269.0,2386.0,28978.0,46905.0,671.0,6.0,461.0
2020-10-03,78788.0,2399.0,29187.0,47202.0,519.0,13.0,209.0
2020-10-04,79629.0,2422.0,29305.0,47902.0,841.0,23.0,118.0
2020-10-05,80020.0,2433.0,29768.0,47819.0,391.0,11.0,463.0
2020-10-06,80662.0,2447.0,30131.0,48084.0,642.0,14.0,363.0
2020-10-07,81016.0,2466.0,30590.0,47960.0,354.0,19.0,459.0
2020-10-08,81672.0,2477.0,31089.0,48106.0,656.0,11.0,499.0
2020-10-09,82552.0,2492.0,31736.0,48324.0,880.0,15.0,647.0
2020-10-10,83146.0,2504.0,31931.0,48711.0,594.0,12.0,195.0
2020-10-11,84081.0,2512.0,32012.0,49557.0,935.0,8.0,81.0
2020-10-12,84413.0,2521.0,32214.0,49678.0,332.0,9.0,202.0
2020-10-13,84852.0,2528.0,32772.0,49552.0,439.0,7.0,558.0
2020-10-14,85458.0,2533.0,32990.0,49935.0,606.0,5.0,218.0
2020-10-15,86089.0,2552.0,34099.0,49438.0,631.0,19.0,1109.0
2020-10-16,86691.0,2556.0,34546.0,49589.0,602.0,4.0,447.0
2020-10-17,87594.0,2563.0,34662.0,50369.0,903.0,7.0,116.0
2020-10-18,88425.0,2568.0,34964.0,50893.0,831.0,5.0,302.0
2020-10-19,89381.0,2576.0,35398.0,51407.0,956.0,8.0,434.0
2020-10-20,90232.0,2582.0,35930.0,51720.0,851.0,6.0,532.0
2020-10-21,91078.0,2596.0,36341.0,52141.0,846.0,14.0,411.0
2020-10-22,91509.0,2604.0,37132.0,51773.0,431.0,8.0,791.0
2020-10-23,91509.0,2604.0,37132.0,51773.0,0.0,0.0,0.0
2020-10-24,92724.0,2617.0,37866.0,52241.0,1215.0,13.0,734.0
2020-10-25,93214.0,2623.0,37996.0,52595.0,490.0,6.0,130.0
2020-10-26,93966.0,2633.0,38536.0,52797.0,752.0,10.0,540.0
2020-10-27,94623.0,2639.0,38833.0,53151.0,657.0,6.0,297.0
2020-10-28,95199.0,2652.0,39126.0,53421.0,576.0,13.0,293.0
2020-10-29,96150.0,2661.0,39804.0,53685.0,951.0,9.0,678.0
2020-10-30,96888.0,2669.0,40129.0,54090.0,738.0,8.0,325.0
2020-10-31,96888.0,2669.0,40129.0,54090.0,0.0,0.0,0.0
2020-11-01,98212.0,2675.0,40687.0,54850.0,1324.0,6.0,558.0
2020-11-02,98405.0,2688.0,41116.0,54601.0,193.0,13.0,429.0
2020-11-03,98688.0,2706.0,41848.0,54134.0,283.0,18.0,732.0
2020-11-04,99124.0,2730.0,42153.0,54241.0,436.0,24.0,305.0
2020-11-05,99347.0,2736.0,42574.0,54037.0,223.0,6.0,421.0
2020-11-06,99576.0,2741.0,42609.0,54226.0,229.0,5.0,35.0
2020-11-07,100041.0,2745.0,42815.0,54481.0,465.0,4.0,206.0
2020-11-08,100041.0,2745.0,42815.0,54481.0,0.0,0.0,0.0
2020-11-09,100573.0,2765.0,43177.0,54631.0,532.0,20.0,362.0
2020-11-10,100804.0,2780.0,43507.0,54517.0,231.0,15.0,330.0
2020-11-11,101169.0,2797.0,43857.0,54515.0,365.0,17.0,350.0
2020-11-12,101468.0,2804.0,44068.0,54596.0,299.0,7.0,211.0
2020-11-13,102079.0,2820.0,44236.0,55023.0,611.0,16.0,168.0
2020-11-14,102555.0,2822.0,44551.0,55182.0,476.0,2.0,315.0
2020-11-15,103102.0,2823.0,44778.0,55501.0,547.0,1.0,227.0
2020-11-16,103239.0,2839.0,44915.0,55485.0,137.0,16.0,137.0
2020-11-17,103488.0,2839.0,45082.0,55567.0,249.0,0.0,167.0
2020-11-18,103488.0,2839.0,45082.0,55567.0,0.0,0.0,0.0
2020-11-19,103488.0,2839.0,45082.0,55567.0,0.0,0.0,0.0
2020-11-20,103551.0,2853.0,45825.0,54873.0,63.0,14.0,743.0
2020-11-21,104435.0,2857.0,46208.0,55370.0,884.0,4.0,383.0
2020-11-22,104435.0,2857.0,46208.0,55370.0,0.0,0.0,0.0
2020-11-23,105211.0,2869.0,46616.0,55726.0,776.0,12.0,408.0
2020-11-24,105211.0,2869.0,46616.0,55726.0,0.0,0.0,0.0
2020-11-25,106116.0,2888.0,47006.0,56222.0,905.0,19.0,390.0
2020-11-26,106681.0,2892.0,47354.0,56435.0,565.0,4.0,348.0
2020-11-27,107134.0,2899.0,47576.0,56659.0,453.0,7.0,222.0
2020-11-28,107513.0,2905.0,47638.0,56970.0,379.0,6.0,62.0
2020-11-29,107888.0,2909.0,47680.0,57299.0,375.0,4.0,42.0
