date,confirmed,deaths,recovered,active,new_confirmed,new_deaths,new_recovered
2020-03-04,2.0,0.0,0.0,2.0,,,
2020-03-05,2.0,0.0,0.0,2.0,0.0,0.0,0.0
2020-03-06,2.0,0.0,0.0,2.0,0.0,0.0,0.0
2020-03-07,4.0,0.0,0.0,4.0,2.0,0.0,0.0
2020-03-08,7.0,0.0,0.0,7.0,3.0,0.0,0.0
2020-03-09,9.0,0.0,0.0,9.0,2.0,0.0,0.0
2020-03-10,9.0,0.0,0.0,9.0,0.0,0.0,0.0
2020-03-11,13.0,0.0,0.0,13.0,4.0,0.0,0.0
2020-03-12,13.0,0.0,0.0,13.0,0.0,0.0,0.0
2020-03-13,19.0,0.0,0.0,19.0,6.0,0.0,0.0
2020-03-14,30.0,0.0,1.0,29.0,11.0,0.0,1.0
2020-03-15,32.0,1.0,1.0,30.0,2.0,1.0,0.0
2020-03-16,39.0,1.0,1.0,37.0,7.0,0.0,0.0
2020-03-17,50.0,1.0,2.0,47.0,11.0,0.0,1.0
2020-03-18,58.0,1.0,2.0,55.0,8.0,0.0,0.0
2020-03-19,73.0,1.0,2.0,70.0,15.0,0.0,0.0
2020-03-20,85.0,3.0,2.0,80.0,12.0,2.0,0.0
2020-03-21,103.0,4.0,7.0,92.0,18.0,1.0,5.0
2020-03-22,131.0,6.0,16.0,109.0,28.0,2.0,9.0
2020-03-23,167.0,7.0,16.0,144.0,36.0,1.0,0.0
2020-03-24,187.0,9.0,21.0,157.0,20.0,2.0,5.0
2020-03-25,226.0,10.0,21.0,195.0,39.0,1.0,0.0
2020-03-26,261.0,10.0,28.0,223.0,35.0,0.0,7.0
2020-03-27,300.0,10.0,34.0,256.0,39.0,0.0,6.0
2020-03-28,343.0,11.0,34.0,298.0,43.0,1.0,0.0
2020-03-29,408.0,13.0,34.0,361.0,65.0,2.0,0.0
2020-03-30,447.0,15.0,34.0,398.0,39.0,2.0,0.0
2020-03-31,492.0,16.0,37.0,439.0,45.0,1.0,3.0
2020-04-01,525.0,20.0,40.0,465.0,33.0,4.0,3.0
2020-04-02,585.0,21.0,42.0,522.0,60.0,1.0,2.0
2020-04-03,623.0,26.0,43.0,554.0,38.0,5.0,1.0
2020-04-04,678.0,32.0,58.0,588.0,55.0,6.0,15.0
2020-04-05,733.0,34.0,66.0,633.0,55.0,2.0,8.0
2020-04-06,744.0,38.0,67.0,639.0,11.0,4.0,1.0
2020-04-07,817.0,47.0,71.0,699.0,73.0,9.0,4.0
2020-04-08,895.0,58.0,94.0,743.0,78.0,11.0,23.0
2020-04-09,980.0,66.0,96.0,818.0,85.0,8.0,2.0
2020-04-10,1190.0,77.0,112.0,1001.0,210.0,11.0,16.0
2020-04-11,1310.0,85.0,115.0,1110.0,120.0,8.0,3.0
2020-04-12,1410.0,99.0,118.0,1193.0,100.0,14.0,3.0
2020-04-13,1458.0,109.0,120.0,1229.0,48.0,10.0,2.0
2020-04-14,1512.0,122.0,122.0,1268.0,54.0,13.0,2.0
2020-04-15,1579.0,134.0,192.0,1253.0,67.0,12.0,70.0
2020-04-16,1652.0,142.0,199.0,1311.0,73.0,8.0,7.0
2020-04-17,1763.0,156.0,207.0,1400.0,111.0,14.0,8.0
2020-04-18,1834.0,172.0,231.0,1431.0,71.0,16.0,24.0
2020-04-19,1916.0,189.0,250.0,1477.0,82.0,17.0,19.0
2020-04-20,1984.0,199.0,267.0,1518.0,68.0,10.0,17.0
2020-04-21,2098.0,213.0,287.0,1598.0,114.0,14.0,20.0
2020-04-22,2168.0,225.0,295.0,1648.0,70.0,12.0,8.0
2020-04-23,2284.0,239.0,390.0,1655.0,116.0,14.0,95.0
2020-04-24,2443.0,262.0,458.0,1723.0,159.0,23.0,68.0
2020-04-25,2443.0,262.0,458.0,1723.0,0.0,0.0,0.0
2020-04-26,2500.0,272.0,485.0,1743.0,57.0,10.0,27.0
2020-04-27,2583.0,280.0,498.0,1805.0,83.0,8.0,13.0
2020-04-28,2649.0,291.0,516.0,1842.0,66.0,11.0,18.0
2020-04-29,2727.0,300.0,536.0,1891.0,78.0,9.0,20.0
2020-04-30,2775.0,312.0,581.0,1882.0,48.0,12.0,45.0
2020-05-01,2863.0,323.0,609.0,1931.0,88.0,11.0,28.0
2020-05-02,2942.0,335.0,625.0,1982.0,79.0,12.0,16.0
2020-05-03,2998.0,340.0,629.0,2029.0,56.0,5.0,4.0
2020-05-04,3035.0,351.0,630.0,2054.0,37.0,11.0,1.0
2020-05-05,3065.0,363.0,709.0,1993.0,30.0,12.0,79.0
2020-05-06,3111.0,373.0,759.0,1979.0,46.0,10.0,50.0
2020-05-07,3150.0,383.0,801.0,1966.0,39.0,10.0,42.0
2020-05-08,3178.0,392.0,865.0,1921.0,28.0,9.0,64.0
2020-05-09,3213.0,405.0,904.0,1904.0,35.0,13.0,39.0
2020-05-10,3263.0,413.0,933.0,1917.0,50.0,8.0,29.0
2020-05-11,3284.0,421.0,958.0,1905.0,21.0,8.0,25.0
2020-05-12,3313.0,425.0,1007.0,1881.0,29.0,4.0,49.0
2020-05-13,3341.0,430.0,1102.0,1809.0,28.0,5.0,95.0
2020-05-14,3380.0,436.0,1169.0,1775.0,39.0,6.0,67.0
2020-05-15,3417.0,442.0,1287.0,1688.0,37.0,6.0,118.0
2020-05-16,3473.0,448.0,1371.0,1654.0,56.0,6.0,84.0
2020-05-17,3509.0,451.0,1396.0,1662.0,36.0,3.0,25.0
2020-05-18,3535.0,462.0,1400.0,1673.0,26.0,11.0,4.0
2020-05-19,3556.0,467.0,1412.0,1677.0,21.0,5.0,12.0
2020-05-20,3598.0,470.0,1454.0,1674.0,42.0,3.0,42.0
2020-05-21,3641.0,473.0,1509.0,1659.0,43.0,3.0,55.0
2020-05-22,3678.0,476.0,1587.0,1615.0,37.0,3.0,78.0
2020-05-23,3713.0,482.0,1655.0,1576.0,35.0,6.0,68.0
2020-05-24,3741.0,486.0,1690.0,1565.0,28.0,4.0,35.0
2020-05-25,3756.0,491.0,1711.0,1554.0,15.0,5.0,21.0
2020-05-26,3771.0,499.0,1836.0,1436.0,15.0,8.0,125.0
2020-05-27,3793.0,505.0,1856.0,1432.0,22.0,6.0,20.0
2020-05-28,3816.0,509.0,1996.0,1311.0,23.0,4.0,140.0
2020-05-29,3841.0,517.0,2024.0,1300.0,25.0,8.0,28.0
2020-05-30,3867.0,524.0,2142.0,1201.0,26.0,7.0,118.0
2020-05-31,3876.0,526.0,2147.0,1203.0,9.0,2.0,5.0
2020-06-01,3892.0,527.0,2156.0,1209.0,16.0,1.0,9.0
2020-06-02,3921.0,532.0,2160.0,1229.0,29.0,5.0,4.0
2020-06-03,3931.0,534.0,2190.0,1207.0,10.0,2.0,30.0
2020-06-04,3954.0,539.0,2205.0,1210.0,23.0,5.0,15.0
2020-06-05,3970.0,542.0,2245.0,1183.0,16.0,3.0,40.0
2020-06-06,3990.0,545.0,2279.0,1166.0,20.0,3.0,34.0
2020-06-07,4008.0,546.0,2279.0,1183.0,18.0,1.0,0.0
2020-06-08,4014.0,548.0,2284.0,1182.0,6.0,2.0,5.0
2020-06-09,4017.0,550.0,2324.0,1143.0,3.0,2.0,40.0
2020-06-10,4027.0,551.0,2355.0,1121.0,10.0,1.0,31.0
2020-06-11,4039.0,553.0,2391.0,1095.0,12.0,2.0,36.0
2020-06-12,4053.0,555.0,2447.0,1051.0,14.0,2.0,56.0
2020-06-13,4064.0,559.0,2476.0,1029.0,11.0,4.0,29.0
2020-06-14,4069.0,562.0,2482.0,1025.0,5.0,3.0,6.0
2020-06-15,4076.0,563.0,2485.0,1028.0,7.0,1.0,3.0
2020-06-16,4077.0,565.0,2516.0,996.0,1.0,2.0,31.0
2020-06-17,4078.0,567.0,2547.0,964.0,1.0,2.0,31.0
2020-06-18,4079.0,568.0,2564.0,947.0,1.0,1.0,17.0
2020-06-19,4081.0,568.0,2581.0,932.0,2.0,0.0,17.0
2020-06-20,4086.0,570.0,2585.0,931.0,5.0,2.0,4.0
2020-06-21,4094.0,570.0,2589.0,935.0,8.0,0.0,4.0
2020-06-22,4102.0,572.0,2590.0,940.0,8.0,2.0,1.0
2020-06-23,4107.0,573.0,2600.0,934.0,5.0,1.0,10.0
2020-06-24,4114.0,576.0,2618.0,920.0,7.0,3.0,18.0
2020-06-25,4123.0,577.0,2640.0,906.0,9.0,1.0,22.0
2020-06-26,4127.0,578.0,2663.0,886.0,4.0,1.0,23.0
2020-06-27,4138.0,578.0,2681.0,879.0,11.0,0.0,18.0
2020-06-28,4142.0,581.0,2685.0,876.0,4.0,3.0,4.0
2020-06-29,4145.0,585.0,2685.0,875.0,3.0,4.0,0.0
2020-06-30,4155.0,585.0,2692.0,878.0,10.0,0.0,7.0
2020-07-01,4157.0,586.0,2714.0,857.0,2.0,1.0,22.0
2020-07-02,4166.0,587.0,2721.0,858.0,9.0,1.0,7.0
2020-07-03,4172.0,588.0,2752.0,832.0,6.0,1.0,31.0
2020-07-04,4174.0,589.0,2784.0,801.0,2.0,1.0,32.0
2020-07-05,4183.0,589.0,2811.0,783.0,9.0,0.0,27.0
2020-07-06,4189.0,589.0,2860.0,740.0,6.0,0.0,49.0
2020-07-07,4205.0,589.0,2874.0,742.0,16.0,0.0,14.0
2020-07-08,4210.0,589.0,2885.0,736.0,5.0,0.0,11.0
2020-07-09,4220.0,591.0,2887.0,742.0,10.0,2.0,2.0
2020-07-10,4223.0,593.0,2941.0,689.0,3.0,2.0,54.0
2020-07-11,4229.0,595.0,2974.0,660.0,6.0,2.0,33.0
2020-07-12,4234.0,595.0,3036.0,603.0,5.0,0.0,62.0
2020-07-13,4247.0,595.0,3073.0,579.0,13.0,0.0,37.0
2020-07-14,4258.0,595.0,3106.0,557.0,11.0,0.0,33.0
2020-07-15,4263.0,595.0,3126.0,542.0,5.0,0.0,20.0
2020-07-16,4279.0,595.0,3156.0,528.0,16.0,0.0,30.0
2020-07-17,4293.0,595.0,3220.0,478.0,14.0,0.0,64.0
2020-07-18,4315.0,596.0,3222.0,497.0,22.0,1.0,2.0
2020-07-19,4333.0,596.0,3223.0,514.0,18.0,0.0,1.0
2020-07-20,4339.0,596.0,3232.0,511.0,6.0,0.0,9.0
2020-07-21,4347.0,596.0,3257.0,494.0,8.0,0.0,25.0
2020-07-22,4366.0,596.0,3283.0,487.0,19.0,0.0,26.0
2020-07-23,4380.0,596.0,3300.0,484.0,14.0,0.0,17.0
2020-07-24,4398.0,596.0,3312.0,490.0,18.0,0.0,12.0
2020-07-25,4424.0,596.0,3324.0,504.0,26.0,0.0,12.0
2020-07-26,4435.0,596.0,3329.0,510.0,11.0,0.0,5.0
2020-07-27,4448.0,596.0,3329.0,523.0,13.0,0.0,0.0
2020-07-28,4456.0,596.0,3331.0,529.0,8.0,0.0,2.0
2020-07-29,4465.0,596.0,3339.0,530.0,9.0,0.0,8.0
2020-07-30,4484.0,596.0,3346.0,542.0,19.0,0.0,7.0
2020-07-31,4505.0,596.0,3353.0,556.0,21.0,0.0,7.0
2020-08-01,4526.0,597.0,3364.0,565.0,21.0,1.0,11.0
2020-08-02,4535.0,597.0,3389.0,549.0,9.0,0.0,25.0
2020-08-03,4544.0,597.0,3413.0,534.0,9.0,0.0,24.0
2020-08-04,4553.0,598.0,3415.0,540.0,9.0,1.0,2.0
2020-08-05,4564.0,599.0,3431.0,534.0,11.0,1.0,16.0
2020-08-06,4597.0,600.0,3463.0,534.0,33.0,1.0,32.0
2020-08-07,4621.0,602.0,3464.0,555.0,24.0,2.0,1.0
2020-08-08,4653.0,602.0,3491.0,560.0,32.0,0.0,27.0
2020-08-09,4696.0,602.0,3499.0,595.0,43.0,0.0,8.0
2020-08-10,4731.0,605.0,3525.0,601.0,35.0,3.0,26.0
2020-08-11,4746.0,605.0,3527.0,614.0,15.0,0.0,2.0
2020-08-12,4768.0,605.0,3529.0,634.0,22.0,0.0,2.0
2020-08-13,4813.0,607.0,3561.0,645.0,45.0,2.0,32.0
2020-08-14,4853.0,607.0,3590.0,656.0,40.0,0.0,29.0
2020-08-15,4877.0,607.0,3606.0,664.0,24.0,0.0,16.0
2020-08-16,4916.0,608.0,3623.0,685.0,39.0,1.0,17.0
2020-08-17,4946.0,608.0,3630.0,708.0,30.0,0.0,7.0
2020-08-18,4970.0,609.0,3631.0,730.0,24.0,1.0,1.0
2020-08-19,5002.0,609.0,3665.0,728.0,32.0,0.0,34.0
2020-08-20,5046.0,609.0,3678.0,759.0,44.0,0.0,13.0
2020-08-21,5098.0,611.0,3681.0,806.0,52.0,2.0,3.0
2020-08-22,5133.0,611.0,3692.0,830.0,35.0,0.0,11.0
2020-08-23,5155.0,613.0,3695.0,847.0,22.0,2.0,3.0
2020-08-24,5191.0,613.0,3695.0,883.0,36.0,0.0,0.0
2020-08-25,5215.0,614.0,3716.0,885.0,24.0,1.0,21.0
2020-08-26,5288.0,614.0,3734.0,940.0,73.0,0.0,18.0
2020-08-27,5379.0,614.0,3757.0,1008.0,91.0,0.0,23.0
2020-08-28,5511.0,614.0,3759.0,1138.0,132.0,0.0,2.0
2020-08-29,5669.0,614.0,3759.0,1296.0,158.0,0.0,0.0
2020-08-30,5961.0,614.0,3759.0,1588.0,292.0,0.0,0.0
2020-08-31,6139.0,615.0,3761.0,1763.0,178.0,1.0,2.0
2020-09-01,6257.0,616.0,3821.0,1820.0,118.0,1.0,60.0
2020-09-02,6622.0,619.0,3903.0,2100.0,365.0,3.0,82.0
2020-09-03,6923.0,620.0,3930.0,2373.0,301.0,1.0,27.0
2020-09-04,7382.0,621.0,3944.0,2817.0,459.0,1.0,14.0
2020-09-05,7892.0,624.0,3952.0,3316.0,510.0,3.0,8.0
2020-09-06,8387.0,624.0,3958.0,3805.0,495.0,0.0,6.0
2020-09-07,8963.0,625.0,3961.0,4377.0,576.0,1.0,3.0
2020-09-08,9304.0,626.0,3972.0,4706.0,341.0,1.0,11.0
2020-09-09,9715.0,628.0,3984.0,5103.0,411.0,2.0,12.0
2020-09-10,10191.0,630.0,3990.0,5571.0,476.0,2.0,6.0
2020-09-11,10909.0,631.0,4014.0,6264.0,718.0,1.0,24.0
2020-09-12,11825.0,633.0,4058.0,7134.0,916.0,2.0,44.0
2020-09-13,12309.0,637.0,4069.0,7603.0,484.0,4.0,11.0
2020-09-14,13153.0,642.0,4117.0,8394.0,844.0,5.0,48.0
2020-09-15,13879.0,646.0,4130.0,9103.0,726.0,4.0,13.0
2020-09-16,14460.0,654.0,4153.0,9653.0,581.0,8.0,23.0
2020-09-17,15170.0,663.0,4227.0,10280.0,710.0,9.0,74.0
2020-09-18,16111.0,669.0,4240.0,11202.0,941.0,6.0,13.0
2020-09-19,16920.0,675.0,4382.0,11863.0,809.0,6.0,142.0
2020-09-20,17990.0,683.0,4391.0,12916.0,1070.0,8.0,9.0
2020-09-21,18866.0,686.0,4401.0,13779.0,876.0,3.0,10.0
2020-09-22,19499.0,694.0,4559.0,14246.0,633.0,8.0,158.0
2020-09-23,20450.0,702.0,4644.0,15104.0,951.0,8.0,85.0
2020-09-24,21200.0,709.0,4818.0,15673.0,750.0,7.0,174.0
