date,confirmed,deaths,recovered,active,new_confirmed,new_deaths,new_recovered
2020-02-28,1.0,0.0,0.0,1.0,,,
2020-02-29,1.0,0.0,0.0,1.0,0.0,0.0,0.0
2020-03-01,3.0,0.0,0.0,3.0,2.0,0.0,0.0
2020-03-02,6.0,0.0,0.0,6.0,3.0,0.0,0.0
2020-03-03,11.0,0.0,0.0,11.0,5.0,0.0,0.0
2020-03-04,26.0,0.0,0.0,26.0,15.0,0.0,0.0
2020-03-05,34.0,0.0,0.0,34.0,8.0,0.0,0.0
2020-03-06,43.0,0.0,0.0,43.0,9.0,0.0,0.0
2020-03-07,50.0,0.0,0.0,50.0,7.0,0.0,0.0
2020-03-08,50.0,0.0,0.0,50.0,0.0,0.0,0.0
2020-03-09,58.0,0.0,0.0,58.0,8.0,0.0,0.0
2020-03-10,69.0,0.0,1.0,68.0,11.0,0.0,1.0
2020-03-11,85.0,0.0,1.0,84.0,16.0,0.0,0.0
2020-03-12,103.0,0.0,1.0,102.0,18.0,0.0,0.0
2020-03-13,134.0,0.0,1.0,133.0,31.0,0.0,0.0
2020-03-14,156.0,0.0,1.0,155.0,22.0,0.0,0.0
2020-03-15,171.0,5.0,8.0,158.0,15.0,5.0,7.0
2020-03-16,180.0,0.0,0.0,180.0,9.0,-5.0,-8.0
2020-03-17,220.0,1.0,0.0,219.0,40.0,1.0,0.0
2020-03-18,250.0,1.0,5.0,244.0,30.0,0.0,5.0
2020-03-19,330.0,1.0,5.0,324.0,80.0,0.0,0.0
2020-03-20,409.0,0.0,5.0,404.0,79.0,-1.0,0.0
2020-03-21,473.0,1.0,22.0,450.0,64.0,1.0,17.0
2020-03-22,568.0,1.0,5.0,562.0,95.0,0.0,-17.0
2020-03-23,588.0,1.0,51.0,536.0,20.0,0.0,46.0
2020-03-24,648.0,2.0,51.0,595.0,60.0,1.0,0.0
2020-03-25,737.0,2.0,56.0,679.0,89.0,0.0,5.0
2020-03-26,802.0,2.0,82.0,718.0,65.0,0.0,26.0
2020-03-27,890.0,2.0,97.0,791.0,88.0,0.0,15.0
2020-03-28,963.0,2.0,114.0,847.0,73.0,0.0,17.0
2020-03-29,1020.0,2.0,135.0,883.0,57.0,0.0,21.0
2020-03-30,1086.0,2.0,157.0,927.0,66.0,0.0,22.0
2020-03-31,1135.0,2.0,198.0,935.0,49.0,0.0,41.0
2020-04-01,1220.0,2.0,225.0,993.0,85.0,0.0,27.0
2020-04-02,1319.0,4.0,284.0,1031.0,99.0,2.0,59.0
2020-04-03,1364.0,4.0,309.0,1051.0,45.0,0.0,25.0
2020-04-04,1417.0,4.0,396.0,1017.0,53.0,0.0,87.0
2020-04-05,1486.0,4.0,428.0,1054.0,69.0,0.0,32.0
2020-04-06,1562.0,6.0,460.0,1096.0,76.0,2.0,32.0
2020-04-07,1586.0,6.0,559.0,1021.0,24.0,0.0,99.0
2020-04-08,1616.0,6.0,633.0,977.0,30.0,0.0,74.0
2020-04-09,1648.0,6.0,688.0,954.0,32.0,0.0,55.0
2020-04-10,1675.0,7.0,751.0,917.0,27.0,1.0,63.0
2020-04-11,1689.0,8.0,841.0,840.0,14.0,1.0,90.0
2020-04-12,1701.0,8.0,889.0,804.0,12.0,0.0,48.0
2020-04-13,1711.0,8.0,933.0,770.0,10.0,0.0,44.0
2020-04-14,1720.0,8.0,989.0,723.0,9.0,0.0,56.0
2020-04-15,1727.0,8.0,1077.0,642.0,7.0,0.0,88.0
2020-04-16,1739.0,8.0,1144.0,587.0,12.0,0.0,67.0
2020-04-17,1754.0,9.0,1224.0,521.0,15.0,1.0,80.0
2020-04-18,1760.0,9.0,1291.0,460.0,6.0,0.0,67.0
2020-04-19,1771.0,9.0,1291.0,471.0,11.0,0.0,0.0
2020-04-20,1773.0,10.0,1362.0,401.0,2.0,1.0,71.0
2020-04-21,1778.0,10.0,1417.0,351.0,5.0,0.0,55.0
2020-04-22,1785.0,10.0,1462.0,313.0,7.0,0.0,45.0
2020-04-23,1789.0,10.0,1509.0,270.0,4.0,0.0,47.0
2020-04-24,1789.0,10.0,1542.0,237.0,0.0,0.0,33.0
2020-04-25,1790.0,10.0,1570.0,210.0,1.0,0.0,28.0
2020-04-26,1792.0,10.0,1608.0,174.0,2.0,0.0,38.0
2020-04-27,1792.0,10.0,1624.0,158.0,0.0,0.0,16.0
2020-04-28,1795.0,10.0,1636.0,149.0,3.0,0.0,12.0
2020-04-29,1797.0,10.0,1656.0,131.0,2.0,0.0,20.0
2020-04-30,1797.0,10.0,1670.0,117.0,0.0,0.0,14.0
2020-05-01,1798.0,10.0,1689.0,99.0,1.0,0.0,19.0
2020-05-02,1798.0,10.0,1706.0,82.0,0.0,0.0,17.0
2020-05-03,1799.0,10.0,1717.0,72.0,1.0,0.0,11.0
2020-05-04,1799.0,10.0,1723.0,66.0,0.0,0.0,6.0
2020-05-05,1799.0,10.0,1733.0,56.0,0.0,0.0,10.0
2020-05-06,1799.0,10.0,1750.0,39.0,0.0,0.0,17.0
2020-05-07,1801.0,10.0,1755.0,36.0,2.0,0.0,5.0
2020-05-08,1801.0,10.0,1765.0,26.0,0.0,0.0,10.0
2020-05-09,1801.0,10.0,1773.0,18.0,0.0,0.0,8.0
2020-05-10,1801.0,10.0,1773.0,18.0,0.0,0.0,0.0
2020-05-11,1801.0,10.0,1773.0,18.0,0.0,0.0,0.0
2020-05-12,1801.0,10.0,1776.0,15.0,0.0,0.0,3.0
2020-05-13,1802.0,10.0,1780.0,12.0,1.0,0.0,4.0
2020-05-14,1802.0,10.0,1780.0,12.0,0.0,0.0,0.0
2020-05-15,1802.0,10.0,1782.0,10.0,0.0,0.0,2.0
2020-05-16,1802.0,10.0,1786.0,6.0,0.0,0.0,4.0
2020-05-17,1802.0,10.0,1786.0,6.0,0.0,0.0,0.0
2020-05-18,1802.0,10.0,1786.0,6.0,0.0,0.0,0.0
2020-05-19,1802.0,10.0,1789.0,3.0,0.0,0.0,3.0
2020-05-20,1803.0,10.0,1789.0,4.0,1.0,0.0,0.0
2020-05-21,1803.0,10.0,1790.0,3.0,0.0,0.0,1.0
2020-05-22,1803.0,10.0,1791.0,2.0,0.0,0.0,1.0
2020-05-23,1804.0,10.0,1791.0,3.0,1.0,0.0,0.0
2020-05-24,1804.0,10.0,1791.0,3.0,0.0,0.0,0.0
2020-05-25,1804.0,10.0,1791.0,3.0,0.0,0.0,0.0
2020-05-26,1804.0,10.0,1792.0,2.0,0.0,0.0,1.0
2020-05-27,1805.0,10.0,1792.0,3.0,1.0,0.0,0.0
2020-05-28,1805.0,10.0,1792.0,3.0,0.0,0.0,0.0
2020-05-29,1805.0,10.0,1794.0,1.0,0.0,0.0,2.0
2020-05-30,1806.0,10.0,1794.0,2.0,1.0,0.0,0.0
2020-05-31,1806.0,10.0,1794.0,2.0,0.0,0.0,0.0
2020-06-01,1806.0,10.0,1794.0,2.0,0.0,0.0,0.0
2020-06-02,1806.0,10.0,1794.0,2.0,0.0,0.0,0.0
2020-06-03,1806.0,10.0,1794.0,2.0,0.0,0.0,0.0
2020-06-04,1806.0,10.0,1794.0,2.0,0.0,0.0,0.0
2020-06-05,1806.0,10.0,1794.0,2.0,0.0,0.0,0.0
2020-06-06,1806.0,10.0,1794.0,2.0,0.0,0.0,0.0
2020-06-07,1807.0,10.0,1794.0,3.0,1.0,0.0,0.0
2020-06-08,1807.0,10.0,1794.0,3.0,0.0,0.0,0.0
2020-06-09,1807.0,10.0,1794.0,3.0,0.0,0.0,0.0
2020-06-10,1807.0,10.0,1794.0,3.0,0.0,0.0,0.0
2020-06-11,1807.0,10.0,1794.0,3.0,0.0,0.0,0.0
2020-06-12,1807.0,10.0,1794.0,3.0,0.0,0.0,0.0
2020-06-13,1808.0,10.0,1794.0,4.0,1.0,0.0,0.0
2020-06-14,1810.0,10.0,1796.0,4.0,2.0,0.0,2.0
2020-06-15,1810.0,10.0,1796.0,4.0,0.0,0.0,0.0
2020-06-16,1812.0,10.0,1796.0,6.0,2.0,0.0,0.0
2020-06-17,1815.0,10.0,1797.0,8.0,3.0,0.0,1.0
2020-06-18,1816.0,10.0,1801.0,5.0,1.0,0.0,4.0
2020-06-19,1819.0,10.0,1801.0,8.0,3.0,0.0,0.0
2020-06-20,1822.0,10.0,1805.0,7.0,3.0,0.0,4.0
2020-06-21,1823.0,10.0,1805.0,8.0,1.0,0.0,0.0
2020-06-22,1823.0,10.0,1805.0,8.0,0.0,0.0,0.0
2020-06-23,1824.0,10.0,1806.0,8.0,1.0,0.0,1.0
2020-06-24,1824.0,10.0,1806.0,8.0,0.0,0.0,0.0
2020-06-25,1830.0,10.0,1811.0,9.0,6.0,0.0,5.0
2020-06-26,1832.0,10.0,1813.0,9.0,2.0,0.0,2.0
2020-06-27,1836.0,10.0,1814.0,12.0,4.0,0.0,1.0
2020-06-28,1838.0,10.0,1816.0,12.0,2.0,0.0,2.0
2020-06-29,1840.0,10.0,1818.0,12.0,2.0,0.0,2.0
2020-06-30,1842.0,10.0,1819.0,13.0,2.0,0.0,1.0
2020-07-01,1847.0,10.0,1823.0,14.0,5.0,0.0,4.0
2020-07-02,1850.0,10.0,1828.0,12.0,3.0,0.0,5.0
2020-07-03,1855.0,10.0,1832.0,13.0,5.0,0.0,4.0
2020-07-04,1860.0,10.0,1833.0,17.0,5.0,0.0,1.0
2020-07-05,1863.0,10.0,1833.0,20.0,3.0,0.0,0.0
2020-07-06,1866.0,10.0,1840.0,16.0,3.0,0.0,7.0
2020-07-07,1873.0,10.0,1847.0,16.0,7.0,0.0,7.0
2020-07-08,1880.0,10.0,1850.0,20.0,7.0,0.0,3.0
2020-07-09,1882.0,10.0,1854.0,18.0,2.0,0.0,4.0
2020-07-10,1886.0,10.0,1859.0,17.0,4.0,0.0,5.0
2020-07-11,1888.0,10.0,1860.0,18.0,2.0,0.0,1.0
2020-07-12,1896.0,10.0,1865.0,21.0,8.0,0.0,5.0
2020-07-13,1900.0,10.0,1871.0,19.0,4.0,0.0,6.0
2020-07-14,1905.0,10.0,1882.0,13.0,5.0,0.0,11.0
2020-07-15,1911.0,10.0,1885.0,16.0,6.0,0.0,3.0
2020-07-16,1914.0,10.0,1892.0,12.0,3.0,0.0,7.0
2020-07-17,1916.0,10.0,1895.0,11.0,2.0,0.0,3.0
2020-07-18,1922.0,10.0,1902.0,10.0,6.0,0.0,7.0
2020-07-19,1930.0,10.0,1907.0,13.0,8.0,0.0,5.0
2020-07-20,1930.0,10.0,1907.0,13.0,0.0,0.0,0.0
2020-07-21,1839.0,10.0,1821.0,8.0,-91.0,0.0,-86.0
2020-07-22,1840.0,10.0,1822.0,8.0,1.0,0.0,1.0
2020-07-23,1841.0,10.0,1823.0,8.0,1.0,0.0,1.0
2020-07-24,1843.0,10.0,1823.0,10.0,2.0,0.0,0.0
2020-07-25,1843.0,10.0,1823.0,10.0,0.0,0.0,0.0
2020-07-26,1847.0,10.0,1823.0,14.0,4.0,0.0,0.0
2020-07-27,1854.0,10.0,1823.0,21.0,7.0,0.0,0.0
2020-07-28,1857.0,10.0,1823.0,24.0,3.0,0.0,0.0
2020-07-29,1861.0,10.0,1823.0,28.0,4.0,0.0,0.0
2020-07-30,1872.0,10.0,1823.0,39.0,11.0,0.0,0.0
2020-07-31,1885.0,10.0,1825.0,50.0,13.0,0.0,2.0
2020-08-01,1893.0,10.0,1825.0,58.0,8.0,0.0,0.0
2020-08-02,1907.0,10.0,1825.0,72.0,14.0,0.0,0.0
2020-08-03,1915.0,10.0,1825.0,80.0,8.0,0.0,0.0
2020-08-04,1918.0,10.0,1825.0,83.0,3.0,0.0,0.0
2020-08-05,1926.0,10.0,1825.0,91.0,8.0,0.0,0.0
2020-08-06,1932.0,10.0,1825.0,97.0,6.0,0.0,0.0
2020-08-07,1952.0,10.0,1833.0,109.0,20.0,0.0,8.0
2020-08-08,1955.0,10.0,1833.0,112.0,3.0,0.0,0.0
2020-08-09,1958.0,10.0,1834.0,114.0,3.0,0.0,1.0
2020-08-10,1962.0,10.0,1838.0,114.0,4.0,0.0,4.0
2020-08-11,1968.0,10.0,1844.0,114.0,6.0,0.0,6.0
2020-08-12,1972.0,10.0,1847.0,115.0,4.0,0.0,3.0
2020-08-13,1976.0,10.0,1852.0,114.0,4.0,0.0,5.0
2020-08-14,1983.0,10.0,1861.0,112.0,7.0,0.0,9.0
2020-08-15,1999.0,10.0,1870.0,119.0,16.0,0.0,9.0
2020-08-16,2011.0,10.0,1880.0,121.0,12.0,0.0,10.0
2020-08-17,2014.0,10.0,1888.0,116.0,3.0,0.0,8.0
2020-08-18,2027.0,10.0,1895.0,122.0,13.0,0.0,7.0
2020-08-19,2035.0,10.0,1903.0,122.0,8.0,0.0,8.0
2020-08-20,2040.0,10.0,1913.0,117.0,5.0,0.0,10.0
2020-08-21,2050.0,10.0,1920.0,120.0,10.0,0.0,7.0
2020-08-22,2058.0,10.0,1936.0,112.0,8.0,0.0,16.0
2020-08-23,2064.0,10.0,1939.0,115.0,6.0,0.0,3.0
2020-08-24,2073.0,10.0,1946.0,117.0,9.0,0.0,7.0
2020-08-25,2077.0,10.0,1953.0,114.0,4.0,0.0,7.0
2020-08-26,2082.0,10.0,1957.0,115.0,5.0,0.0,4.0
2020-08-27,2087.0,10.0,1964.0,113.0,5.0,0.0,7.0
2020-08-28,2092.0,10.0,1964.0,118.0,5.0,0.0,0.0
2020-08-29,2100.0,10.0,1979.0,111.0,8.0,0.0,15.0
2020-08-30,2105.0,10.0,1990.0,105.0,5.0,0.0,11.0
2020-08-31,2107.0,10.0,1997.0,100.0,2.0,0.0,7.0
2020-09-01,2116.0,10.0,2007.0,99.0,9.0,0.0,10.0
2020-09-02,2121.0,10.0,2016.0,95.0,5.0,0.0,9.0
2020-09-03,2128.0,10.0,2023.0,95.0,7.0,0.0,7.0
2020-09-04,2135.0,10.0,2029.0,96.0,7.0,0.0,6.0
2020-09-05,2136.0,10.0,2038.0,88.0,1.0,0.0,9.0
2020-09-06,2141.0,10.0,2050.0,81.0,5.0,0.0,12.0
2020-09-07,2143.0,10.0,2057.0,76.0,2.0,0.0,7.0
2020-09-08,2150.0,10.0,2060.0,80.0,7.0,0.0,3.0
2020-09-09,2153.0,10.0,2067.0,76.0,3.0,0.0,7.0
2020-09-10,2157.0,10.0,2072.0,75.0,4.0,0.0,5.0
2020-09-11,2161.0,10.0,2079.0,72.0,4.0,0.0,7.0
2020-09-12,2162.0,10.0,2085.0,67.0,1.0,0.0,6.0
2020-09-13,2165.0,10.0,2092.0,63.0,3.0,0.0,7.0
2020-09-14,2168.0,10.0,2095.0,63.0,3.0,0.0,3.0
2020-09-15,2174.0,10.0,2102.0,62.0,6.0,0.0,7.0
2020-09-16,2189.0,10.0,2104.0,75.0,15.0,0.0,2.0
2020-09-17,2206.0,10.0,2112.0,84.0,17.0,0.0,8.0
2020-09-18,2230.0,10.0,2112.0,108.0,24.0,0.0,0.0
2020-09-19,2307.0,10.0,2116.0,181.0,77.0,0.0,4.0
2020-09-20,2307.0,10.0,2116.0,181.0,0.0,0.0,0.0
2020-09-21,2377.0,10.0,2125.0,242.0,70.0,0.0,9.0
2020-09-22,2419.0,10.0,2130.0,279.0,42.0,0.0,5.0
2020-09-23,2476.0,10.0,2142.0,324.0,57.0,0.0,12.0
2020-09-24,2512.0,10.0,2150.0,352.0,36.0,0.0,8.0
2020-09-25,2561.0,10.0,2151.0,400.0,49.0,0.0,1.0
2020-09-26,2601.0,10.0,2156.0,435.0,40.0,0.0,5.0
2020-09-27,2623.0,10.0,2158.0,455.0,22.0,0.0,2.0
2020-09-28,2663.0,10.0,2161.0,492.0,40.0,0.0,3.0
2020-09-29,2695.0,10.0,2162.0,523.0,32.0,0.0,1.0
2020-09-30,2728.0,10.0,2167.0,551.0,33.0,0.0,5.0
2020-10-01,2769.0,10.0,2177.0,582.0,41.0,0.0,10.0
2020-10-02,2809.0,10.0,2194.0,605.0,40.0,0.0,17.0
2020-10-03,2872.0,10.0,2212.0,650.0,63.0,0.0,18.0
2020-10-04,2921.0,10.0,2277.0,634.0,49.0,0.0,65.0
2020-10-05,2980.0,10.0,2300.0,670.0,59.0,0.0,23.0
2020-10-06,3081.0,10.0,2324.0,747.0,101.0,0.0,24.0
2020-10-07,3172.0,10.0,2366.0,796.0,91.0,0.0,42.0
2020-10-08,3267.0,10.0,2411.0,846.0,95.0,0.0,45.0
