date,confirmed,deaths,recovered,active,new_confirmed,new_deaths,new_recovered
2020-02-19,2.0,2.0,0.0,0.0,,,
2020-02-20,5.0,2.0,0.0,3.0,3.0,0.0,0.0
2020-02-21,18.0,4.0,0.0,14.0,13.0,2.0,0.0
2020-02-22,28.0,5.0,0.0,23.0,10.0,1.0,0.0
2020-02-23,43.0,8.0,0.0,35.0,15.0,3.0,0.0
2020-02-24,61.0,12.0,0.0,49.0,18.0,4.0,0.0
2020-02-25,95.0,16.0,0.0,79.0,34.0,4.0,0.0
2020-02-26,139.0,19.0,49.0,71.0,44.0,3.0,49.0
2020-02-27,245.0,26.0,49.0,170.0,106.0,7.0,0.0
2020-02-28,388.0,34.0,73.0,281.0,143.0,8.0,24.0
2020-02-29,593.0,43.0,123.0,427.0,205.0,9.0,50.0
2020-03-01,978.0,54.0,175.0,749.0,385.0,11.0,52.0
2020-03-02,1501.0,66.0,291.0,1144.0,523.0,12.0,116.0
2020-03-03,2336.0,77.0,291.0,1968.0,835.0,11.0,0.0
2020-03-04,2922.0,92.0,552.0,2278.0,586.0,15.0,261.0
2020-03-05,3513.0,107.0,739.0,2667.0,591.0,15.0,187.0
2020-03-06,4747.0,124.0,913.0,3710.0,1234.0,17.0,174.0
2020-03-07,5823.0,145.0,1669.0,4009.0,1076.0,21.0,756.0
2020-03-08,6566.0,194.0,2134.0,4238.0,743.0,49.0,465.0
2020-03-09,7161.0,237.0,2394.0,4530.0,595.0,43.0,260.0
2020-03-10,8042.0,291.0,2731.0,5020.0,881.0,54.0,337.0
2020-03-11,9000.0,354.0,2959.0,5687.0,958.0,63.0,228.0
2020-03-12,10075.0,429.0,2959.0,6687.0,1075.0,75.0,0.0
2020-03-13,11364.0,514.0,2959.0,7891.0,1289.0,85.0,0.0
2020-03-14,12729.0,611.0,2959.0,9159.0,1365.0,97.0,0.0
2020-03-15,13938.0,724.0,4590.0,8624.0,1209.0,113.0,1631.0
2020-03-16,14991.0,853.0,4590.0,9548.0,1053.0,129.0,0.0
2020-03-17,16169.0,988.0,5389.0,9792.0,1178.0,135.0,799.0
2020-03-18,17361.0,1135.0,5389.0,10837.0,1192.0,147.0,0.0
2020-03-19,18407.0,1284.0,5710.0,11413.0,1046.0,149.0,321.0
2020-03-20,19644.0,1433.0,6745.0,11466.0,1237.0,149.0,1035.0
2020-03-21,20610.0,1556.0,7635.0,11419.0,966.0,123.0,890.0
2020-03-22,21638.0,1685.0,7635.0,12318.0,1028.0,129.0,0.0
2020-03-23,23049.0,1812.0,8376.0,12861.0,1411.0,127.0,741.0
2020-03-24,24811.0,1934.0,8913.0,13964.0,1762.0,122.0,537.0
2020-03-25,27017.0,2077.0,9625.0,15315.0,2206.0,143.0,712.0
2020-03-26,29406.0,2234.0,10457.0,16715.0,2389.0,157.0,832.0
2020-03-27,32332.0,2378.0,11133.0,18821.0,2926.0,144.0,676.0
2020-03-28,35408.0,2517.0,11679.0,21212.0,3076.0,139.0,546.0
2020-03-29,38309.0,2640.0,12391.0,23278.0,2901.0,123.0,712.0
2020-03-30,41495.0,2757.0,13911.0,24827.0,3186.0,117.0,1520.0
2020-03-31,44605.0,2898.0,14656.0,27051.0,3110.0,141.0,745.0
2020-04-01,47593.0,3036.0,15473.0,29084.0,2988.0,138.0,817.0
2020-04-02,50468.0,3160.0,16711.0,30597.0,2875.0,124.0,1238.0
2020-04-03,53183.0,3294.0,17935.0,31954.0,2715.0,134.0,1224.0
2020-04-04,55743.0,3452.0,19736.0,32555.0,2560.0,158.0,1801.0
2020-04-05,58226.0,3603.0,19736.0,34887.0,2483.0,151.0,0.0
2020-04-06,60500.0,3739.0,24236.0,32525.0,2274.0,136.0,4500.0
2020-04-07,62589.0,3872.0,27039.0,31678.0,2089.0,133.0,2803.0
2020-04-08,64586.0,3993.0,29812.0,30781.0,1997.0,121.0,2773.0
2020-04-09,66220.0,4110.0,32309.0,29801.0,1634.0,117.0,2497.0
2020-04-10,68192.0,4232.0,35465.0,28495.0,1972.0,122.0,3156.0
2020-04-11,70029.0,4357.0,41947.0,23725.0,1837.0,125.0,6482.0
2020-04-12,71686.0,4474.0,43894.0,23318.0,1657.0,117.0,1947.0
2020-04-13,73303.0,4585.0,45983.0,22735.0,1617.0,111.0,2089.0
2020-04-14,74877.0,4683.0,48129.0,22065.0,1574.0,98.0,2146.0
2020-04-15,76389.0,4777.0,49933.0,21679.0,1512.0,94.0,1804.0
2020-04-16,77995.0,4869.0,52229.0,20897.0,1606.0,92.0,2296.0
2020-04-17,79494.0,4958.0,54064.0,20472.0,1499.0,89.0,1835.0
2020-04-18,80868.0,5031.0,55987.0,19850.0,1374.0,73.0,1923.0
2020-04-19,82211.0,5118.0,57023.0,20070.0,1343.0,87.0,1036.0
2020-04-20,83505.0,5209.0,59273.0,19023.0,1294.0,91.0,2250.0
2020-04-21,84802.0,5297.0,60965.0,18540.0,1297.0,88.0,1692.0
2020-04-22,85996.0,5391.0,63113.0,17492.0,1194.0,94.0,2148.0
2020-04-23,87026.0,5481.0,64843.0,16702.0,1030.0,90.0,1730.0
2020-04-24,88194.0,5574.0,66599.0,16021.0,1168.0,93.0,1756.0
2020-04-25,89328.0,5650.0,68193.0,15485.0,1134.0,76.0,1594.0
2020-04-26,90481.0,5710.0,69657.0,15114.0,1153.0,60.0,1464.0
2020-04-27,91472.0,5806.0,70933.0,14733.0,991.0,96.0,1276.0
2020-04-28,92584.0,5877.0,72439.0,14268.0,1112.0,71.0,1506.0
2020-04-29,93657.0,5957.0,73791.0,13909.0,1073.0,80.0,1352.0
2020-04-30,94640.0,6028.0,75103.0,13509.0,983.0,71.0,1312.0
2020-05-01,95646.0,6091.0,76318.0,13237.0,1006.0,63.0,1215.0
2020-05-02,96448.0,6156.0,77350.0,12942.0,802.0,65.0,1032.0
2020-05-03,97424.0,6203.0,78422.0,12799.0,976.0,47.0,1072.0
2020-05-04,98647.0,6277.0,79379.0,12991.0,1223.0,74.0,957.0
2020-05-05,99970.0,6340.0,80475.0,13155.0,1323.0,63.0,1096.0
2020-05-06,101650.0,6418.0,81587.0,13645.0,1680.0,78.0,1112.0
2020-05-07,103135.0,6486.0,82744.0,13905.0,1485.0,68.0,1157.0
2020-05-08,104691.0,6541.0,83837.0,14313.0,1556.0,55.0,1093.0
2020-05-09,106220.0,6589.0,85064.0,14567.0,1529.0,48.0,1227.0
2020-05-10,107603.0,6640.0,86143.0,14820.0,1383.0,51.0,1079.0
2020-05-11,109286.0,6685.0,87422.0,15179.0,1683.0,45.0,1279.0
2020-05-12,110767.0,6733.0,88357.0,15677.0,1481.0,48.0,935.0
2020-05-13,112725.0,6783.0,89428.0,16514.0,1958.0,50.0,1071.0
2020-05-14,114533.0,6854.0,90539.0,17140.0,1808.0,71.0,1111.0
2020-05-15,116635.0,6902.0,91836.0,17897.0,2102.0,48.0,1297.0
2020-05-16,118392.0,6937.0,93147.0,18308.0,1757.0,35.0,1311.0
2020-05-17,120198.0,6988.0,94464.0,18746.0,1806.0,51.0,1317.0
2020-05-18,122492.0,7057.0,95661.0,19774.0,2294.0,69.0,1197.0
2020-05-19,124603.0,7119.0,97173.0,20311.0,2111.0,62.0,1512.0
2020-05-20,126949.0,7183.0,98808.0,20958.0,2346.0,64.0,1635.0
2020-05-21,129341.0,7249.0,100564.0,21528.0,2392.0,66.0,1756.0
2020-05-22,131652.0,7300.0,102276.0,22076.0,2311.0,51.0,1712.0
2020-05-23,133521.0,7359.0,104072.0,22090.0,1869.0,59.0,1796.0
2020-05-24,135701.0,7417.0,105801.0,22483.0,2180.0,58.0,1729.0
2020-05-25,137724.0,7451.0,107713.0,22560.0,2023.0,34.0,1912.0
2020-05-26,139511.0,7508.0,109437.0,22566.0,1787.0,57.0,1724.0
2020-05-27,141591.0,7564.0,111176.0,22851.0,2080.0,56.0,1739.0
2020-05-28,143849.0,7627.0,112988.0,23234.0,2258.0,63.0,1812.0
2020-05-29,146668.0,7677.0,114931.0,24060.0,2819.0,50.0,1943.0
2020-05-30,148950.0,7734.0,116827.0,24389.0,2282.0,57.0,1896.0
2020-05-31,151466.0,7797.0,118848.0,24821.0,2516.0,63.0,2021.0
2020-06-01,154445.0,7878.0,121004.0,25563.0,2979.0,81.0,2156.0
2020-06-02,157562.0,7942.0,123077.0,26543.0,3117.0,64.0,2073.0
2020-06-03,160696.0,8012.0,125206.0,27478.0,3134.0,70.0,2129.0
2020-06-04,164270.0,8071.0,127485.0,28714.0,3574.0,59.0,2279.0
2020-06-05,167156.0,8134.0,129741.0,29281.0,2886.0,63.0,2256.0
2020-06-06,169425.0,8209.0,132038.0,29178.0,2269.0,75.0,2297.0
2020-06-07,171789.0,8281.0,134349.0,29159.0,2364.0,72.0,2311.0
2020-06-08,173832.0,8351.0,136360.0,29121.0,2043.0,70.0,2011.0
2020-06-09,175927.0,8425.0,138457.0,29045.0,2095.0,74.0,2097.0
2020-06-10,177938.0,8506.0,140590.0,28842.0,2011.0,81.0,2133.0
2020-06-11,180156.0,8584.0,142663.0,28909.0,2218.0,78.0,2073.0
2020-06-12,182525.0,8659.0,144649.0,29217.0,2369.0,75.0,1986.0
2020-06-13,184955.0,8730.0,146748.0,29477.0,2430.0,71.0,2099.0
2020-06-14,187427.0,8837.0,148674.0,29916.0,2472.0,107.0,1926.0
2020-06-15,189876.0,8950.0,150590.0,30336.0,2449.0,113.0,1916.0
2020-06-16,192439.0,9065.0,152675.0,30699.0,2563.0,115.0,2085.0
2020-06-17,195051.0,9185.0,154812.0,31054.0,2612.0,120.0,2137.0
2020-06-18,197647.0,9272.0,156991.0,31384.0,2596.0,87.0,2179.0
2020-06-19,200262.0,9392.0,159192.0,31678.0,2615.0,120.0,2201.0
2020-06-20,202584.0,9507.0,161384.0,31693.0,2322.0,115.0,2192.0
2020-06-21,204952.0,9623.0,163591.0,31738.0,2368.0,116.0,2207.0
2020-06-22,207525.0,9742.0,166427.0,31356.0,2573.0,119.0,2836.0
2020-06-23,209970.0,9863.0,169160.0,30947.0,2445.0,121.0,2733.0
2020-06-24,212501.0,9996.0,172096.0,30409.0,2531.0,133.0,2936.0
2020-06-25,215096.0,10130.0,175103.0,29863.0,2595.0,134.0,3007.0
2020-06-26,217724.0,10239.0,177852.0,29633.0,2628.0,109.0,2749.0
2020-06-27,220180.0,10364.0,180661.0,29155.0,2456.0,125.0,2809.0
2020-06-28,222669.0,10508.0,183310.0,28851.0,2489.0,144.0,2649.0
2020-06-29,225205.0,10670.0,186180.0,28355.0,2536.0,162.0,2870.0
2020-06-30,227662.0,10817.0,188758.0,28087.0,2457.0,147.0,2578.0
2020-07-01,230211.0,10958.0,191487.0,27766.0,2549.0,141.0,2729.0
2020-07-02,232863.0,11106.0,194098.0,27659.0,2652.0,148.0,2611.0
2020-07-03,235429.0,11260.0,196446.0,27723.0,2566.0,154.0,2348.0
2020-07-04,237878.0,11408.0,198949.0,27521.0,2449.0,148.0,2503.0
2020-07-05,240438.0,11571.0,201330.0,27537.0,2560.0,163.0,2381.0
2020-07-06,243051.0,11731.0,204083.0,27237.0,2613.0,160.0,2753.0
2020-07-07,245688.0,11931.0,207000.0,26757.0,2637.0,200.0,2917.0
2020-07-08,248379.0,12084.0,209463.0,26832.0,2691.0,153.0,2463.0
2020-07-09,250458.0,12305.0,212176.0,25977.0,2079.0,221.0,2713.0
2020-07-10,252720.0,12447.0,215015.0,25258.0,2262.0,142.0,2839.0
2020-07-11,255117.0,12635.0,217666.0,24816.0,2397.0,188.0,2651.0
2020-07-12,257303.0,12829.0,219993.0,24481.0,2186.0,194.0,2327.0
2020-07-13,259652.0,13032.0,222539.0,24081.0,2349.0,203.0,2546.0
2020-07-14,262173.0,13211.0,225270.0,23692.0,2521.0,179.0,2731.0
2020-07-15,264561.0,13410.0,227561.0,23590.0,2388.0,199.0,2291.0
2020-07-16,267061.0,13608.0,230608.0,22845.0,2500.0,198.0,3047.0
2020-07-17,269440.0,13791.0,232873.0,22776.0,2379.0,183.0,2265.0
2020-07-18,271606.0,13979.0,235300.0,22327.0,2166.0,188.0,2427.0
2020-07-19,273788.0,14188.0,237788.0,21812.0,2182.0,209.0,2488.0
2020-07-20,276202.0,14405.0,240087.0,21710.0,2414.0,217.0,2299.0
2020-07-21,278827.0,14634.0,242351.0,21842.0,2625.0,229.0,2264.0
2020-07-22,281413.0,14853.0,244840.0,21720.0,2586.0,219.0,2489.0
2020-07-23,284034.0,15074.0,247230.0,21730.0,2621.0,221.0,2390.0
2020-07-24,286523.0,15289.0,249212.0,22022.0,2489.0,215.0,1982.0
2020-07-25,288839.0,15484.0,251319.0,22036.0,2316.0,195.0,2107.0
2020-07-26,291172.0,15700.0,253213.0,22259.0,2333.0,216.0,1894.0
2020-07-27,293606.0,15912.0,255144.0,22550.0,2434.0,212.0,1931.0
2020-07-28,296273.0,16147.0,257019.0,23107.0,2667.0,235.0,1875.0
2020-07-29,298909.0,16343.0,259116.0,23450.0,2636.0,196.0,2097.0
2020-07-30,301530.0,16569.0,261200.0,23761.0,2621.0,226.0,2084.0
2020-07-31,304204.0,16766.0,263519.0,23919.0,2674.0,197.0,2319.0
2020-08-01,306752.0,16982.0,265830.0,23940.0,2548.0,216.0,2311.0
2020-08-02,309437.0,17190.0,268102.0,24145.0,2685.0,208.0,2272.0
2020-08-03,312035.0,17405.0,270228.0,24402.0,2598.0,215.0,2126.0
2020-08-04,314786.0,17617.0,272535.0,24634.0,2751.0,212.0,2307.0
2020-08-05,317483.0,17802.0,274932.0,24749.0,2697.0,185.0,2397.0
2020-08-06,320117.0,17976.0,277463.0,24678.0,2634.0,174.0,2531.0
2020-08-07,322567.0,18132.0,279724.0,24711.0,2450.0,156.0,2261.0
2020-08-08,324692.0,18264.0,282122.0,24306.0,2125.0,132.0,2398.0
2020-08-09,326712.0,18427.0,284371.0,23914.0,2020.0,163.0,2249.0
2020-08-10,328844.0,18616.0,286642.0,23586.0,2132.0,189.0,2271.0
2020-08-11,331189.0,18800.0,288620.0,23769.0,2345.0,184.0,1978.0
2020-08-12,333699.0,18988.0,290244.0,24467.0,2510.0,188.0,1624.0
2020-08-13,336324.0,19162.0,292058.0,25104.0,2625.0,174.0,1814.0
2020-08-14,338825.0,19331.0,293811.0,25683.0,2501.0,169.0,1753.0
2020-08-15,341070.0,19492.0,295630.0,25948.0,2245.0,161.0,1819.0
2020-08-16,343203.0,19639.0,297486.0,26078.0,2133.0,147.0,1856.0
2020-08-17,345450.0,19804.0,299157.0,26489.0,2247.0,165.0,1671.0
2020-08-18,347835.0,19972.0,300881.0,26982.0,2385.0,168.0,1724.0
2020-08-19,350279.0,20125.0,302528.0,27626.0,2444.0,153.0,1647.0
2020-08-20,352558.0,20264.0,304236.0,28058.0,2279.0,139.0,1708.0
2020-08-21,354764.0,20376.0,305866.0,28522.0,2206.0,112.0,1630.0
2020-08-22,356792.0,20502.0,307702.0,28588.0,2028.0,126.0,1836.0
2020-08-23,358905.0,20643.0,309464.0,28798.0,2113.0,141.0,1762.0
2020-08-24,361150.0,20776.0,311365.0,29009.0,2245.0,133.0,1901.0
2020-08-25,363363.0,20901.0,313058.0,29404.0,2213.0,125.0,1693.0
2020-08-26,365606.0,21020.0,314870.0,29716.0,2243.0,119.0,1812.0
2020-08-27,367796.0,21137.0,316638.0,30021.0,2190.0,117.0,1768.0
2020-08-28,369911.0,21249.0,318270.0,30392.0,2115.0,112.0,1632.0
2020-08-29,371816.0,21359.0,319847.0,30610.0,1905.0,110.0,1577.0
2020-08-30,373570.0,21462.0,321421.0,30687.0,1754.0,103.0,1574.0
2020-08-31,375212.0,21571.0,323233.0,30408.0,1642.0,109.0,1812.0
2020-09-01,376894.0,21672.0,325124.0,30098.0,1682.0,101.0,1891.0
2020-09-02,378752.0,21797.0,326801.0,30154.0,1858.0,125.0,1677.0
2020-09-03,380746.0,21926.0,328595.0,30225.0,1994.0,129.0,1794.0
2020-09-04,382772.0,22044.0,330308.0,30420.0,2026.0,118.0,1713.0
2020-09-05,384666.0,22154.0,332131.0,30381.0,1894.0,110.0,1823.0
2020-09-06,386658.0,22293.0,333900.0,30465.0,1992.0,139.0,1769.0
2020-09-07,388810.0,22410.0,335572.0,30828.0,2152.0,117.0,1672.0
2020-09-08,391112.0,22542.0,337414.0,31156.0,2302.0,132.0,1842.0
2020-09-09,393425.0,22669.0,339111.0,31645.0,2313.0,127.0,1697.0
2020-09-10,395488.0,22798.0,340842.0,31848.0,2063.0,129.0,1731.0
2020-09-11,397801.0,22913.0,342539.0,32349.0,2313.0,115.0,1697.0
2020-09-12,399940.0,23029.0,344516.0,32395.0,2139.0,116.0,1977.0
2020-09-13,402029.0,23157.0,346242.0,32630.0,2089.0,128.0,1726.0
2020-09-14,404648.0,23313.0,348013.0,33322.0,2619.0,156.0,1771.0
2020-09-15,407353.0,23453.0,349984.0,33916.0,2705.0,140.0,1971.0
2020-09-16,410334.0,23632.0,352019.0,34683.0,2981.0,179.0,2035.0
2020-09-17,413149.0,23808.0,353848.0,35493.0,2815.0,176.0,1829.0
2020-09-18,416198.0,23952.0,355505.0,36741.0,3049.0,144.0,1657.0
2020-09-19,419043.0,24118.0,357632.0,37293.0,2845.0,166.0,2127.0
2020-09-20,422140.0,24301.0,359570.0,38269.0,3097.0,183.0,1938.0
2020-09-21,425481.0,24478.0,361523.0,39480.0,3341.0,177.0,1953.0
2020-09-22,429193.0,24656.0,363737.0,40800.0,3712.0,178.0,2214.0
2020-09-23,432798.0,24840.0,365846.0,42112.0,3605.0,184.0,2109.0
2020-09-24,436319.0,25015.0,367829.0,43475.0,3521.0,175.0,1983.0
2020-09-25,439882.0,25222.0,369842.0,44818.0,3563.0,207.0,2013.0
2020-09-26,443086.0,25394.0,372051.0,45641.0,3204.0,172.0,2209.0
2020-09-27,446448.0,25589.0,374170.0,46689.0,3362.0,195.0,2119.0
2020-09-28,449960.0,25779.0,376531.0,47650.0,3512.0,190.0,2361.0
2020-09-29,453637.0,25986.0,378727.0,48924.0,3677.0,207.0,2196.0
2020-09-30,457219.0,26169.0,380956.0,50094.0,3582.0,183.0,2229.0
2020-10-01,461044.0,26380.0,383368.0,51296.0,3825.0,211.0,2412.0
2020-10-02,464596.0,26567.0,385264.0,52765.0,3552.0,187.0,1896.0
2020-10-03,468119.0,26746.0,387675.0,53698.0,3523.0,179.0,2411.0
2020-10-04,471772.0,26957.0,389966.0,54849.0,3653.0,211.0,2291.0
2020-10-05,475674.0,27192.0,392293.0,56189.0,3902.0,235.0,2327.0
2020-10-06,479825.0,27419.0,394800.0,57606.0,4151.0,227.0,2507.0
2020-10-07,483844.0,27658.0,397109.0,59077.0,4019.0,239.0,2309.0
