date,confirmed,deaths,recovered,active,new_confirmed,new_deaths,new_recovered
2020-02-23,0.0,0.0,0.0,0.0,,,
2020-02-24,1.0,0.0,0.0,1.0,1.0,0.0,0.0
2020-02-25,1.0,0.0,0.0,1.0,0.0,0.0,0.0
2020-02-26,5.0,0.0,0.0,5.0,4.0,0.0,0.0
2020-02-27,7.0,0.0,0.0,7.0,2.0,0.0,0.0
2020-02-28,7.0,0.0,0.0,7.0,0.0,0.0,0.0
2020-02-29,13.0,0.0,0.0,13.0,6.0,0.0,0.0
2020-03-01,19.0,0.0,0.0,19.0,6.0,0.0,0.0
2020-03-02,26.0,0.0,0.0,26.0,7.0,0.0,0.0
2020-03-03,32.0,0.0,0.0,32.0,6.0,0.0,0.0
2020-03-04,35.0,2.0,0.0,33.0,3.0,2.0,0.0
2020-03-05,35.0,2.0,0.0,33.0,0.0,0.0,0.0
2020-03-06,40.0,3.0,0.0,37.0,5.0,1.0,0.0
2020-03-07,54.0,4.0,0.0,50.0,14.0,1.0,0.0
2020-03-08,60.0,6.0,0.0,54.0,6.0,2.0,0.0
2020-03-09,60.0,6.0,9.0,45.0,0.0,0.0,9.0
2020-03-10,71.0,7.0,3.0,61.0,11.0,1.0,-6.0
2020-03-11,71.0,7.0,15.0,49.0,0.0,0.0,12.0
2020-03-12,71.0,8.0,15.0,48.0,0.0,1.0,0.0
2020-03-13,101.0,9.0,24.0,68.0,30.0,1.0,9.0
2020-03-14,110.0,10.0,26.0,74.0,9.0,1.0,2.0
2020-03-15,116.0,10.0,26.0,80.0,6.0,0.0,0.0
2020-03-16,124.0,10.0,26.0,88.0,8.0,0.0,0.0
2020-03-17,154.0,11.0,32.0,111.0,30.0,1.0,6.0
2020-03-18,164.0,12.0,43.0,109.0,10.0,1.0,11.0
2020-03-19,192.0,13.0,43.0,136.0,28.0,1.0,0.0
2020-03-20,208.0,17.0,49.0,142.0,16.0,4.0,6.0
2020-03-21,214.0,17.0,51.0,146.0,6.0,0.0,2.0
2020-03-22,233.0,20.0,57.0,156.0,19.0,3.0,6.0
2020-03-23,266.0,23.0,62.0,181.0,33.0,3.0,5.0
2020-03-24,316.0,27.0,75.0,214.0,50.0,4.0,13.0
2020-03-25,346.0,29.0,103.0,214.0,30.0,2.0,28.0
2020-03-26,382.0,36.0,105.0,241.0,36.0,7.0,2.0
2020-03-27,458.0,40.0,122.0,296.0,76.0,4.0,17.0
2020-03-28,506.0,42.0,131.0,333.0,48.0,2.0,9.0
2020-03-29,547.0,42.0,143.0,362.0,41.0,0.0,12.0
2020-03-30,630.0,46.0,152.0,432.0,83.0,4.0,9.0
2020-03-31,694.0,50.0,170.0,474.0,64.0,4.0,18.0
2020-04-01,728.0,52.0,182.0,494.0,34.0,2.0,12.0
2020-04-02,772.0,54.0,202.0,516.0,44.0,2.0,20.0
2020-04-03,820.0,54.0,226.0,540.0,48.0,0.0,24.0
2020-04-04,878.0,56.0,259.0,563.0,58.0,2.0,33.0
2020-04-05,961.0,61.0,279.0,621.0,83.0,5.0,20.0
2020-04-06,1031.0,64.0,344.0,623.0,70.0,3.0,65.0
2020-04-07,1122.0,65.0,373.0,684.0,91.0,1.0,29.0
2020-04-08,1202.0,69.0,452.0,681.0,80.0,4.0,79.0
2020-04-09,1232.0,69.0,496.0,667.0,30.0,0.0,44.0
2020-04-10,1279.0,70.0,550.0,659.0,47.0,1.0,54.0
2020-04-11,1318.0,72.0,601.0,645.0,39.0,2.0,51.0
2020-04-12,1352.0,76.0,640.0,636.0,34.0,4.0,39.0
2020-04-13,1378.0,78.0,717.0,583.0,26.0,2.0,77.0
2020-04-14,1400.0,78.0,766.0,556.0,22.0,0.0,49.0
2020-04-15,1415.0,79.0,812.0,524.0,15.0,1.0,46.0
2020-04-16,1434.0,80.0,856.0,498.0,19.0,1.0,44.0
2020-04-17,1482.0,81.0,906.0,495.0,48.0,1.0,50.0
2020-04-18,1513.0,82.0,953.0,478.0,31.0,1.0,47.0
2020-04-19,1539.0,82.0,1009.0,448.0,26.0,0.0,56.0
2020-04-20,1574.0,82.0,1043.0,449.0,35.0,0.0,34.0
2020-04-21,1602.0,83.0,1096.0,423.0,28.0,1.0,53.0
2020-04-22,1631.0,83.0,1146.0,402.0,29.0,0.0,50.0
2020-04-23,1677.0,83.0,1171.0,423.0,46.0,0.0,25.0
2020-04-24,1708.0,86.0,1204.0,418.0,31.0,3.0,33.0
2020-04-25,1763.0,86.0,1224.0,453.0,55.0,0.0,20.0
2020-04-26,1820.0,87.0,1263.0,470.0,57.0,1.0,39.0
2020-04-27,1847.0,88.0,1286.0,473.0,27.0,1.0,23.0
2020-04-28,1928.0,90.0,1319.0,519.0,81.0,2.0,33.0
2020-04-29,2003.0,92.0,1346.0,565.0,75.0,2.0,27.0
2020-04-30,2085.0,93.0,1375.0,617.0,82.0,1.0,29.0
2020-05-01,2153.0,94.0,1414.0,645.0,68.0,1.0,39.0
2020-05-02,2219.0,95.0,1473.0,651.0,66.0,1.0,59.0
2020-05-03,2296.0,97.0,1490.0,709.0,77.0,2.0,17.0
2020-05-04,2346.0,98.0,1544.0,704.0,50.0,1.0,54.0
2020-05-05,2431.0,102.0,1571.0,758.0,85.0,4.0,27.0
2020-05-06,2480.0,102.0,1602.0,776.0,49.0,0.0,31.0
2020-05-07,2543.0,102.0,1626.0,815.0,63.0,0.0,24.0
2020-05-08,2603.0,104.0,1661.0,838.0,60.0,2.0,35.0
2020-05-09,2679.0,107.0,1702.0,870.0,76.0,3.0,41.0
2020-05-10,2767.0,109.0,1734.0,924.0,88.0,2.0,32.0
2020-05-11,2818.0,110.0,1790.0,918.0,51.0,1.0,56.0
2020-05-12,2913.0,112.0,1903.0,898.0,95.0,2.0,113.0
2020-05-13,3032.0,115.0,1966.0,951.0,119.0,3.0,63.0
2020-05-14,3143.0,115.0,2028.0,1000.0,111.0,0.0,62.0
2020-05-15,3193.0,117.0,2089.0,987.0,50.0,2.0,61.0
2020-05-16,3260.0,121.0,2126.0,1013.0,67.0,4.0,37.0
2020-05-17,3404.0,123.0,2218.0,1063.0,144.0,2.0,92.0
2020-05-18,3554.0,127.0,2310.0,1117.0,150.0,4.0,92.0
2020-05-19,3611.0,131.0,2366.0,1114.0,57.0,4.0,56.0
2020-05-20,3724.0,134.0,2438.0,1152.0,113.0,3.0,72.0
2020-05-21,3877.0,140.0,2483.0,1254.0,153.0,6.0,45.0
2020-05-22,3964.0,147.0,2532.0,1285.0,87.0,7.0,49.0
2020-05-23,4272.0,152.0,2585.0,1535.0,308.0,5.0,53.0
2020-05-24,4469.0,160.0,2738.0,1571.0,197.0,8.0,153.0
2020-05-25,4632.0,163.0,2811.0,1658.0,163.0,3.0,73.0
2020-05-26,4848.0,169.0,2852.0,1827.0,216.0,6.0,41.0
2020-05-27,5135.0,175.0,2904.0,2056.0,287.0,6.0,52.0
2020-05-28,5457.0,179.0,2971.0,2307.0,322.0,4.0,67.0
2020-05-29,5873.0,185.0,3044.0,2644.0,416.0,6.0,73.0
2020-05-30,6179.0,195.0,3110.0,2874.0,306.0,10.0,66.0
2020-05-31,6439.0,205.0,3156.0,3078.0,260.0,10.0,46.0
2020-06-01,6868.0,215.0,3275.0,3378.0,429.0,10.0,119.0
2020-06-02,7387.0,235.0,3508.0,3644.0,519.0,20.0,233.0
2020-06-03,8168.0,256.0,4095.0,3817.0,781.0,21.0,587.0
2020-06-04,8840.0,271.0,4338.0,4231.0,672.0,15.0,243.0
2020-06-05,9846.0,285.0,4573.0,4988.0,1006.0,14.0,235.0
2020-06-06,11098.0,318.0,4904.0,5876.0,1252.0,33.0,331.0
2020-06-07,12366.0,346.0,5186.0,6834.0,1268.0,28.0,282.0
2020-06-08,13481.0,370.0,5572.0,7539.0,1115.0,24.0,386.0
2020-06-09,14268.0,392.0,5831.0,8045.0,787.0,22.0,259.0
2020-06-10,15414.0,426.0,6214.0,8774.0,1146.0,34.0,383.0
2020-06-11,16675.0,457.0,6568.0,9650.0,1261.0,31.0,354.0
2020-06-12,17770.0,496.0,6868.0,10406.0,1095.0,39.0,300.0
2020-06-13,18950.0,549.0,7515.0,10886.0,1180.0,53.0,647.0
2020-06-14,20209.0,607.0,8121.0,11481.0,1259.0,58.0,606.0
2020-06-15,21315.0,652.0,9271.0,11392.0,1106.0,45.0,1150.0
2020-06-16,22700.0,712.0,9862.0,12126.0,1385.0,60.0,591.0
2020-06-17,24254.0,773.0,10770.0,12711.0,1554.0,61.0,908.0
2020-06-18,25717.0,856.0,11333.0,13528.0,1463.0,83.0,563.0
2020-06-19,27352.0,925.0,12205.0,14222.0,1635.0,69.0,872.0
2020-06-20,29222.0,1013.0,13211.0,14998.0,1870.0,88.0,1006.0
2020-06-21,30868.0,1100.0,13935.0,15833.0,1646.0,87.0,724.0
2020-06-22,32676.0,1167.0,14785.0,16724.0,1808.0,67.0,850.0
2020-06-23,34502.0,1251.0,15753.0,17498.0,1826.0,84.0,968.0
2020-06-24,36702.0,1330.0,16814.0,18558.0,2200.0,79.0,1061.0
2020-06-25,39139.0,1437.0,18051.0,19651.0,2437.0,107.0,1237.0
2020-06-26,41193.0,1559.0,18859.0,20775.0,2054.0,122.0,808.0
2020-06-27,43262.0,1660.0,19938.0,21664.0,2069.0,101.0,1079.0
2020-06-28,45402.0,1756.0,21122.0,22524.0,2140.0,96.0,1184.0
2020-06-29,47151.0,1839.0,22974.0,22338.0,1749.0,83.0,1852.0
2020-06-30,49109.0,1943.0,24760.0,22406.0,1958.0,104.0,1786.0
2020-07-01,51524.0,2050.0,26267.0,23207.0,2415.0,107.0,1507.0
2020-07-02,53708.0,2160.0,27912.0,23636.0,2184.0,110.0,1645.0
2020-07-03,56020.0,2262.0,29600.0,24158.0,2312.0,102.0,1688.0
2020-07-04,58354.0,2368.0,31077.0,24909.0,2334.0,106.0,1477.0
2020-07-05,60479.0,2473.0,33017.0,24989.0,2125.0,105.0,1940.0
2020-07-06,62275.0,2567.0,34741.0,24967.0,1796.0,94.0,1724.0
2020-07-07,64701.0,2685.0,36252.0,25764.0,2426.0,118.0,1511.0
2020-07-08,67442.0,2779.0,37879.0,26784.0,2741.0,94.0,1627.0
2020-07-09,69612.0,2882.0,39502.0,27228.0,2170.0,103.0,1623.0
2020-07-10,72460.0,2960.0,41380.0,28120.0,2848.0,78.0,1878.0
2020-07-11,75194.0,3055.0,43079.0,29060.0,2734.0,95.0,1699.0
2020-07-12,77506.0,3150.0,44724.0,29632.0,2312.0,95.0,1645.0
2020-07-13,79735.0,3250.0,46998.0,29487.0,2229.0,100.0,2274.0
2020-07-14,81757.0,3345.0,50782.0,27630.0,2022.0,95.0,3784.0
2020-07-15,83867.0,3432.0,52621.0,27814.0,2110.0,87.0,1839.0
2020-07-16,86148.0,3522.0,54316.0,28310.0,2281.0,90.0,1695.0
2020-07-17,88171.0,3616.0,56495.0,28060.0,2023.0,94.0,2179.0
2020-07-18,90220.0,3691.0,58492.0,28037.0,2049.0,75.0,1997.0
2020-07-19,92530.0,3781.0,60528.0,28221.0,2310.0,90.0,2036.0
2020-07-20,94693.0,3869.0,62836.0,27988.0,2163.0,88.0,2308.0
2020-07-21,97159.0,3950.0,64950.0,28259.0,2466.0,81.0,2114.0
2020-07-22,99865.0,4042.0,67147.0,28676.0,2706.0,92.0,2197.0
2020-07-23,102226.0,4122.0,69405.0,28699.0,2361.0,80.0,2258.0
2020-07-24,104711.0,4212.0,71268.0,29231.0,2485.0,90.0,1863.0
2020-07-25,107573.0,4284.0,73317.0,29972.0,2862.0,72.0,2049.0
2020-07-26,110032.0,4362.0,75217.0,30453.0,2459.0,78.0,1900.0
2020-07-27,112585.0,4458.0,77144.0,30983.0,2553.0,96.0,1927.0
2020-07-28,115332.0,4535.0,81062.0,29735.0,2747.0,77.0,3918.0
2020-07-29,118300.0,4603.0,83461.0,30236.0,2968.0,68.0,2399.0
2020-07-30,121263.0,4671.0,85546.0,31046.0,2963.0,68.0,2085.0
2020-07-31,124609.0,4741.0,87434.0,32434.0,3346.0,70.0,1888.0
2020-08-01,126704.0,4805.0,89275.0,32624.0,2095.0,64.0,1841.0
2020-08-02,129151.0,4868.0,91886.0,32397.0,2447.0,63.0,2611.0
2020-08-03,131886.0,4934.0,94111.0,32841.0,2735.0,66.0,2225.0
2020-08-04,134722.0,5017.0,96103.0,33602.0,2836.0,83.0,1992.0
2020-08-05,137556.0,5094.0,98442.0,34020.0,2834.0,77.0,2339.0
2020-08-06,140603.0,5161.0,101025.0,34417.0,3047.0,67.0,2583.0
2020-08-07,144064.0,5236.0,103197.0,35631.0,3461.0,75.0,2172.0
2020-08-08,147389.0,5310.0,105504.0,36575.0,3325.0,74.0,2307.0
2020-08-09,150115.0,5392.0,107775.0,36948.0,2726.0,82.0,2271.0
2020-08-10,153599.0,5464.0,109790.0,38345.0,3484.0,72.0,2015.0
2020-08-11,156995.0,5531.0,112102.0,39362.0,3396.0,67.0,2312.0
2020-08-12,160436.0,5588.0,114541.0,40307.0,3441.0,57.0,2439.0
2020-08-13,164277.0,5641.0,117208.0,41428.0,3841.0,53.0,2667.0
2020-08-14,168290.0,5709.0,120129.0,42452.0,4013.0,68.0,2921.0
2020-08-15,172583.0,5785.0,122700.0,44098.0,4293.0,76.0,2571.0
2020-08-16,176931.0,5860.0,125374.0,45697.0,4348.0,75.0,2674.0
2020-08-17,180133.0,5954.0,128945.0,45234.0,3202.0,94.0,3571.0
2020-08-18,184709.0,6036.0,131840.0,46833.0,4576.0,82.0,2895.0
2020-08-19,188802.0,6121.0,134369.0,48312.0,4093.0,85.0,2529.0
2020-08-20,192797.0,6208.0,137200.0,49389.0,3995.0,87.0,2831.0
2020-08-21,197085.0,6283.0,140446.0,50356.0,4288.0,75.0,3246.0
2020-08-22,201050.0,6353.0,143393.0,51304.0,3965.0,70.0,2947.0
2020-08-23,204341.0,6428.0,146409.0,51504.0,3291.0,75.0,3016.0
2020-08-24,207985.0,6519.0,150389.0,51077.0,3644.0,91.0,3980.0
2020-08-25,211947.0,6596.0,153761.0,51590.0,3962.0,77.0,3372.0
2020-08-26,215784.0,6668.0,157215.0,51901.0,3837.0,72.0,3454.0
2020-08-27,219435.0,6740.0,161009.0,51686.0,3651.0,72.0,3794.0
2020-08-28,223612.0,6814.0,164874.0,51924.0,4177.0,74.0,3865.0
2020-08-29,227446.0,6891.0,169020.0,51535.0,3834.0,77.0,4146.0
2020-08-30,231177.0,6959.0,172880.0,51338.0,3731.0,68.0,3860.0
2020-08-31,234934.0,7042.0,176602.0,51290.0,3757.0,83.0,3722.0
2020-09-01,238338.0,7123.0,180473.0,50742.0,3404.0,81.0,3871.0
2020-09-02,242284.0,7201.0,184205.0,50878.0,3946.0,78.0,3732.0
2020-09-03,247039.0,7275.0,187757.0,52007.0,4755.0,74.0,3552.0
2020-09-04,252075.0,7359.0,191368.0,53348.0,5036.0,84.0,3611.0
2020-09-05,256719.0,7422.0,195259.0,54038.0,4644.0,63.0,3891.0
2020-09-06,260370.0,7512.0,198560.0,54298.0,3651.0,90.0,3301.0
2020-09-07,264684.0,7589.0,202859.0,54236.0,4314.0,77.0,4299.0
2020-09-08,269578.0,7657.0,206324.0,55597.0,4894.0,68.0,3465.0
2020-09-09,273821.0,7732.0,209993.0,56096.0,4243.0,75.0,3669.0
2020-09-10,278418.0,7814.0,213817.0,56787.0,4597.0,82.0,3824.0
2020-09-11,282672.0,7881.0,217396.0,57395.0,4254.0,67.0,3579.0
2020-09-12,286778.0,7941.0,221283.0,57554.0,4106.0,60.0,3887.0
2020-09-13,290309.0,8014.0,224705.0,57590.0,3531.0,73.0,3422.0
2020-09-14,294478.0,8086.0,229132.0,57260.0,4169.0,72.0,4427.0
2020-09-15,298702.0,8166.0,233346.0,57190.0,4224.0,80.0,4214.0
2020-09-16,303059.0,8248.0,237241.0,57570.0,4357.0,82.0,3895.0
2020-09-17,307385.0,8332.0,241100.0,57953.0,4326.0,84.0,3859.0
2020-09-18,311690.0,8408.0,245305.0,57977.0,4305.0,76.0,4205.0
2020-09-19,315597.0,8491.0,249539.0,57567.0,3907.0,83.0,4234.0
