date,confirmed,deaths,recovered,active,new_confirmed,new_deaths,new_recovered
2020-02-28,1.0,0.0,0.0,1.0,,,
2020-02-29,1.0,0.0,0.0,1.0,0.0,0.0,0.0
2020-03-01,1.0,0.0,0.0,1.0,0.0,0.0,0.0
2020-03-02,1.0,0.0,0.0,1.0,0.0,0.0,0.0
2020-03-03,2.0,0.0,0.0,2.0,1.0,0.0,0.0
2020-03-04,6.0,0.0,0.0,6.0,4.0,0.0,0.0
2020-03-05,6.0,0.0,0.0,6.0,0.0,0.0,0.0
2020-03-06,18.0,0.0,0.0,18.0,12.0,0.0,0.0
2020-03-07,18.0,0.0,0.0,18.0,0.0,0.0,0.0
2020-03-08,40.0,0.0,0.0,40.0,22.0,0.0,0.0
2020-03-09,21.0,0.0,0.0,21.0,-19.0,0.0,0.0
2020-03-10,34.0,0.0,0.0,34.0,13.0,0.0,0.0
2020-03-11,43.0,1.0,0.0,42.0,9.0,1.0,0.0
2020-03-12,43.0,1.0,0.0,42.0,0.0,0.0,0.0
2020-03-13,90.0,1.0,0.0,89.0,47.0,0.0,0.0
2020-03-14,129.0,2.0,0.0,127.0,39.0,1.0,0.0
2020-03-15,129.0,2.0,0.0,127.0,0.0,0.0,0.0
2020-03-16,169.0,2.0,0.0,167.0,40.0,0.0,0.0
2020-03-17,223.0,2.0,5.0,216.0,54.0,0.0,5.0
2020-03-18,292.0,2.0,5.0,285.0,69.0,0.0,0.0
2020-03-19,557.0,3.0,5.0,549.0,265.0,1.0,0.0
2020-03-20,683.0,3.0,5.0,675.0,126.0,0.0,0.0
2020-03-21,785.0,3.0,5.0,777.0,102.0,0.0,0.0
2020-03-22,906.0,4.0,5.0,897.0,121.0,1.0,0.0
2020-03-23,1125.0,6.0,5.0,1114.0,219.0,2.0,0.0
2020-03-24,1329.0,7.0,5.0,1317.0,204.0,1.0,0.0
2020-03-25,1564.0,9.0,5.0,1550.0,235.0,2.0,0.0
2020-03-26,1819.0,19.0,5.0,1795.0,255.0,10.0,0.0
2020-03-27,2121.0,22.0,5.0,2094.0,302.0,3.0,0.0
2020-03-28,2415.0,36.0,5.0,2374.0,294.0,14.0,0.0
2020-03-29,2615.0,46.0,5.0,2564.0,200.0,10.0,0.0
2020-03-30,2910.0,54.0,5.0,2851.0,295.0,8.0,0.0
2020-03-31,3235.0,71.0,5.0,3159.0,325.0,17.0,0.0
2020-04-01,3447.0,85.0,5.0,3357.0,212.0,14.0,0.0
2020-04-02,3849.0,98.0,5.0,3746.0,402.0,13.0,0.0
2020-04-03,4273.0,120.0,5.0,4148.0,424.0,22.0,0.0
2020-04-04,4604.0,137.0,25.0,4442.0,331.0,17.0,20.0
2020-04-05,4994.0,158.0,25.0,4811.0,390.0,21.0,0.0
2020-04-06,5364.0,174.0,25.0,5165.0,370.0,16.0,0.0
2020-04-07,5709.0,210.0,25.0,5474.0,345.0,36.0,0.0
2020-04-08,6074.0,235.0,25.0,5814.0,365.0,25.0,0.0
2020-04-09,6574.0,263.0,25.0,6286.0,500.0,28.0,0.0
2020-04-10,8089.0,287.0,25.0,7777.0,1515.0,24.0,0.0
2020-04-11,8928.0,320.0,25.0,8583.0,839.0,33.0,0.0
2020-04-12,9655.0,334.0,25.0,9296.0,727.0,14.0,0.0
2020-04-13,10647.0,365.0,25.0,10257.0,992.0,31.0,0.0
2020-04-14,11479.0,406.0,25.0,11048.0,832.0,41.0,0.0
2020-04-15,12547.0,444.0,77.0,12026.0,1068.0,38.0,52.0
2020-04-16,13271.0,486.0,77.0,12708.0,724.0,42.0,0.0
2020-04-17,13980.0,530.0,77.0,13373.0,709.0,44.0,0.0
2020-04-18,14758.0,571.0,77.0,14110.0,778.0,41.0,0.0
2020-04-19,15251.0,610.0,77.0,14564.0,493.0,39.0,0.0
2020-04-20,15652.0,687.0,77.0,14888.0,401.0,77.0,0.0
2020-04-21,16040.0,730.0,9233.0,6077.0,388.0,43.0,9156.0
2020-04-22,16671.0,769.0,9233.0,6669.0,631.0,39.0,0.0
2020-04-23,17607.0,794.0,9233.0,7580.0,936.0,25.0,0.0
2020-04-24,18184.0,1014.0,9233.0,7937.0,577.0,220.0,0.0
2020-04-25,18561.0,1063.0,9233.0,8265.0,377.0,49.0,0.0
2020-04-26,19262.0,1087.0,9233.0,8942.0,701.0,24.0,0.0
2020-04-27,19648.0,1102.0,9233.0,9313.0,386.0,15.0,0.0
2020-04-28,19877.0,1159.0,9233.0,9485.0,229.0,57.0,0.0
2020-04-29,20253.0,1190.0,13386.0,5677.0,376.0,31.0,4153.0
2020-04-30,20612.0,1232.0,13386.0,5994.0,359.0,42.0,0.0
2020-05-01,20833.0,1265.0,13386.0,6182.0,221.0,33.0,0.0
2020-05-02,21176.0,1286.0,13386.0,6504.0,343.0,21.0,0.0
2020-05-03,21506.0,1303.0,13386.0,6817.0,330.0,17.0,0.0
2020-05-04,21772.0,1319.0,13386.0,7067.0,266.0,16.0,0.0
2020-05-05,21983.0,1339.0,13386.0,7258.0,211.0,20.0,0.0
2020-05-06,22248.0,1375.0,17110.0,3763.0,265.0,36.0,3724.0
2020-05-07,22385.0,1403.0,17110.0,3872.0,137.0,28.0,0.0
2020-05-08,22541.0,1429.0,17110.0,4002.0,156.0,26.0,0.0
2020-05-09,22760.0,1446.0,17110.0,4204.0,219.0,17.0,0.0
2020-05-10,22996.0,1458.0,17110.0,4428.0,236.0,12.0,0.0
2020-05-11,23135.0,1467.0,17110.0,4558.0,139.0,9.0,0.0
2020-05-12,23242.0,1488.0,17110.0,4644.0,107.0,21.0,0.0
2020-05-13,23401.0,1497.0,19470.0,2434.0,159.0,9.0,2360.0
2020-05-14,23827.0,1506.0,19470.0,2851.0,426.0,9.0,0.0
2020-05-15,23956.0,1518.0,19470.0,2968.0,129.0,12.0,0.0
2020-05-16,24048.0,1533.0,19470.0,3045.0,92.0,15.0,0.0
2020-05-17,24112.0,1543.0,19470.0,3099.0,64.0,10.0,0.0
2020-05-18,24200.0,1547.0,19470.0,3183.0,88.0,4.0,0.0
2020-05-19,24251.0,1561.0,19470.0,3220.0,51.0,14.0,0.0
2020-05-20,24315.0,1571.0,21060.0,1684.0,64.0,10.0,1590.0
2020-05-21,24391.0,1583.0,21060.0,1748.0,76.0,12.0,0.0
2020-05-22,24506.0,1592.0,21060.0,1854.0,115.0,9.0,0.0
2020-05-23,24582.0,1604.0,21060.0,1918.0,76.0,12.0,0.0
2020-05-24,24639.0,1608.0,21060.0,1971.0,57.0,4.0,0.0
2020-05-25,24698.0,1606.0,21060.0,2032.0,59.0,-2.0,0.0
2020-05-26,24735.0,1615.0,21060.0,2060.0,37.0,9.0,0.0
2020-05-27,24803.0,1631.0,22089.0,1083.0,68.0,16.0,1029.0
2020-05-28,24841.0,1639.0,22089.0,1113.0,38.0,8.0,0.0
2020-05-29,24876.0,1645.0,22089.0,1142.0,35.0,6.0,0.0
2020-05-30,24929.0,1651.0,22089.0,1189.0,53.0,6.0,0.0
2020-05-31,24990.0,1652.0,22089.0,1249.0,61.0,1.0,0.0
2020-06-01,25062.0,1650.0,22089.0,1323.0,72.0,-2.0,0.0
2020-06-02,25066.0,1658.0,22089.0,1319.0,4.0,8.0,0.0
2020-06-03,25111.0,1659.0,22698.0,754.0,45.0,1.0,609.0
2020-06-04,25142.0,1664.0,22698.0,780.0,31.0,5.0,0.0
2020-06-05,25163.0,1670.0,22698.0,795.0,21.0,6.0,0.0
2020-06-06,25183.0,1678.0,22698.0,807.0,20.0,8.0,0.0
2020-06-07,25201.0,1679.0,22698.0,824.0,18.0,1.0,0.0
2020-06-08,25207.0,1683.0,22698.0,826.0,6.0,4.0,0.0
2020-06-09,25215.0,1691.0,22698.0,826.0,8.0,8.0,0.0
2020-06-10,25231.0,1695.0,22698.0,838.0,16.0,4.0,0.0
2020-06-11,25238.0,1703.0,22698.0,837.0,7.0,8.0,0.0
2020-06-12,25250.0,1705.0,22698.0,847.0,12.0,2.0,0.0
2020-06-13,25295.0,1705.0,22698.0,892.0,45.0,0.0,0.0
2020-06-14,25303.0,1706.0,22698.0,899.0,8.0,1.0,0.0
2020-06-15,25321.0,1706.0,22698.0,917.0,18.0,0.0,0.0
2020-06-16,25334.0,1709.0,22698.0,927.0,13.0,3.0,0.0
2020-06-17,25341.0,1710.0,22698.0,933.0,7.0,1.0,0.0
2020-06-18,25355.0,1714.0,22698.0,943.0,14.0,4.0,0.0
2020-06-19,25368.0,1714.0,22698.0,956.0,13.0,0.0,0.0
2020-06-20,25374.0,1715.0,22698.0,961.0,6.0,1.0,0.0
2020-06-21,25379.0,1715.0,22698.0,966.0,5.0,0.0,0.0
2020-06-22,25383.0,1717.0,22698.0,968.0,4.0,2.0,0.0
2020-06-23,25391.0,1720.0,22698.0,973.0,8.0,3.0,0.0
2020-06-24,25396.0,1726.0,23364.0,306.0,5.0,6.0,666.0
2020-06-25,25405.0,1727.0,23364.0,314.0,9.0,1.0,0.0
2020-06-26,25414.0,1730.0,23364.0,320.0,9.0,3.0,0.0
2020-06-27,25437.0,1734.0,23364.0,339.0,23.0,4.0,0.0
2020-06-28,25439.0,1735.0,23364.0,340.0,2.0,1.0,0.0
2020-06-29,25462.0,1735.0,23364.0,363.0,23.0,0.0,0.0
2020-06-30,25473.0,1736.0,23364.0,373.0,11.0,1.0,0.0
2020-07-01,25477.0,1738.0,23364.0,375.0,4.0,2.0,0.0
2020-07-02,25489.0,1738.0,23364.0,387.0,12.0,0.0,0.0
2020-07-03,25498.0,1740.0,23364.0,394.0,9.0,2.0,0.0
2020-07-04,25509.0,1741.0,23364.0,404.0,11.0,1.0,0.0
2020-07-05,25527.0,1741.0,23364.0,422.0,18.0,0.0,0.0
2020-07-06,25531.0,1741.0,23364.0,426.0,4.0,0.0,0.0
2020-07-07,25538.0,1742.0,23364.0,432.0,7.0,1.0,0.0
2020-07-08,25542.0,1738.0,23364.0,440.0,4.0,-4.0,0.0
2020-07-09,25565.0,1743.0,23364.0,458.0,23.0,5.0,0.0
2020-07-10,25589.0,1744.0,23364.0,481.0,24.0,1.0,0.0
2020-07-11,25611.0,1746.0,23364.0,501.0,22.0,2.0,0.0
2020-07-12,25628.0,1746.0,23364.0,518.0,17.0,0.0,0.0
2020-07-13,25638.0,1746.0,23364.0,528.0,10.0,0.0,0.0
2020-07-14,25670.0,1746.0,23364.0,560.0,32.0,0.0,0.0
2020-07-15,25683.0,1748.0,23364.0,571.0,13.0,2.0,0.0
2020-07-16,25698.0,1749.0,23364.0,585.0,15.0,1.0,0.0
2020-07-17,25730.0,1752.0,23364.0,614.0,32.0,3.0,0.0
2020-07-18,25750.0,1753.0,23364.0,633.0,20.0,1.0,0.0
2020-07-19,25760.0,1753.0,23364.0,643.0,10.0,0.0,0.0
2020-07-20,25766.0,1753.0,23364.0,649.0,6.0,0.0,0.0
2020-07-21,25802.0,1753.0,23364.0,685.0,36.0,0.0,0.0
2020-07-22,25819.0,1754.0,23364.0,701.0,17.0,1.0,0.0
2020-07-23,25826.0,1763.0,23364.0,699.0,7.0,9.0,0.0
2020-07-24,25845.0,1763.0,23364.0,718.0,19.0,0.0,0.0
2020-07-25,25869.0,1764.0,23364.0,741.0,24.0,1.0,0.0
2020-07-26,25881.0,1764.0,23364.0,753.0,12.0,0.0,0.0
2020-07-27,25892.0,1764.0,23364.0,764.0,11.0,0.0,0.0
2020-07-28,25929.0,1764.0,23364.0,801.0,37.0,0.0,0.0
2020-07-29,25942.0,1764.0,23364.0,814.0,13.0,0.0,0.0
2020-07-30,26027.0,1763.0,23364.0,900.0,85.0,-1.0,0.0
2020-07-31,26065.0,1763.0,23364.0,938.0,38.0,0.0,0.0
2020-08-01,26109.0,1763.0,23364.0,982.0,44.0,0.0,0.0
2020-08-02,26162.0,1763.0,23364.0,1035.0,53.0,0.0,0.0
2020-08-03,26208.0,1763.0,23364.0,1081.0,46.0,0.0,0.0
2020-08-04,26253.0,1763.0,23364.0,1126.0,45.0,0.0,0.0
2020-08-05,26303.0,1763.0,23364.0,1176.0,50.0,0.0,0.0
2020-08-06,26372.0,1768.0,23364.0,1240.0,69.0,5.0,0.0
2020-08-07,26470.0,1772.0,23364.0,1334.0,98.0,4.0,0.0
2020-08-08,26644.0,1772.0,23364.0,1508.0,174.0,0.0,0.0
2020-08-09,26712.0,1772.0,23364.0,1576.0,68.0,0.0,0.0
2020-08-10,26768.0,1772.0,23364.0,1632.0,56.0,0.0,0.0
2020-08-11,26801.0,1773.0,23364.0,1664.0,33.0,1.0,0.0
2020-08-12,26838.0,1774.0,23364.0,1700.0,37.0,1.0,0.0
2020-08-13,26929.0,1774.0,23364.0,1791.0,91.0,0.0,0.0
2020-08-14,26995.0,1774.0,23364.0,1857.0,66.0,0.0,0.0
2020-08-15,27191.0,1774.0,23364.0,2053.0,196.0,0.0,0.0
2020-08-16,27257.0,1774.0,23364.0,2119.0,66.0,0.0,0.0
2020-08-17,27313.0,1774.0,23364.0,2175.0,56.0,0.0,0.0
2020-08-18,27499.0,1775.0,23364.0,2360.0,186.0,1.0,0.0
2020-08-19,27547.0,1775.0,23364.0,2408.0,48.0,0.0,0.0
2020-08-20,27676.0,1776.0,23364.0,2536.0,129.0,1.0,0.0
2020-08-21,27755.0,1776.0,23364.0,2615.0,79.0,0.0,0.0
2020-08-22,27908.0,1777.0,23364.0,2767.0,153.0,1.0,0.0
2020-08-23,27969.0,1777.0,23364.0,2828.0,61.0,0.0,0.0
2020-08-24,28116.0,1777.0,23364.0,2975.0,147.0,0.0,0.0
2020-08-25,28201.0,1777.0,23364.0,3060.0,85.0,0.0,0.0
2020-08-26,28363.0,1777.0,23364.0,3222.0,162.0,0.0,0.0
2020-08-27,28453.0,1777.0,23364.0,3312.0,90.0,0.0,0.0
2020-08-28,28578.0,1777.0,23364.0,3437.0,125.0,0.0,0.0
2020-08-29,28720.0,1777.0,23364.0,3579.0,142.0,0.0,0.0
2020-08-30,28760.0,1777.0,23364.0,3619.0,40.0,0.0,0.0
2020-08-31,28811.0,1777.0,23364.0,3670.0,51.0,0.0,0.0
2020-09-01,29025.0,1777.0,23364.0,3884.0,214.0,0.0,0.0
2020-09-02,29114.0,1777.0,23364.0,3973.0,89.0,0.0,0.0
2020-09-03,29206.0,1777.0,23364.0,4065.0,92.0,0.0,0.0
2020-09-04,29303.0,1777.0,23364.0,4162.0,97.0,0.0,0.0
2020-09-05,29534.0,1777.0,23364.0,4393.0,231.0,0.0,0.0
2020-09-06,29672.0,1777.0,23364.0,4531.0,138.0,0.0,0.0
2020-09-07,29774.0,1777.0,23364.0,4633.0,102.0,0.0,0.0
2020-09-08,30080.0,1778.0,23364.0,4938.0,306.0,1.0,0.0
2020-09-09,30164.0,1781.0,23364.0,5019.0,84.0,3.0,0.0
2020-09-10,30360.0,1781.0,23364.0,5215.0,196.0,0.0,0.0
2020-09-11,30571.0,1781.0,23364.0,5426.0,211.0,0.0,0.0
2020-09-12,30730.0,1783.0,23364.0,5583.0,159.0,2.0,0.0
2020-09-13,30985.0,1784.0,23364.0,5837.0,255.0,1.0,0.0
2020-09-14,31192.0,1784.0,23364.0,6044.0,207.0,0.0,0.0
2020-09-15,31549.0,1787.0,23364.0,6398.0,357.0,3.0,0.0
2020-09-16,31799.0,1788.0,23364.0,6647.0,250.0,1.0,0.0
2020-09-17,32023.0,1789.0,23364.0,6870.0,224.0,1.0,0.0
2020-09-18,32271.0,1792.0,23364.0,7115.0,248.0,3.0,0.0
2020-09-19,32538.0,1792.0,23364.0,7382.0,267.0,0.0,0.0
2020-09-20,32933.0,1792.0,23364.0,7777.0,395.0,0.0,0.0
2020-09-21,33121.0,1792.0,23364.0,7965.0,188.0,0.0,0.0
2020-09-22,33444.0,1792.0,23364.0,8288.0,323.0,0.0,0.0
2020-09-23,33675.0,1794.0,23364.0,8517.0,231.0,2.0,0.0
2020-09-24,33994.0,1797.0,23364.0,8833.0,319.0,3.0,0.0
2020-09-25,34315.0,1797.0,23364.0,9154.0,321.0,0.0,0.0
2020-09-26,34560.0,1802.0,23364.0,9394.0,245.0,5.0,0.0
2020-09-27,34990.0,1802.0,23364.0,9824.0,430.0,0.0,0.0
2020-09-28,35377.0,1802.0,23364.0,10211.0,387.0,0.0,0.0
2020-09-29,35740.0,1803.0,23364.0,10573.0,363.0,1.0,0.0
2020-09-30,36155.0,1804.0,23364.0,10987.0,415.0,1.0,0.0
2020-10-01,36597.0,1806.0,23364.0,11427.0,442.0,2.0,0.0
2020-10-02,37063.0,1801.0,23364.0,11898.0,466.0,-5.0,0.0
2020-10-03,37668.0,1810.0,23364.0,12494.0,605.0,9.0,0.0
2020-10-04,38032.0,1810.0,23364.0,12858.0,364.0,0.0,0.0
2020-10-05,38549.0,1810.0,23364.0,13375.0,517.0,0.0,0.0
2020-10-06,38973.0,1811.0,23364.0,13798.0,424.0,1.0,0.0
2020-10-07,39584.0,1816.0,23364.0,14404.0,611.0,5.0,0.0
2020-10-08,40086.0,1817.0,23364.0,14905.0,502.0,1.0,0.0
2020-10-09,40703.0,1821.0,23364.0,15518.0,617.0,4.0,0.0
2020-10-10,41714.0,1824.0,23364.0,16526.0,1011.0,3.0,0.0
2020-10-11,42528.0,1826.0,23364.0,17338.0,814.0,2.0,0.0
2020-10-12,43351.0,1827.0,23364.0,18160.0,823.0,1.0,0.0
2020-10-13,44159.0,1830.0,23364.0,18965.0,808.0,3.0,0.0
2020-10-14,45243.0,1835.0,23364.0,20044.0,1084.0,5.0,0.0
2020-10-15,46429.0,1838.0,23364.0,21227.0,1186.0,3.0,0.0
2020-10-16,47427.0,1841.0,23364.0,22222.0,998.0,3.0,0.0
2020-10-17,48678.0,1849.0,23364.0,23465.0,1251.0,8.0,0.0
2020-10-18,49962.0,1852.0,23364.0,24746.0,1284.0,3.0,0.0
2020-10-19,50993.0,1852.0,23364.0,25777.0,1031.0,0.0,0.0
2020-10-20,52256.0,1865.0,23364.0,27027.0,1263.0,13.0,0.0
2020-10-21,53422.0,1868.0,23364.0,28190.0,1166.0,3.0,0.0
2020-10-22,54476.0,1871.0,23364.0,29241.0,1054.0,3.0,0.0
2020-10-23,55261.0,1878.0,23364.0,30019.0,785.0,7.0,0.0
2020-10-24,56108.0,1882.0,23364.0,30862.0,847.0,4.0,0.0
2020-10-25,57128.0,1882.0,23364.0,31882.0,1020.0,0.0,0.0
2020-10-26,58067.0,1885.0,23364.0,32818.0,939.0,3.0,0.0
2020-10-27,58767.0,1890.0,23364.0,33513.0,700.0,5.0,0.0
2020-10-28,59434.0,1896.0,23364.0,34174.0,667.0,6.0,0.0
2020-10-29,60297.0,1902.0,23364.0,35031.0,863.0,6.0,0.0
2020-10-30,61059.0,1908.0,23364.0,35787.0,762.0,6.0,0.0
2020-10-31,61456.0,1913.0,23364.0,36179.0,397.0,5.0,0.0
2020-11-01,62002.0,1915.0,23364.0,36723.0,546.0,2.0,0.0
2020-11-02,62750.0,1917.0,23364.0,37469.0,748.0,2.0,0.0
