date,confirmed,deaths,recovered,active,new_confirmed,new_deaths,new_recovered
2020-02-21,1.0,0.0,0.0,1.0,,,
2020-02-22,1.0,0.0,0.0,1.0,0.0,0.0,0.0
2020-02-23,1.0,0.0,0.0,1.0,0.0,0.0,0.0
2020-02-24,1.0,0.0,0.0,1.0,0.0,0.0,0.0
2020-02-25,1.0,0.0,0.0,1.0,0.0,0.0,0.0
2020-02-26,2.0,0.0,0.0,2.0,1.0,0.0,0.0
2020-02-27,3.0,0.0,1.0,2.0,1.0,0.0,1.0
2020-02-28,4.0,0.0,1.0,3.0,1.0,0.0,0.0
2020-02-29,7.0,0.0,1.0,6.0,3.0,0.0,0.0
2020-03-01,10.0,0.0,1.0,9.0,3.0,0.0,0.0
2020-03-02,10.0,0.0,1.0,9.0,0.0,0.0,0.0
2020-03-03,12.0,0.0,1.0,11.0,2.0,0.0,0.0
2020-03-04,15.0,0.0,1.0,14.0,3.0,0.0,0.0
2020-03-05,16.0,0.0,1.0,15.0,1.0,0.0,0.0
2020-03-06,21.0,0.0,2.0,19.0,5.0,0.0,1.0
2020-03-07,21.0,0.0,2.0,19.0,0.0,0.0,0.0
2020-03-08,39.0,0.0,2.0,37.0,18.0,0.0,0.0
2020-03-09,39.0,0.0,2.0,37.0,0.0,0.0,0.0
2020-03-10,58.0,0.0,4.0,54.0,19.0,0.0,2.0
2020-03-11,109.0,0.0,4.0,105.0,51.0,0.0,0.0
2020-03-12,131.0,0.0,4.0,127.0,22.0,0.0,0.0
2020-03-13,161.0,0.0,4.0,157.0,30.0,0.0,0.0
2020-03-14,193.0,0.0,4.0,189.0,32.0,0.0,0.0
2020-03-15,251.0,0.0,4.0,247.0,58.0,0.0,0.0
2020-03-16,255.0,0.0,4.0,251.0,4.0,0.0,0.0
2020-03-17,337.0,0.0,11.0,326.0,82.0,0.0,7.0
2020-03-18,433.0,0.0,11.0,422.0,96.0,0.0,0.0
2020-03-19,677.0,0.0,11.0,666.0,244.0,0.0,0.0
2020-03-20,705.0,0.0,14.0,691.0,28.0,0.0,3.0
2020-03-21,883.0,1.0,36.0,846.0,178.0,1.0,22.0
2020-03-22,1071.0,1.0,37.0,1033.0,188.0,0.0,1.0
2020-03-23,1442.0,1.0,41.0,1400.0,371.0,0.0,4.0
2020-03-24,1930.0,3.0,53.0,1874.0,488.0,2.0,12.0
2020-03-25,2369.0,5.0,58.0,2306.0,439.0,2.0,5.0
2020-03-26,2693.0,8.0,68.0,2617.0,324.0,3.0,10.0
2020-03-27,3035.0,12.0,79.0,2944.0,342.0,4.0,11.0
2020-03-28,3619.0,12.0,89.0,3518.0,584.0,0.0,10.0
2020-03-29,4247.0,15.0,132.0,4100.0,628.0,3.0,43.0
2020-03-30,4695.0,16.0,161.0,4518.0,448.0,1.0,29.0
2020-03-31,5358.0,20.0,224.0,5114.0,663.0,4.0,63.0
2020-04-01,6092.0,26.0,241.0,5825.0,734.0,6.0,17.0
2020-04-02,6857.0,36.0,338.0,6483.0,765.0,10.0,97.0
2020-04-03,7428.0,40.0,403.0,6985.0,571.0,4.0,65.0
2020-04-04,7851.0,44.0,427.0,7380.0,423.0,4.0,24.0
2020-04-05,8430.0,49.0,477.0,7904.0,579.0,5.0,50.0
2020-04-06,8904.0,57.0,585.0,8262.0,474.0,8.0,108.0
2020-04-07,9248.0,65.0,770.0,8413.0,344.0,8.0,185.0
2020-04-08,9404.0,73.0,801.0,8530.0,156.0,8.0,31.0
2020-04-09,9968.0,86.0,1011.0,8871.0,564.0,13.0,210.0
2020-04-10,10408.0,95.0,1183.0,9130.0,440.0,9.0,172.0
2020-04-11,10743.0,101.0,1341.0,9301.0,335.0,6.0,158.0
2020-04-12,11145.0,103.0,1627.0,9415.0,402.0,2.0,286.0
2020-04-13,11586.0,116.0,1855.0,9615.0,441.0,13.0,228.0
2020-04-14,12046.0,123.0,2195.0,9728.0,460.0,7.0,340.0
2020-04-15,12501.0,130.0,2563.0,9808.0,455.0,7.0,368.0
2020-04-16,12758.0,142.0,2818.0,9798.0,257.0,12.0,255.0
2020-04-17,12982.0,151.0,3126.0,9705.0,224.0,9.0,308.0
2020-04-18,13265.0,164.0,3456.0,9645.0,283.0,13.0,330.0
2020-04-19,13491.0,172.0,3754.0,9565.0,226.0,8.0,298.0
2020-04-20,13713.0,177.0,4049.0,9487.0,222.0,5.0,295.0
2020-04-21,13942.0,184.0,4507.0,9251.0,229.0,7.0,458.0
2020-04-22,14498.0,189.0,5215.0,9094.0,556.0,5.0,708.0
2020-04-23,14803.0,192.0,5611.0,9000.0,305.0,3.0,396.0
2020-04-24,15058.0,194.0,6003.0,8861.0,255.0,2.0,392.0
2020-04-25,15298.0,199.0,6435.0,8664.0,240.0,5.0,432.0
2020-04-26,15443.0,201.0,6731.0,8511.0,145.0,2.0,296.0
2020-04-27,15555.0,204.0,7200.0,8151.0,112.0,3.0,469.0
2020-04-28,15728.0,210.0,7746.0,7772.0,173.0,6.0,546.0
2020-04-29,15834.0,215.0,8233.0,7386.0,106.0,5.0,487.0
2020-04-30,15946.0,222.0,8561.0,7163.0,112.0,7.0,328.0
2020-05-01,16101.0,225.0,9156.0,6720.0,155.0,3.0,595.0
2020-05-02,16185.0,229.0,9593.0,6363.0,84.0,4.0,437.0
2020-05-03,16208.0,232.0,9749.0,6227.0,23.0,3.0,156.0
2020-05-04,16246.0,235.0,10064.0,5947.0,38.0,3.0,315.0
2020-05-05,16289.0,238.0,10465.0,5586.0,43.0,3.0,401.0
2020-05-06,16310.0,239.0,10637.0,5434.0,21.0,1.0,172.0
2020-05-07,16381.0,240.0,10873.0,5268.0,71.0,1.0,236.0
2020-05-08,16436.0,245.0,11229.0,4962.0,55.0,5.0,356.0
2020-05-09,16454.0,247.0,11376.0,4831.0,18.0,2.0,147.0
2020-05-10,16477.0,252.0,11430.0,4795.0,23.0,5.0,54.0
2020-05-11,16506.0,258.0,11843.0,4405.0,29.0,6.0,413.0
2020-05-12,16529.0,260.0,12083.0,4186.0,23.0,2.0,240.0
2020-05-13,16548.0,264.0,12232.0,4052.0,19.0,4.0,149.0
2020-05-14,16579.0,265.0,12521.0,3793.0,31.0,1.0,289.0
2020-05-15,16589.0,266.0,12587.0,3736.0,10.0,1.0,66.0
2020-05-16,16608.0,268.0,12855.0,3485.0,19.0,2.0,268.0
2020-05-17,16617.0,272.0,12942.0,3403.0,9.0,4.0,87.0
2020-05-18,16643.0,276.0,13253.0,3114.0,26.0,4.0,311.0
2020-05-19,16659.0,278.0,13435.0,2946.0,16.0,2.0,182.0
2020-05-20,16667.0,279.0,13504.0,2884.0,8.0,1.0,69.0
2020-05-21,16683.0,279.0,13724.0,2680.0,16.0,0.0,220.0
2020-05-22,16690.0,279.0,13915.0,2496.0,7.0,0.0,191.0
2020-05-23,16712.0,279.0,14090.0,2343.0,22.0,0.0,175.0
2020-05-24,16717.0,279.0,14153.0,2285.0,5.0,0.0,63.0
2020-05-25,16734.0,281.0,14307.0,2146.0,17.0,2.0,154.0
2020-05-26,16757.0,281.0,14457.0,2019.0,23.0,0.0,150.0
2020-05-27,16793.0,281.0,14570.0,1942.0,36.0,0.0,113.0
2020-05-28,16872.0,284.0,14679.0,1909.0,79.0,3.0,109.0
2020-05-29,16987.0,284.0,14776.0,1927.0,115.0,0.0,97.0
2020-05-30,17012.0,284.0,14811.0,1917.0,25.0,0.0,35.0
2020-05-31,17071.0,285.0,14812.0,1974.0,59.0,1.0,1.0
2020-06-01,17169.0,285.0,14878.0,2006.0,98.0,0.0,66.0
2020-06-02,17285.0,290.0,14940.0,2055.0,116.0,5.0,62.0
2020-06-03,17377.0,291.0,14983.0,2103.0,92.0,1.0,43.0
2020-06-04,17495.0,291.0,15013.0,2191.0,118.0,0.0,30.0
2020-06-05,17562.0,291.0,15026.0,2245.0,67.0,0.0,13.0
2020-06-06,17752.0,295.0,15042.0,2415.0,190.0,4.0,16.0
2020-06-07,17863.0,298.0,15091.0,2474.0,111.0,3.0,49.0
2020-06-08,18032.0,298.0,15102.0,2632.0,169.0,0.0,11.0
2020-06-09,18180.0,299.0,15159.0,2722.0,148.0,1.0,57.0
2020-06-10,18355.0,299.0,15168.0,2888.0,175.0,0.0,9.0
2020-06-11,18569.0,300.0,15250.0,3019.0,214.0,1.0,82.0
2020-06-12,18795.0,300.0,15288.0,3207.0,226.0,0.0,38.0
2020-06-13,18972.0,300.0,15357.0,3315.0,177.0,0.0,69.0
2020-06-14,19055.0,300.0,15375.0,3380.0,83.0,0.0,18.0
2020-06-15,19237.0,302.0,15415.0,3520.0,182.0,2.0,40.0
2020-06-16,19495.0,302.0,15449.0,3744.0,258.0,0.0,34.0
2020-06-17,19783.0,303.0,15459.0,4021.0,288.0,1.0,10.0
2020-06-18,20036.0,303.0,15518.0,4215.0,253.0,0.0,59.0
2020-06-19,20339.0,304.0,15586.0,4449.0,303.0,1.0,68.0
2020-06-20,20633.0,305.0,15586.0,4742.0,294.0,1.0,0.0
2020-06-21,20778.0,306.0,15694.0,4778.0,145.0,1.0,108.0
2020-06-22,21082.0,307.0,15761.0,5014.0,304.0,1.0,67.0
2020-06-23,21512.0,308.0,15869.0,5335.0,430.0,1.0,108.0
2020-06-24,22044.0,308.0,15940.0,5796.0,532.0,0.0,71.0
2020-06-25,22400.0,309.0,16007.0,6084.0,356.0,1.0,67.0
2020-06-26,22800.0,314.0,16872.0,5614.0,400.0,5.0,865.0
2020-06-27,23421.0,317.0,17002.0,6102.0,621.0,3.0,130.0
2020-06-28,23755.0,318.0,17074.0,6363.0,334.0,1.0,72.0
2020-06-29,24441.0,319.0,17218.0,6904.0,686.0,1.0,144.0
2020-06-30,25244.0,320.0,17341.0,7583.0,803.0,1.0,123.0
2020-07-01,26257.0,322.0,17452.0,8483.0,1013.0,2.0,111.0
2020-07-02,27047.0,324.0,17547.0,9176.0,790.0,2.0,95.0
2020-07-03,28055.0,326.0,17669.0,10060.0,1008.0,2.0,122.0
2020-07-04,29170.0,330.0,17816.0,11024.0,1115.0,4.0,147.0
2020-07-05,29958.0,331.0,17950.0,11677.0,788.0,1.0,134.0
2020-07-06,30749.0,334.0,18056.0,12359.0,791.0,3.0,106.0
2020-07-07,32222.0,342.0,18227.0,13653.0,1473.0,8.0,171.0
2020-07-08,33557.0,344.0,18338.0,14875.0,1335.0,2.0,111.0
2020-07-09,34825.0,348.0,18452.0,16025.0,1268.0,4.0,114.0
2020-07-10,36266.0,351.0,18613.0,17302.0,1441.0,3.0,161.0
2020-07-11,37464.0,354.0,18814.0,18296.0,1198.0,3.0,201.0
2020-07-12,38670.0,362.0,19008.0,19300.0,1206.0,8.0,194.0
2020-07-13,40632.0,365.0,19395.0,20872.0,1962.0,3.0,387.0
2020-07-14,42360.0,371.0,19665.0,22324.0,1728.0,6.0,270.0
2020-07-15,44188.0,376.0,19989.0,23823.0,1828.0,5.0,324.0
2020-07-16,46059.0,384.0,20370.0,25305.0,1871.0,8.0,381.0
2020-07-17,47459.0,392.0,20744.0,26323.0,1400.0,8.0,374.0
2020-07-18,49365.0,401.0,21348.0,27616.0,1906.0,9.0,604.0
2020-07-19,50289.0,409.0,21675.0,28205.0,924.0,8.0,327.0
2020-07-20,52003.0,415.0,22154.0,29434.0,1714.0,6.0,479.0
2020-07-21,54042.0,425.0,22743.0,30874.0,2039.0,10.0,589.0
2020-07-22,56085.0,430.0,23310.0,32345.0,2043.0,5.0,567.0
2020-07-23,57982.0,442.0,24044.0,33496.0,1897.0,12.0,734.0
2020-07-24,59475.0,448.0,26797.0,32230.0,1493.0,6.0,2753.0
2020-07-25,60678.0,457.0,26917.0,33304.0,1203.0,9.0,120.0
2020-07-26,61956.0,470.0,27025.0,34461.0,1278.0,13.0,108.0
2020-07-27,63985.0,474.0,27133.0,36378.0,2029.0,4.0,108.0
2020-07-28,66293.0,486.0,32182.0,33625.0,2308.0,12.0,5049.0
2020-07-29,68299.0,491.0,32746.0,35062.0,2006.0,5.0,564.0
2020-07-30,70036.0,500.0,43489.0,26047.0,1737.0,9.0,10743.0
2020-07-31,70970.0,512.0,43850.0,26608.0,934.0,12.0,361.0
2020-08-01,72218.0,526.0,45102.0,26590.0,1248.0,14.0,1252.0
2020-08-02,72815.0,536.0,45677.0,26602.0,597.0,10.0,575.0
2020-08-03,74430.0,546.0,47571.0,26313.0,1615.0,10.0,1894.0
2020-08-04,76198.0,561.0,49834.0,25803.0,1768.0,15.0,2263.0
2020-08-05,77919.0,565.0,51395.0,25959.0,1721.0,4.0,1561.0
2020-08-06,79559.0,576.0,53427.0,25556.0,1640.0,11.0,2032.0
2020-08-07,80991.0,581.0,55313.0,25097.0,1432.0,5.0,1886.0
2020-08-08,82324.0,593.0,57071.0,24660.0,1333.0,12.0,1758.0
2020-08-09,83002.0,600.0,57533.0,24869.0,678.0,7.0,462.0
2020-08-10,84722.0,613.0,58998.0,25111.0,1720.0,13.0,1465.0
2020-08-11,86593.0,622.0,60080.0,25891.0,1871.0,9.0,1082.0
2020-08-12,88151.0,639.0,62109.0,25403.0,1558.0,17.0,2029.0
2020-08-13,89822.0,651.0,64746.0,24425.0,1671.0,12.0,2637.0
2020-08-14,91080.0,665.0,66965.0,23450.0,1258.0,14.0,2219.0
2020-08-15,92233.0,674.0,67950.0,23609.0,1153.0,9.0,985.0
2020-08-16,92680.0,685.0,68510.0,23485.0,447.0,11.0,560.0
2020-08-17,94751.0,692.0,70291.0,23768.0,2071.0,7.0,1781.0
2020-08-18,96409.0,708.0,71990.0,23711.0,1658.0,16.0,1699.0
2020-08-19,97969.0,781.0,73092.0,24096.0,1560.0,73.0,1102.0
2020-08-20,99599.0,795.0,74579.0,24225.0,1630.0,14.0,1487.0
2020-08-21,100716.0,809.0,77785.0,22122.0,1117.0,14.0,3206.0
2020-08-22,101933.0,819.0,78651.0,22463.0,1217.0,10.0,866.0
2020-08-23,102663.0,834.0,79514.0,22315.0,730.0,15.0,863.0
2020-08-24,104472.0,847.0,81642.0,21983.0,1809.0,13.0,2128.0
2020-08-25,106460.0,859.0,83822.0,21779.0,1988.0,12.0,2180.0
2020-08-26,108403.0,875.0,86466.0,21062.0,1943.0,16.0,2644.0
2020-08-27,110403.0,884.0,87726.0,21793.0,2000.0,9.0,1260.0
2020-08-28,112000.0,894.0,91051.0,20055.0,1597.0,10.0,3325.0
2020-08-29,113465.0,906.0,92104.0,20455.0,1465.0,12.0,1053.0
2020-08-30,114020.0,919.0,92796.0,20305.0,555.0,13.0,692.0
2020-08-31,116596.0,939.0,95009.0,20648.0,2576.0,20.0,2213.0
2020-09-01,118538.0,957.0,96214.0,21367.0,1942.0,18.0,1205.0
2020-09-02,121464.0,969.0,97234.0,23261.0,2926.0,12.0,1020.0
2020-09-03,124455.0,985.0,98645.0,24825.0,2991.0,16.0,1411.0
2020-09-04,126419.0,993.0,100357.0,25069.0,1964.0,8.0,1712.0
2020-09-05,128936.0,1007.0,101481.0,26448.0,2517.0,14.0,1124.0
2020-09-06,130644.0,1019.0,102477.0,27148.0,1708.0,12.0,996.0
2020-09-07,133975.0,1026.0,105455.0,27494.0,3331.0,7.0,2978.0
2020-09-08,137565.0,1040.0,107003.0,29522.0,3590.0,14.0,1548.0
2020-09-09,141097.0,1054.0,108354.0,31689.0,3532.0,14.0,1351.0
2020-09-10,145526.0,1077.0,109942.0,34507.0,4429.0,23.0,1588.0
2020-09-11,148564.0,1090.0,111728.0,35746.0,3038.0,13.0,1786.0
2020-09-12,152722.0,1103.0,113496.0,38123.0,4158.0,13.0,1768.0
2020-09-13,155604.0,1119.0,114998.0,39487.0,2882.0,16.0,1502.0
2020-09-14,160368.0,1136.0,118570.0,40662.0,4764.0,17.0,3572.0
2020-09-15,164402.0,1147.0,120727.0,42528.0,4034.0,11.0,2157.0
2020-09-16,170465.0,1165.0,123219.0,46081.0,6063.0,18.0,2492.0
2020-09-17,175256.0,1169.0,126329.0,47758.0,4791.0,4.0,3110.0
2020-09-18,179071.0,1196.0,130024.0,47851.0,3815.0,27.0,3695.0
2020-09-19,183602.0,1226.0,132449.0,49927.0,4531.0,30.0,2425.0
2020-09-20,187902.0,1256.0,134069.0,52577.0,4300.0,30.0,1620.0
2020-09-21,190929.0,1273.0,136780.0,52876.0,3027.0,17.0,2711.0
2020-09-22,193374.0,1285.0,140751.0,51338.0,2445.0,12.0,3971.0
2020-09-23,204690.0,1325.0,144963.0,58402.0,11316.0,40.0,4212.0
2020-09-24,212115.0,1378.0,148813.0,61924.0,7425.0,53.0,3850.0
2020-09-25,217899.0,1412.0,153574.0,62913.0,5784.0,34.0,4761.0
2020-09-26,227100.0,1441.0,157537.0,68122.0,9201.0,29.0,3963.0
2020-09-27,231026.0,1466.0,159931.0,69629.0,3926.0,25.0,2394.0
2020-09-28,233265.0,1507.0,165191.0,66567.0,2239.0,41.0,5260.0
2020-09-29,236926.0,1528.0,167804.0,67594.0,3661.0,21.0,2613.0
2020-09-30,245494.0,1569.0,174506.0,69419.0,8568.0,41.0,6702.0
2020-10-01,253490.0,1622.0,179468.0,72400.0,7996.0,53.0,4962.0
2020-10-02,258920.0,1633.0,185122.0,72165.0,5430.0,11.0,5654.0
2020-10-03,264443.0,1682.0,191251.0,71510.0,5523.0,49.0,6129.0
2020-10-04,266775.0,1719.0,195629.0,69427.0,2332.0,37.0,4378.0
2020-10-05,272309.0,1757.0,204355.0,66197.0,5534.0,38.0,8726.0
2020-10-06,277026.0,1797.0,211397.0,63832.0,4717.0,40.0,7042.0
2020-10-07,281481.0,1824.0,216613.0,63044.0,4455.0,27.0,5216.0
2020-10-08,285336.0,1864.0,221571.0,61901.0,3855.0,40.0,4958.0
2020-10-09,287858.0,1886.0,225248.0,60724.0,2522.0,22.0,3677.0
2020-10-10,289875.0,1941.0,225725.0,62209.0,2017.0,55.0,477.0
