date,confirmed,deaths,recovered,active,new_confirmed,new_deaths,new_recovered
2020-01-27,1.0,0.0,0.0,0.0,,,
2020-03-11,1.0,0.0,0.0,1.0,0.0,0.0,0.0
2020-03-12,1.0,0.0,0.0,1.0,0.0,0.0,0.0
2020-03-13,1.0,0.0,0.0,1.0,0.0,0.0,0.0
2020-03-14,1.0,0.0,0.0,1.0,0.0,0.0,0.0
2020-03-15,1.0,0.0,0.0,1.0,0.0,0.0,0.0
2020-03-16,1.0,0.0,0.0,1.0,0.0,0.0,0.0
2020-03-17,5.0,0.0,1.0,4.0,4.0,0.0,1.0
2020-03-18,6.0,0.0,1.0,5.0,1.0,0.0,0.0
2020-03-19,9.0,0.0,1.0,8.0,3.0,0.0,0.0
2020-03-20,9.0,0.0,1.0,8.0,0.0,0.0,0.0
2020-03-21,14.0,0.0,1.0,13.0,5.0,0.0,0.0
2020-03-22,14.0,0.0,1.0,13.0,0.0,0.0,0.0
2020-03-23,25.0,0.0,2.0,23.0,11.0,0.0,1.0
2020-03-24,73.0,0.0,2.0,71.0,48.0,0.0,0.0
2020-03-25,80.0,0.0,3.0,77.0,7.0,0.0,1.0
2020-03-26,96.0,0.0,3.0,93.0,16.0,0.0,0.0
2020-03-27,101.0,0.0,3.0,98.0,5.0,0.0,0.0
2020-03-28,101.0,0.0,3.0,98.0,0.0,0.0,0.0
2020-03-29,165.0,1.0,4.0,160.0,64.0,1.0,1.0
2020-03-30,168.0,1.0,6.0,161.0,3.0,0.0,2.0
2020-03-31,179.0,1.0,7.0,171.0,11.0,0.0,1.0
2020-04-01,190.0,1.0,9.0,180.0,11.0,0.0,2.0
2020-04-02,194.0,1.0,15.0,178.0,4.0,0.0,6.0
2020-04-03,218.0,1.0,19.0,198.0,24.0,0.0,4.0
2020-04-04,245.0,1.0,25.0,219.0,27.0,0.0,6.0
2020-04-05,261.0,3.0,37.0,221.0,16.0,2.0,12.0
2020-04-06,323.0,3.0,41.0,279.0,62.0,0.0,4.0
2020-04-07,349.0,3.0,41.0,305.0,26.0,0.0,0.0
2020-04-08,384.0,3.0,48.0,333.0,35.0,0.0,7.0
2020-04-09,444.0,3.0,52.0,389.0,60.0,0.0,4.0
2020-04-10,444.0,3.0,52.0,389.0,0.0,0.0,0.0
2020-04-11,533.0,4.0,58.0,471.0,89.0,1.0,6.0
2020-04-12,574.0,5.0,85.0,484.0,41.0,1.0,27.0
2020-04-13,626.0,6.0,89.0,531.0,52.0,1.0,4.0
2020-04-14,638.0,6.0,114.0,518.0,12.0,0.0,25.0
2020-04-15,638.0,6.0,114.0,518.0,0.0,0.0,0.0
2020-04-16,654.0,6.0,146.0,502.0,16.0,0.0,32.0
2020-04-17,688.0,6.0,193.0,489.0,34.0,0.0,47.0
2020-04-18,801.0,8.0,239.0,554.0,113.0,2.0,46.0
2020-04-19,847.0,9.0,260.0,578.0,46.0,1.0,21.0
2020-04-20,847.0,9.0,260.0,578.0,0.0,0.0,0.0
2020-04-21,916.0,13.0,303.0,600.0,69.0,4.0,43.0
2020-04-22,952.0,14.0,310.0,628.0,36.0,1.0,7.0
2020-04-23,1004.0,14.0,359.0,631.0,52.0,0.0,49.0
2020-04-24,1077.0,14.0,419.0,644.0,73.0,0.0,60.0
2020-04-25,1077.0,14.0,419.0,644.0,0.0,0.0,0.0
2020-04-26,1150.0,14.0,468.0,668.0,73.0,0.0,49.0
2020-04-27,1164.0,14.0,499.0,651.0,14.0,0.0,31.0
2020-04-28,1183.0,14.0,525.0,644.0,19.0,0.0,26.0
2020-04-29,1238.0,14.0,557.0,667.0,55.0,0.0,32.0
2020-04-30,1275.0,14.0,574.0,687.0,37.0,0.0,17.0
2020-05-01,1333.0,15.0,597.0,721.0,58.0,1.0,23.0
2020-05-02,1362.0,15.0,622.0,725.0,29.0,0.0,25.0
2020-05-03,1398.0,17.0,653.0,728.0,36.0,2.0,31.0
2020-05-04,1432.0,17.0,693.0,722.0,34.0,0.0,40.0
2020-05-05,1464.0,18.0,701.0,745.0,32.0,1.0,8.0
2020-05-06,1516.0,18.0,721.0,777.0,52.0,0.0,20.0
2020-05-07,1571.0,20.0,742.0,809.0,55.0,2.0,21.0
2020-05-08,1602.0,20.0,754.0,828.0,31.0,0.0,12.0
2020-05-09,1667.0,21.0,769.0,877.0,65.0,1.0,15.0
2020-05-10,1700.0,21.0,794.0,885.0,33.0,0.0,25.0
2020-05-11,1730.0,21.0,818.0,891.0,30.0,0.0,24.0
2020-05-12,1857.0,21.0,820.0,1016.0,127.0,0.0,2.0
2020-05-13,1912.0,24.0,902.0,986.0,55.0,3.0,82.0
2020-05-14,1971.0,24.0,930.0,1017.0,59.0,0.0,28.0
2020-05-15,2017.0,24.0,942.0,1051.0,46.0,0.0,12.0
2020-05-16,2061.0,25.0,987.0,1049.0,44.0,1.0,45.0
2020-05-17,2109.0,27.0,1004.0,1078.0,48.0,2.0,17.0
2020-05-18,2119.0,28.0,1040.0,1051.0,10.0,1.0,36.0
2020-05-19,2153.0,28.0,1050.0,1075.0,34.0,0.0,10.0
2020-05-20,2231.0,29.0,1083.0,1119.0,78.0,1.0,33.0
2020-05-21,2301.0,29.0,1100.0,1172.0,70.0,0.0,17.0
2020-05-22,2341.0,29.0,1146.0,1166.0,40.0,0.0,46.0
2020-05-23,2366.0,30.0,1188.0,1148.0,25.0,1.0,42.0
2020-05-24,2376.0,30.0,1219.0,1127.0,10.0,0.0,31.0
2020-05-25,2423.0,30.0,1257.0,1136.0,47.0,0.0,38.0
2020-05-26,2477.0,30.0,1286.0,1161.0,54.0,0.0,29.0
2020-05-27,2556.0,31.0,1302.0,1223.0,79.0,1.0,16.0
2020-05-28,2641.0,32.0,1326.0,1283.0,85.0,1.0,24.0
2020-05-29,2750.0,32.0,1370.0,1348.0,109.0,0.0,44.0
2020-05-30,2799.0,33.0,1385.0,1381.0,49.0,1.0,15.0
2020-05-31,2833.0,33.0,1435.0,1365.0,34.0,0.0,50.0
2020-06-01,2951.0,33.0,1467.0,1451.0,118.0,0.0,32.0
2020-06-02,3024.0,33.0,1501.0,1490.0,73.0,0.0,34.0
2020-06-03,3110.0,35.0,1530.0,1545.0,86.0,2.0,29.0
2020-06-04,3262.0,35.0,1584.0,1643.0,152.0,0.0,54.0
2020-06-05,3431.0,36.0,1604.0,1791.0,169.0,1.0,20.0
2020-06-06,3557.0,36.0,1750.0,1771.0,126.0,0.0,146.0
2020-06-07,3739.0,36.0,1818.0,1885.0,182.0,0.0,68.0
2020-06-08,3881.0,38.0,1869.0,1974.0,142.0,2.0,51.0
2020-06-09,3995.0,38.0,2045.0,1912.0,114.0,0.0,176.0
2020-06-10,4181.0,41.0,2174.0,1966.0,186.0,3.0,129.0
2020-06-11,4404.0,41.0,2212.0,2151.0,223.0,0.0,38.0
2020-06-12,4684.0,45.0,2263.0,2376.0,280.0,4.0,51.0
2020-06-13,4848.0,45.0,2397.0,2406.0,164.0,0.0,134.0
2020-06-14,5084.0,45.0,2505.0,2534.0,236.0,0.0,108.0
2020-06-15,5439.0,46.0,2590.0,2803.0,355.0,1.0,85.0
2020-06-16,5679.0,46.0,2637.0,2996.0,240.0,0.0,47.0
2020-06-17,6063.0,48.0,2749.0,3266.0,384.0,2.0,112.0
2020-06-18,6444.0,49.0,2863.0,3532.0,381.0,1.0,114.0
2020-06-19,6874.0,49.0,2942.0,3883.0,430.0,0.0,79.0
2020-06-20,7276.0,52.0,2992.0,4232.0,402.0,3.0,50.0
2020-06-21,7492.0,54.0,3068.0,4370.0,216.0,2.0,76.0
2020-06-22,7677.0,56.0,3493.0,4128.0,185.0,2.0,425.0
2020-06-23,7904.0,58.0,3182.0,4664.0,227.0,2.0,-311.0
2020-06-24,8164.0,58.0,3419.0,4687.0,260.0,0.0,237.0
2020-06-25,8334.0,60.0,3487.0,4787.0,170.0,2.0,68.0
2020-06-26,8739.0,64.0,3587.0,5088.0,405.0,4.0,100.0
2020-06-27,8944.0,66.0,3722.0,5156.0,205.0,2.0,135.0
2020-06-28,9101.0,66.0,3808.0,5227.0,157.0,0.0,86.0
2020-06-29,9214.0,66.0,3996.0,5152.0,113.0,0.0,188.0
2020-06-30,9499.0,68.0,4273.0,5158.0,285.0,2.0,277.0
2020-07-01,9702.0,68.0,4381.0,5253.0,203.0,0.0,108.0
2020-07-02,9992.0,68.0,4660.0,5264.0,290.0,0.0,279.0
2020-07-03,10244.0,70.0,4726.0,5448.0,252.0,2.0,66.0
2020-07-04,10462.0,72.0,4807.0,5583.0,218.0,2.0,81.0
2020-07-05,10772.0,74.0,5067.0,5631.0,310.0,2.0,260.0
2020-07-06,10966.0,75.0,5384.0,5507.0,194.0,1.0,317.0
2020-07-07,11194.0,76.0,5487.0,5631.0,228.0,1.0,103.0
2020-07-08,11504.0,78.0,5571.0,5855.0,310.0,2.0,84.0
2020-07-09,11750.0,79.0,5752.0,5919.0,246.0,1.0,181.0
2020-07-10,12052.0,81.0,6080.0,5891.0,302.0,2.0,328.0
2020-07-11,12443.0,82.0,6357.0,6004.0,391.0,1.0,277.0
2020-07-12,12766.0,84.0,6654.0,6028.0,323.0,2.0,297.0
2020-07-13,12872.0,84.0,6810.0,5978.0,106.0,0.0,156.0
2020-07-14,13037.0,87.0,6908.0,6042.0,165.0,3.0,98.0
2020-07-15,13403.0,87.0,7146.0,6170.0,366.0,0.0,238.0
2020-07-16,13554.0,87.0,7363.0,6104.0,151.0,0.0,217.0
2020-07-17,13696.0,87.0,7607.0,6002.0,142.0,0.0,244.0
2020-07-18,13912.0,91.0,8000.0,5821.0,216.0,4.0,393.0
2020-07-19,14119.0,92.0,8366.0,5661.0,207.0,1.0,366.0
2020-07-20,14312.0,92.0,8659.0,5561.0,193.0,0.0,293.0
2020-07-21,14531.0,93.0,8857.0,5581.0,219.0,1.0,198.0
2020-07-22,14733.0,93.0,8995.0,5645.0,202.0,0.0,138.0
2020-07-23,15001.0,93.0,9282.0,5626.0,268.0,0.0,287.0
2020-07-24,15253.0,94.0,9499.0,5660.0,252.0,1.0,217.0
2020-07-25,15494.0,94.0,9880.0,5520.0,241.0,0.0,381.0
2020-07-26,15596.0,96.0,10178.0,5322.0,102.0,2.0,298.0
2020-07-27,15655.0,96.0,10361.0,5198.0,59.0,0.0,183.0
2020-07-28,15713.0,98.0,10537.0,5078.0,58.0,2.0,176.0
2020-07-29,15813.0,99.0,10793.0,4921.0,100.0,1.0,256.0
2020-07-30,15978.0,100.0,11160.0,4718.0,165.0,1.0,367.0
2020-07-31,16047.0,102.0,11428.0,4517.0,69.0,2.0,268.0
2020-08-01,16109.0,102.0,11750.0,4257.0,62.0,0.0,322.0
2020-08-02,16182.0,102.0,11801.0,4279.0,73.0,0.0,51.0
2020-08-03,16220.0,102.0,11887.0,4231.0,38.0,0.0,86.0
2020-08-04,16293.0,103.0,11955.0,4235.0,73.0,1.0,68.0
2020-08-05,16349.0,103.0,12191.0,4055.0,56.0,0.0,236.0
2020-08-06,16447.0,103.0,12484.0,3860.0,98.0,0.0,293.0
2020-08-07,16524.0,104.0,12802.0,3618.0,77.0,1.0,318.0
2020-08-08,16620.0,104.0,12893.0,3623.0,96.0,0.0,91.0
2020-08-09,16715.0,105.0,12926.0,3684.0,95.0,1.0,33.0
2020-08-10,16798.0,105.0,13052.0,3641.0,83.0,0.0,126.0
2020-08-11,16847.0,105.0,13321.0,3421.0,49.0,0.0,269.0
2020-08-12,16847.0,105.0,13321.0,3421.0,0.0,0.0,0.0
2020-08-13,16889.0,107.0,13522.0,3260.0,42.0,2.0,201.0
2020-08-14,16935.0,108.0,13721.0,3106.0,46.0,1.0,199.0
2020-08-15,16993.0,108.0,13759.0,3126.0,58.0,0.0,38.0
2020-08-16,17026.0,110.0,13947.0,2969.0,33.0,2.0,188.0
2020-08-17,17107.0,110.0,13990.0,3007.0,81.0,0.0,43.0
2020-08-18,17150.0,110.0,14183.0,2857.0,43.0,0.0,193.0
2020-08-19,17232.0,111.0,14422.0,2699.0,82.0,1.0,239.0
2020-08-20,17249.0,112.0,14611.0,2526.0,17.0,1.0,189.0
2020-08-21,17310.0,112.0,14820.0,2378.0,61.0,0.0,209.0
2020-08-22,17374.0,113.0,15106.0,2155.0,64.0,1.0,286.0
2020-08-23,17471.0,113.0,15301.0,2057.0,97.0,0.0,195.0
2020-08-24,17506.0,114.0,15633.0,1759.0,35.0,1.0,332.0
2020-08-25,17562.0,114.0,15908.0,1540.0,56.0,0.0,275.0
2020-08-26,17603.0,114.0,15941.0,1548.0,41.0,0.0,33.0
2020-08-27,17702.0,115.0,16139.0,1448.0,99.0,1.0,198.0
2020-08-28,17797.0,115.0,16315.0,1367.0,95.0,0.0,176.0
2020-08-29,17893.0,115.0,16440.0,1338.0,96.0,0.0,125.0
2020-08-30,17948.0,115.0,16553.0,1280.0,55.0,0.0,113.0
2020-08-31,18067.0,117.0,16699.0,1251.0,119.0,2.0,146.0
2020-09-01,18103.0,117.0,16814.0,1172.0,36.0,0.0,115.0
2020-09-02,18161.0,117.0,16933.0,1111.0,58.0,0.0,119.0
2020-09-03,18208.0,119.0,17045.0,1044.0,47.0,2.0,112.0
2020-09-04,18269.0,119.0,17162.0,988.0,61.0,0.0,117.0
2020-09-05,18472.0,119.0,17323.0,1030.0,203.0,0.0,161.0
2020-09-06,18588.0,119.0,17472.0,997.0,116.0,0.0,149.0
2020-09-07,18701.0,119.0,17599.0,983.0,113.0,0.0,127.0
2020-09-08,18778.0,119.0,17688.0,971.0,77.0,0.0,89.0
2020-09-09,18815.0,119.0,17770.0,926.0,37.0,0.0,82.0
2020-09-10,18869.0,119.0,17884.0,866.0,54.0,0.0,114.0
2020-09-11,18916.0,119.0,17960.0,837.0,47.0,0.0,76.0
