date,confirmed,deaths,recovered,active,new_confirmed,new_deaths,new_recovered
2020-03-11,1.0,0.0,0.0,1.0,,,
2020-03-12,2.0,0.0,0.0,2.0,1.0,0.0,0.0
2020-03-13,8.0,0.0,0.0,8.0,6.0,0.0,0.0
2020-03-14,8.0,0.0,0.0,8.0,0.0,0.0,0.0
2020-03-15,10.0,0.0,0.0,10.0,2.0,0.0,0.0
2020-03-16,10.0,0.0,2.0,8.0,0.0,0.0,2.0
2020-03-17,12.0,0.0,2.0,10.0,2.0,0.0,0.0
2020-03-18,13.0,0.0,2.0,11.0,1.0,0.0,0.0
2020-03-19,15.0,1.0,2.0,12.0,2.0,1.0,0.0
2020-03-20,16.0,1.0,2.0,13.0,1.0,0.0,0.0
2020-03-21,16.0,1.0,2.0,13.0,0.0,0.0,0.0
2020-03-22,19.0,1.0,2.0,16.0,3.0,0.0,0.0
2020-03-23,19.0,1.0,2.0,16.0,0.0,0.0,0.0
2020-03-24,21.0,1.0,2.0,18.0,2.0,0.0,0.0
2020-03-25,26.0,1.0,2.0,23.0,5.0,0.0,0.0
2020-03-26,26.0,1.0,2.0,23.0,0.0,0.0,0.0
2020-03-27,26.0,1.0,2.0,23.0,0.0,0.0,0.0
2020-03-28,30.0,1.0,2.0,27.0,4.0,0.0,0.0
2020-03-29,32.0,1.0,2.0,29.0,2.0,0.0,0.0
2020-03-30,36.0,1.0,2.0,33.0,4.0,0.0,0.0
2020-03-31,36.0,1.0,2.0,33.0,0.0,0.0,0.0
2020-04-01,44.0,3.0,2.0,39.0,8.0,2.0,0.0
2020-04-02,47.0,3.0,2.0,42.0,3.0,0.0,0.0
2020-04-03,47.0,3.0,2.0,42.0,0.0,0.0,0.0
2020-04-04,53.0,3.0,7.0,43.0,6.0,0.0,5.0
2020-04-05,58.0,3.0,8.0,47.0,5.0,0.0,1.0
2020-04-06,58.0,3.0,8.0,47.0,0.0,0.0,0.0
2020-04-07,63.0,3.0,8.0,52.0,5.0,0.0,0.0
2020-04-08,63.0,4.0,10.0,49.0,0.0,1.0,2.0
2020-04-09,63.0,4.0,12.0,47.0,0.0,0.0,2.0
2020-04-10,63.0,4.0,13.0,46.0,0.0,0.0,1.0
2020-04-11,65.0,4.0,13.0,48.0,2.0,0.0,0.0
2020-04-12,69.0,4.0,13.0,52.0,4.0,0.0,0.0
2020-04-13,73.0,4.0,19.0,50.0,4.0,0.0,6.0
2020-04-14,73.0,4.0,19.0,50.0,0.0,0.0,0.0
2020-04-15,125.0,5.0,21.0,99.0,52.0,1.0,2.0
2020-04-16,143.0,5.0,21.0,117.0,18.0,0.0,0.0
2020-04-17,143.0,5.0,25.0,113.0,0.0,0.0,4.0
2020-04-18,163.0,5.0,25.0,133.0,20.0,0.0,0.0
2020-04-19,173.0,5.0,27.0,141.0,10.0,0.0,2.0
2020-04-20,223.0,5.0,27.0,191.0,50.0,0.0,0.0
2020-04-21,223.0,6.0,27.0,190.0,0.0,1.0,0.0
2020-04-22,233.0,6.0,27.0,200.0,10.0,0.0,0.0
2020-04-23,257.0,6.0,28.0,223.0,24.0,0.0,1.0
2020-04-24,288.0,7.0,28.0,253.0,31.0,1.0,0.0
2020-04-25,305.0,7.0,28.0,270.0,17.0,0.0,0.0
2020-04-26,350.0,7.0,28.0,315.0,45.0,0.0,0.0
2020-04-27,364.0,7.0,29.0,328.0,14.0,0.0,1.0
2020-04-28,364.0,7.0,29.0,328.0,0.0,0.0,0.0
2020-04-29,396.0,7.0,29.0,360.0,32.0,0.0,0.0
2020-04-30,422.0,8.0,29.0,385.0,26.0,1.0,0.0
2020-05-01,432.0,8.0,31.0,393.0,10.0,0.0,2.0
2020-05-02,463.0,8.0,33.0,422.0,31.0,0.0,2.0
2020-05-03,469.0,9.0,38.0,422.0,6.0,1.0,5.0
2020-05-04,471.0,9.0,38.0,424.0,2.0,0.0,0.0
2020-05-05,473.0,9.0,56.0,408.0,2.0,0.0,18.0
2020-05-06,478.0,9.0,57.0,412.0,5.0,0.0,1.0
2020-05-07,488.0,9.0,58.0,421.0,10.0,0.0,1.0
2020-05-08,490.0,9.0,62.0,419.0,2.0,0.0,4.0
2020-05-09,490.0,9.0,62.0,419.0,0.0,0.0,0.0
2020-05-10,502.0,9.0,90.0,403.0,12.0,0.0,28.0
2020-05-11,505.0,9.0,90.0,406.0,3.0,0.0,0.0
2020-05-12,507.0,9.0,100.0,398.0,2.0,0.0,10.0
2020-05-13,509.0,9.0,113.0,387.0,2.0,0.0,13.0
2020-05-14,509.0,9.0,118.0,382.0,0.0,0.0,5.0
2020-05-15,511.0,9.0,121.0,381.0,2.0,0.0,3.0
2020-05-16,517.0,9.0,121.0,387.0,6.0,0.0,0.0
2020-05-17,520.0,9.0,127.0,384.0,3.0,0.0,6.0
2020-05-18,520.0,9.0,131.0,380.0,0.0,0.0,4.0
2020-05-19,520.0,9.0,145.0,366.0,0.0,0.0,14.0
2020-05-20,529.0,9.0,171.0,349.0,9.0,0.0,26.0
2020-05-21,534.0,9.0,181.0,344.0,5.0,0.0,10.0
2020-05-22,544.0,9.0,191.0,344.0,10.0,0.0,10.0
2020-05-23,550.0,9.0,200.0,341.0,6.0,0.0,9.0
2020-05-24,552.0,9.0,211.0,332.0,2.0,0.0,11.0
2020-05-25,556.0,9.0,238.0,309.0,4.0,0.0,27.0
2020-05-26,564.0,9.0,267.0,288.0,8.0,0.0,29.0
2020-05-27,569.0,9.0,279.0,281.0,5.0,0.0,12.0
2020-05-28,569.0,9.0,284.0,276.0,0.0,0.0,5.0
2020-05-29,575.0,9.0,289.0,277.0,6.0,0.0,5.0
2020-05-30,581.0,9.0,290.0,282.0,6.0,0.0,1.0
2020-05-31,586.0,9.0,311.0,266.0,5.0,0.0,21.0
2020-06-01,588.0,9.0,322.0,257.0,2.0,0.0,11.0
2020-06-02,590.0,9.0,356.0,225.0,2.0,0.0,34.0
2020-06-03,591.0,10.0,361.0,220.0,1.0,1.0,5.0
2020-06-04,591.0,10.0,368.0,213.0,0.0,0.0,7.0
2020-06-05,595.0,10.0,385.0,200.0,4.0,0.0,17.0
2020-06-06,596.0,10.0,404.0,182.0,1.0,0.0,19.0
2020-06-07,598.0,10.0,405.0,183.0,2.0,0.0,1.0
2020-06-08,599.0,10.0,405.0,184.0,1.0,0.0,0.0
2020-06-09,605.0,10.0,405.0,190.0,6.0,0.0,0.0
2020-06-10,605.0,10.0,407.0,188.0,0.0,0.0,2.0
2020-06-11,611.0,10.0,408.0,193.0,6.0,0.0,1.0
2020-06-12,614.0,10.0,417.0,187.0,3.0,0.0,9.0
2020-06-13,615.0,10.0,420.0,185.0,1.0,0.0,3.0
2020-06-14,617.0,10.0,420.0,187.0,2.0,0.0,0.0
2020-06-15,621.0,10.0,430.0,181.0,4.0,0.0,10.0
2020-06-16,621.0,10.0,449.0,162.0,0.0,0.0,19.0
2020-06-17,626.0,10.0,451.0,165.0,5.0,0.0,2.0
2020-06-18,638.0,10.0,458.0,170.0,12.0,0.0,7.0
2020-06-19,652.0,10.0,458.0,184.0,14.0,0.0,0.0
2020-06-20,657.0,10.0,462.0,185.0,5.0,0.0,4.0
2020-06-21,659.0,10.0,516.0,133.0,2.0,0.0,54.0
2020-06-22,665.0,10.0,516.0,139.0,6.0,0.0,0.0
2020-06-23,670.0,10.0,518.0,142.0,5.0,0.0,2.0
2020-06-24,678.0,10.0,521.0,147.0,8.0,0.0,3.0
2020-06-25,684.0,10.0,526.0,148.0,6.0,0.0,5.0
2020-06-26,686.0,10.0,539.0,137.0,2.0,0.0,13.0
2020-06-27,690.0,10.0,552.0,128.0,4.0,0.0,13.0
2020-06-28,696.0,10.0,552.0,134.0,6.0,0.0,0.0
2020-06-29,698.0,10.0,553.0,135.0,2.0,0.0,1.0
2020-06-30,702.0,10.0,553.0,139.0,4.0,0.0,0.0
2020-07-01,707.0,10.0,555.0,142.0,5.0,0.0,2.0
2020-07-02,715.0,10.0,560.0,145.0,8.0,0.0,5.0
2020-07-03,721.0,10.0,565.0,146.0,6.0,0.0,5.0
2020-07-04,728.0,10.0,569.0,149.0,7.0,0.0,4.0
2020-07-05,732.0,10.0,584.0,138.0,4.0,0.0,15.0
2020-07-06,737.0,10.0,591.0,136.0,5.0,0.0,7.0
2020-07-07,745.0,10.0,599.0,136.0,8.0,0.0,8.0
2020-07-08,751.0,10.0,600.0,141.0,6.0,0.0,1.0
2020-07-09,753.0,10.0,603.0,140.0,2.0,0.0,3.0
2020-07-10,753.0,10.0,605.0,138.0,0.0,0.0,2.0
2020-07-11,758.0,10.0,615.0,133.0,5.0,0.0,10.0
2020-07-12,758.0,10.0,620.0,128.0,0.0,0.0,5.0
2020-07-13,759.0,10.0,628.0,121.0,1.0,0.0,8.0
2020-07-14,762.0,10.0,643.0,109.0,3.0,0.0,15.0
2020-07-15,763.0,10.0,647.0,106.0,1.0,0.0,4.0
2020-07-16,765.0,10.0,647.0,108.0,2.0,0.0,0.0
2020-07-17,768.0,10.0,678.0,80.0,3.0,0.0,31.0
2020-07-18,774.0,10.0,679.0,85.0,6.0,0.0,1.0
2020-07-19,790.0,10.0,693.0,87.0,16.0,0.0,14.0
2020-07-20,809.0,10.0,706.0,93.0,19.0,0.0,13.0
2020-07-21,810.0,10.0,709.0,91.0,1.0,0.0,3.0
2020-07-22,816.0,10.0,710.0,96.0,6.0,0.0,1.0
2020-07-23,821.0,10.0,711.0,100.0,5.0,0.0,1.0
2020-07-24,831.0,10.0,711.0,110.0,10.0,0.0,0.0
2020-07-25,837.0,10.0,711.0,116.0,6.0,0.0,0.0
2020-07-26,842.0,10.0,714.0,118.0,5.0,0.0,3.0
2020-07-27,853.0,10.0,714.0,129.0,11.0,0.0,0.0
2020-07-28,855.0,10.0,724.0,121.0,2.0,0.0,10.0
2020-07-29,856.0,10.0,724.0,122.0,1.0,0.0,0.0
2020-07-30,864.0,10.0,724.0,130.0,8.0,0.0,0.0
2020-07-31,878.0,10.0,726.0,142.0,14.0,0.0,2.0
2020-08-01,883.0,10.0,743.0,130.0,5.0,0.0,17.0
2020-08-02,894.0,12.0,743.0,139.0,11.0,2.0,0.0
2020-08-03,905.0,12.0,743.0,150.0,11.0,0.0,0.0
2020-08-04,920.0,12.0,745.0,163.0,15.0,0.0,2.0
2020-08-05,928.0,12.0,745.0,171.0,8.0,0.0,0.0
2020-08-06,958.0,12.0,745.0,201.0,30.0,0.0,0.0
2020-08-07,987.0,13.0,745.0,229.0,29.0,1.0,0.0
2020-08-08,1003.0,13.0,745.0,245.0,16.0,0.0,0.0
2020-08-09,1023.0,14.0,745.0,264.0,20.0,1.0,0.0
2020-08-10,1031.0,14.0,745.0,272.0,8.0,0.0,0.0
2020-08-11,1047.0,14.0,753.0,280.0,16.0,0.0,8.0
2020-08-12,1065.0,14.0,753.0,298.0,18.0,0.0,0.0
2020-08-13,1071.0,14.0,754.0,303.0,6.0,0.0,1.0
2020-08-14,1082.0,14.0,761.0,307.0,11.0,0.0,7.0
2020-08-15,1082.0,14.0,761.0,307.0,0.0,0.0,0.0
2020-08-16,1113.0,14.0,764.0,335.0,31.0,0.0,3.0
2020-08-17,1129.0,14.0,764.0,351.0,16.0,0.0,0.0
2020-08-18,1146.0,14.0,770.0,362.0,17.0,0.0,6.0
2020-08-19,1192.0,14.0,772.0,406.0,46.0,0.0,2.0
2020-08-20,1290.0,15.0,788.0,487.0,98.0,1.0,16.0
2020-08-21,1346.0,16.0,788.0,542.0,56.0,1.0,0.0
2020-08-22,1346.0,16.0,788.0,542.0,0.0,0.0,0.0
2020-08-23,1529.0,16.0,819.0,694.0,183.0,0.0,31.0
2020-08-24,1612.0,16.0,819.0,777.0,83.0,0.0,0.0
2020-08-25,1732.0,19.0,840.0,873.0,120.0,3.0,21.0
2020-08-26,1804.0,19.0,846.0,939.0,72.0,0.0,6.0
2020-08-27,1870.0,19.0,846.0,1005.0,66.0,0.0,0.0
2020-08-28,2011.0,19.0,888.0,1104.0,141.0,0.0,42.0
2020-08-29,2113.0,20.0,890.0,1203.0,102.0,1.0,2.0
2020-08-30,2357.0,21.0,890.0,1446.0,244.0,1.0,0.0
2020-08-31,2459.0,21.0,890.0,1548.0,102.0,0.0,0.0
2020-09-01,2459.0,21.0,890.0,1548.0,0.0,0.0,0.0
2020-09-02,2683.0,24.0,898.0,1761.0,224.0,3.0,8.0
2020-09-03,2896.0,29.0,921.0,1946.0,213.0,5.0,23.0
2020-09-04,2964.0,30.0,922.0,2012.0,68.0,1.0,1.0
2020-09-05,3024.0,32.0,950.0,2042.0,60.0,2.0,28.0
2020-09-06,3103.0,33.0,958.0,2112.0,79.0,1.0,8.0
2020-09-07,3183.0,34.0,974.0,2175.0,80.0,1.0,16.0
2020-09-08,3323.0,36.0,992.0,2295.0,140.0,2.0,18.0
2020-09-09,3437.0,38.0,1019.0,2380.0,114.0,2.0,27.0
2020-09-10,3511.0,40.0,1019.0,2452.0,74.0,2.0,0.0
2020-09-11,3511.0,40.0,1019.0,2452.0,0.0,0.0,0.0
2020-09-12,3623.0,40.0,1072.0,2511.0,112.0,0.0,53.0
2020-09-13,3771.0,42.0,1149.0,2580.0,148.0,2.0,77.0
2020-09-14,3933.0,44.0,1161.0,2728.0,162.0,2.0,12.0
2020-09-15,4042.0,46.0,1163.0,2833.0,109.0,2.0,2.0
2020-09-16,4164.0,46.0,1180.0,2938.0,122.0,0.0,17.0
2020-09-17,4374.0,51.0,1225.0,3098.0,210.0,5.0,45.0
2020-09-18,4571.0,55.0,1264.0,3252.0,197.0,4.0,39.0
2020-09-19,4758.0,60.0,1327.0,3371.0,187.0,5.0,63.0
2020-09-20,4988.0,67.0,1350.0,3571.0,230.0,7.0,23.0
2020-09-21,5143.0,70.0,1407.0,3666.0,155.0,3.0,57.0
2020-09-22,5270.0,75.0,1444.0,3751.0,127.0,5.0,37.0
2020-09-23,5395.0,76.0,1444.0,3875.0,125.0,1.0,0.0
2020-09-24,5588.0,77.0,1490.0,4021.0,193.0,1.0,46.0
2020-09-25,5723.0,80.0,1496.0,4147.0,135.0,3.0,6.0
2020-09-26,5854.0,88.0,1624.0,4142.0,131.0,8.0,128.0
2020-09-27,6017.0,89.0,1706.0,4222.0,163.0,1.0,82.0
2020-09-28,6170.0,93.0,1741.0,4336.0,153.0,4.0,35.0
2020-09-29,6408.0,101.0,1770.0,4537.0,238.0,8.0,29.0
2020-09-30,6482.0,107.0,1867.0,4508.0,74.0,6.0,97.0
2020-10-01,6555.0,111.0,1991.0,4453.0,73.0,4.0,124.0
2020-10-02,6704.0,116.0,2112.0,4476.0,149.0,5.0,121.0
2020-10-03,6795.0,119.0,2345.0,4331.0,91.0,3.0,233.0
2020-10-04,6895.0,120.0,2460.0,4315.0,100.0,1.0,115.0
2020-10-05,7012.0,120.0,2635.0,4257.0,117.0,0.0,175.0
2020-10-06,7109.0,123.0,2674.0,4312.0,97.0,3.0,39.0
2020-10-07,7191.0,126.0,2700.0,4365.0,82.0,3.0,26.0
2020-10-08,7273.0,128.0,2732.0,4413.0,82.0,2.0,32.0
2020-10-09,7363.0,132.0,3102.0,4129.0,90.0,4.0,370.0
2020-10-10,7559.0,138.0,3142.0,4279.0,196.0,6.0,40.0
2020-10-11,7718.0,139.0,3162.0,4417.0,159.0,1.0,20.0
2020-10-12,7813.0,146.0,3237.0,4430.0,95.0,7.0,75.0
2020-10-13,7910.0,146.0,3303.0,4461.0,97.0,0.0,66.0
2020-10-14,7989.0,151.0,3431.0,4407.0,79.0,5.0,128.0
2020-10-15,8067.0,160.0,3481.0,4426.0,78.0,9.0,50.0
2020-10-16,8132.0,162.0,3653.0,4317.0,65.0,2.0,172.0
2020-10-17,8195.0,168.0,3653.0,4374.0,63.0,6.0,0.0
2020-10-18,8274.0,171.0,3859.0,4244.0,79.0,3.0,206.0
2020-10-19,8321.0,173.0,3951.0,4197.0,47.0,2.0,92.0
2020-10-20,8374.0,174.0,4002.0,4198.0,53.0,1.0,51.0
2020-10-21,8445.0,174.0,4016.0,4255.0,71.0,0.0,14.0
2020-10-22,8600.0,179.0,4095.0,4326.0,155.0,5.0,79.0
2020-10-23,8638.0,182.0,4156.0,4300.0,38.0,3.0,61.0
2020-10-24,8670.0,186.0,4209.0,4275.0,32.0,4.0,53.0
2020-10-25,8714.0,188.0,4282.0,4244.0,44.0,2.0,73.0
2020-10-26,8749.0,192.0,4303.0,4254.0,35.0,4.0,21.0
2020-10-27,8787.0,196.0,4347.0,4244.0,38.0,4.0,44.0
2020-10-28,8851.0,198.0,4379.0,4274.0,64.0,2.0,32.0
2020-10-29,8927.0,202.0,4429.0,4296.0,76.0,4.0,50.0
2020-10-30,9005.0,205.0,4442.0,4358.0,78.0,3.0,13.0
2020-10-31,9094.0,206.0,4510.0,4378.0,89.0,1.0,68.0
2020-11-01,9131.0,208.0,4617.0,4306.0,37.0,2.0,107.0
2020-11-02,9257.0,210.0,4637.0,4410.0,126.0,2.0,20.0
2020-11-03,9296.0,214.0,4666.0,4416.0,39.0,4.0,29.0
2020-11-04,9326.0,215.0,4704.0,4407.0,30.0,1.0,38.0
2020-11-05,9373.0,217.0,4745.0,4411.0,47.0,2.0,41.0
2020-11-06,9426.0,218.0,4801.0,4407.0,53.0,1.0,56.0
2020-11-07,9472.0,218.0,4878.0,4376.0,46.0,0.0,77.0
2020-11-08,9506.0,221.0,4934.0,4351.0,34.0,3.0,56.0
2020-11-09,9542.0,221.0,4952.0,4369.0,36.0,0.0,18.0
