date,confirmed,deaths,recovered,active,new_confirmed,new_deaths,new_recovered
2020-01-22,2.0,0.0,0.0,0.0,,,
2020-01-23,1.0,0.0,0.0,0.0,-1.0,0.0,0.0
2020-01-24,2.0,0.0,0.0,0.0,1.0,0.0,0.0
2020-01-25,2.0,0.0,0.0,0.0,0.0,0.0,0.0
2020-01-26,4.0,0.0,1.0,0.0,2.0,0.0,1.0
2020-01-27,4.0,0.0,1.0,0.0,0.0,0.0,0.0
2020-01-28,7.0,0.0,1.0,0.0,3.0,0.0,0.0
2020-01-29,7.0,0.0,1.0,0.0,0.0,0.0,0.0
2020-01-30,11.0,0.0,1.0,0.0,4.0,0.0,0.0
2020-01-31,15.0,0.0,1.0,0.0,4.0,0.0,0.0
2020-02-01,20.0,0.0,1.0,19.0,5.0,0.0,0.0
2020-02-02,20.0,0.0,1.0,19.0,0.0,0.0,0.0
2020-02-03,20.0,0.0,1.0,19.0,0.0,0.0,0.0
2020-02-04,22.0,0.0,1.0,21.0,2.0,0.0,0.0
2020-02-05,22.0,0.0,1.0,21.0,0.0,0.0,0.0
2020-02-06,45.0,0.0,1.0,44.0,23.0,0.0,0.0
2020-02-07,25.0,0.0,1.0,24.0,-20.0,0.0,0.0
2020-02-08,25.0,0.0,1.0,24.0,0.0,0.0,0.0
2020-02-09,26.0,0.0,1.0,25.0,1.0,0.0,0.0
2020-02-10,26.0,0.0,4.0,22.0,0.0,0.0,3.0
2020-02-11,26.0,0.0,9.0,17.0,0.0,0.0,5.0
2020-02-12,28.0,0.0,9.0,19.0,2.0,0.0,0.0
2020-02-13,28.0,1.0,9.0,18.0,0.0,1.0,0.0
2020-02-14,29.0,1.0,9.0,19.0,1.0,0.0,0.0
2020-02-15,43.0,1.0,12.0,30.0,14.0,0.0,3.0
2020-02-16,59.0,1.0,12.0,46.0,16.0,0.0,0.0
2020-02-17,66.0,1.0,12.0,53.0,7.0,0.0,0.0
2020-02-18,74.0,1.0,13.0,60.0,8.0,0.0,1.0
2020-02-19,84.0,1.0,18.0,65.0,10.0,0.0,5.0
2020-02-20,94.0,1.0,18.0,75.0,10.0,0.0,0.0
2020-02-21,105.0,1.0,22.0,82.0,11.0,0.0,4.0
2020-02-22,122.0,1.0,22.0,99.0,17.0,0.0,0.0
2020-02-23,147.0,1.0,22.0,124.0,25.0,0.0,0.0
2020-02-24,159.0,1.0,22.0,136.0,12.0,0.0,0.0
2020-02-25,170.0,1.0,22.0,147.0,11.0,0.0,0.0
2020-02-26,189.0,2.0,22.0,165.0,19.0,1.0,0.0
2020-02-27,214.0,4.0,22.0,188.0,25.0,2.0,0.0
2020-02-28,228.0,4.0,22.0,202.0,14.0,0.0,0.0
2020-02-29,241.0,5.0,32.0,204.0,13.0,1.0,10.0
2020-03-01,256.0,6.0,32.0,218.0,15.0,1.0,0.0
2020-03-02,274.0,6.0,32.0,236.0,18.0,0.0,0.0
2020-03-03,293.0,6.0,43.0,244.0,19.0,0.0,11.0
2020-03-04,331.0,6.0,43.0,282.0,38.0,0.0,0.0
2020-03-05,360.0,6.0,43.0,311.0,29.0,0.0,0.0
2020-03-06,420.0,6.0,46.0,368.0,60.0,0.0,3.0
2020-03-07,461.0,6.0,76.0,379.0,41.0,0.0,30.0
2020-03-08,502.0,6.0,76.0,420.0,41.0,0.0,0.0
2020-03-09,511.0,17.0,76.0,418.0,9.0,11.0,0.0
2020-03-10,581.0,10.0,101.0,470.0,70.0,-7.0,25.0
2020-03-11,639.0,15.0,118.0,506.0,58.0,5.0,17.0
2020-03-12,639.0,16.0,118.0,505.0,0.0,1.0,0.0
2020-03-13,701.0,19.0,118.0,564.0,62.0,3.0,0.0
2020-03-14,773.0,22.0,118.0,633.0,72.0,3.0,0.0
2020-03-15,839.0,22.0,118.0,699.0,66.0,0.0,0.0
2020-03-16,825.0,27.0,144.0,654.0,-14.0,5.0,26.0
2020-03-17,878.0,29.0,144.0,705.0,53.0,2.0,0.0
2020-03-18,889.0,29.0,144.0,716.0,11.0,0.0,0.0
2020-03-19,924.0,29.0,150.0,745.0,35.0,0.0,6.0
2020-03-20,963.0,33.0,191.0,739.0,39.0,4.0,41.0
2020-03-21,1007.0,35.0,232.0,740.0,44.0,2.0,41.0
2020-03-22,1086.0,36.0,235.0,815.0,79.0,1.0,3.0
2020-03-23,1128.0,42.0,235.0,851.0,42.0,6.0,0.0
2020-03-24,1193.0,43.0,285.0,865.0,65.0,1.0,50.0
2020-03-25,1307.0,45.0,310.0,952.0,114.0,2.0,25.0
2020-03-26,1387.0,47.0,359.0,981.0,80.0,2.0,49.0
2020-03-27,1468.0,49.0,372.0,1047.0,81.0,2.0,13.0
2020-03-28,1693.0,52.0,404.0,1237.0,225.0,3.0,32.0
2020-03-29,1866.0,54.0,424.0,1388.0,173.0,2.0,20.0
2020-03-30,1866.0,54.0,424.0,1388.0,0.0,0.0,0.0
2020-03-31,1953.0,56.0,424.0,1473.0,87.0,2.0,0.0
2020-04-01,2178.0,57.0,472.0,1649.0,225.0,1.0,48.0
2020-04-02,2495.0,62.0,472.0,1961.0,317.0,5.0,0.0
2020-04-03,2617.0,63.0,514.0,2040.0,122.0,1.0,42.0
2020-04-04,3139.0,77.0,514.0,2548.0,522.0,14.0,0.0
2020-04-05,3139.0,77.0,514.0,2548.0,0.0,0.0,0.0
2020-04-06,3654.0,85.0,575.0,2994.0,515.0,8.0,61.0
2020-04-07,3906.0,92.0,592.0,3222.0,252.0,7.0,17.0
2020-04-08,4257.0,93.0,622.0,3542.0,351.0,1.0,30.0
2020-04-09,4667.0,94.0,632.0,3941.0,410.0,1.0,10.0
2020-04-10,5530.0,99.0,685.0,4746.0,863.0,5.0,53.0
2020-04-11,6005.0,99.0,762.0,5144.0,475.0,0.0,77.0
2020-04-12,6748.0,108.0,762.0,5878.0,743.0,9.0,0.0
2020-04-13,7370.0,123.0,784.0,6463.0,622.0,15.0,22.0
2020-04-14,7645.0,143.0,799.0,6703.0,275.0,20.0,15.0
2020-04-15,8100.0,146.0,853.0,7101.0,455.0,3.0,54.0
2020-04-16,8626.0,178.0,901.0,7547.0,526.0,32.0,48.0
2020-04-17,9787.0,190.0,935.0,8662.0,1161.0,12.0,34.0
2020-04-18,10296.0,222.0,1069.0,9005.0,509.0,32.0,134.0
2020-04-19,10797.0,236.0,1159.0,9402.0,501.0,14.0,90.0
2020-04-20,10797.0,236.0,1159.0,9402.0,0.0,0.0,0.0
2020-04-21,11135.0,263.0,1239.0,9633.0,338.0,27.0,80.0
2020-04-22,11512.0,281.0,1356.0,9875.0,377.0,18.0,117.0
2020-04-23,12368.0,328.0,1494.0,10546.0,856.0,47.0,138.0
2020-04-24,12829.0,345.0,1530.0,10954.0,461.0,17.0,36.0
2020-04-25,13231.0,360.0,1656.0,11215.0,402.0,15.0,126.0
2020-04-26,13441.0,372.0,1809.0,11260.0,210.0,12.0,153.0
2020-04-27,14153.0,385.0,1899.0,11869.0,712.0,13.0,90.0
2020-04-28,13736.0,394.0,1899.0,11443.0,-417.0,9.0,0.0
2020-04-29,13895.0,413.0,2368.0,11114.0,159.0,19.0,469.0
2020-04-30,14088.0,430.0,2460.0,11198.0,193.0,17.0,92.0
2020-05-01,14305.0,455.0,2975.0,10875.0,217.0,25.0,515.0
2020-05-02,14571.0,474.0,3205.0,10892.0,266.0,19.0,230.0
2020-05-03,14877.0,487.0,3981.0,10409.0,306.0,13.0,776.0
2020-05-04,15078.0,536.0,4156.0,10386.0,201.0,49.0,175.0
2020-05-05,15253.0,556.0,4496.0,10201.0,175.0,20.0,340.0
2020-05-06,15253.0,556.0,4496.0,10201.0,0.0,0.0,0.0
2020-05-07,15477.0,577.0,4918.0,9982.0,224.0,21.0,422.0
2020-05-08,15575.0,590.0,5146.0,9839.0,98.0,13.0,228.0
2020-05-09,15663.0,607.0,5906.0,9150.0,88.0,17.0,760.0
2020-05-10,15777.0,624.0,8127.0,7026.0,114.0,17.0,2221.0
2020-05-11,15847.0,633.0,8293.0,6921.0,70.0,9.0,166.0
2020-05-12,15968.0,657.0,8531.0,6780.0,121.0,24.0,238.0
2020-05-13,16049.0,678.0,8920.0,6451.0,81.0,21.0,389.0
2020-05-14,16120.0,697.0,9868.0,5555.0,71.0,19.0,948.0
2020-05-15,16203.0,713.0,10338.0,5152.0,83.0,16.0,470.0
2020-05-16,16237.0,725.0,10338.0,5174.0,34.0,12.0,0.0
2020-05-17,16285.0,744.0,11153.0,4388.0,48.0,19.0,815.0
2020-05-18,16305.0,749.0,11564.0,3992.0,20.0,5.0,411.0
2020-05-19,16367.0,768.0,11564.0,4035.0,62.0,19.0,0.0
2020-05-20,16367.0,768.0,11564.0,4035.0,0.0,0.0,0.0
2020-05-21,16424.0,777.0,12672.0,2975.0,57.0,9.0,1108.0
2020-05-22,16513.0,796.0,13005.0,2712.0,89.0,19.0,333.0
2020-05-23,16536.0,808.0,13244.0,2484.0,23.0,12.0,239.0
2020-05-24,16550.0,820.0,13413.0,2317.0,14.0,12.0,169.0
2020-05-25,16581.0,830.0,13612.0,2139.0,31.0,10.0,199.0
2020-05-26,16623.0,846.0,13810.0,1967.0,42.0,16.0,198.0
2020-05-27,16651.0,858.0,13973.0,1820.0,28.0,12.0,163.0
2020-05-28,16598.0,881.0,14096.0,1621.0,-53.0,23.0,123.0
2020-05-29,16673.0,887.0,14213.0,1573.0,75.0,6.0,117.0
2020-05-30,16716.0,894.0,14267.0,1555.0,43.0,7.0,54.0
2020-05-31,16751.0,898.0,14342.0,1511.0,35.0,4.0,75.0
2020-06-01,16787.0,899.0,14463.0,1425.0,36.0,1.0,121.0
2020-06-02,16837.0,902.0,14585.0,1350.0,50.0,3.0,122.0
2020-06-03,16867.0,905.0,14702.0,1260.0,30.0,3.0,117.0
2020-06-04,16911.0,911.0,14785.0,1215.0,44.0,6.0,83.0
2020-06-05,16958.0,916.0,14925.0,1117.0,47.0,5.0,140.0
2020-06-06,17000.0,915.0,14927.0,1158.0,42.0,-1.0,2.0
2020-06-07,17039.0,917.0,14990.0,1132.0,39.0,2.0,63.0
2020-06-08,17060.0,920.0,15043.0,1097.0,21.0,3.0,53.0
2020-06-09,17111.0,920.0,15141.0,1050.0,51.0,0.0,98.0
2020-06-10,17146.0,922.0,15217.0,1007.0,35.0,2.0,76.0
2020-06-11,17187.0,922.0,15233.0,1032.0,41.0,0.0,16.0
2020-06-12,17250.0,924.0,15362.0,964.0,63.0,2.0,129.0
2020-06-13,17293.0,927.0,15458.0,908.0,43.0,3.0,96.0
2020-06-14,17369.0,927.0,15514.0,928.0,76.0,0.0,56.0
2020-06-15,17439.0,929.0,15567.0,943.0,70.0,2.0,53.0
2020-06-16,17484.0,934.0,15652.0,898.0,45.0,5.0,85.0
2020-06-17,17530.0,935.0,15753.0,842.0,46.0,1.0,101.0
2020-06-18,17588.0,935.0,15753.0,900.0,58.0,0.0,0.0
2020-06-19,17658.0,951.0,15844.0,863.0,70.0,16.0,91.0
2020-06-20,17725.0,955.0,15948.0,822.0,67.0,4.0,104.0
2020-06-21,17780.0,955.0,15948.0,877.0,55.0,0.0,0.0
2020-06-22,17820.0,955.0,15957.0,908.0,40.0,0.0,9.0
2020-06-23,17879.0,965.0,16096.0,818.0,59.0,10.0,139.0
2020-06-24,17963.0,967.0,16101.0,895.0,84.0,2.0,5.0
2020-06-25,18055.0,971.0,16142.0,942.0,92.0,4.0,41.0
2020-06-26,18162.0,971.0,16224.0,967.0,107.0,0.0,82.0
2020-06-27,18254.0,971.0,16293.0,990.0,92.0,0.0,69.0
2020-06-28,18366.0,972.0,16327.0,1067.0,112.0,1.0,34.0
2020-06-29,18476.0,972.0,16388.0,1116.0,110.0,0.0,61.0
2020-06-30,18615.0,972.0,16458.0,1185.0,139.0,0.0,70.0
2020-07-01,18838.0,976.0,16563.0,1299.0,223.0,4.0,105.0
2020-07-02,19055.0,977.0,16615.0,1463.0,217.0,1.0,52.0
2020-07-03,19185.0,977.0,16721.0,1487.0,130.0,0.0,106.0
2020-07-04,19461.0,977.0,16832.0,1652.0,276.0,0.0,111.0
2020-07-05,19668.0,977.0,16870.0,1821.0,207.0,0.0,38.0
2020-07-06,19848.0,978.0,17007.0,1863.0,180.0,1.0,137.0
2020-07-07,20055.0,981.0,17057.0,2017.0,207.0,3.0,50.0
2020-07-08,20261.0,982.0,17057.0,2222.0,206.0,1.0,0.0
2020-07-09,20617.0,982.0,17412.0,2223.0,356.0,0.0,355.0
2020-07-10,21044.0,982.0,17494.0,2568.0,427.0,0.0,82.0
2020-07-11,21430.0,982.0,17494.0,2954.0,386.0,0.0,0.0
2020-07-12,21841.0,983.0,17845.0,3013.0,411.0,1.0,351.0
2020-07-13,22125.0,984.0,18058.0,3083.0,284.0,1.0,213.0
2020-07-14,22437.0,984.0,18126.0,3327.0,312.0,0.0,68.0
2020-07-15,23172.0,984.0,18126.0,4062.0,735.0,0.0,0.0
2020-07-16,23510.0,985.0,18641.0,3884.0,338.0,1.0,515.0
2020-07-17,24104.0,985.0,18944.0,4175.0,594.0,0.0,303.0
2020-07-18,24946.0,986.0,19211.0,4749.0,842.0,1.0,267.0
2020-07-19,25446.0,986.0,19211.0,5249.0,500.0,0.0,0.0
2020-07-20,25706.0,988.0,19603.0,5115.0,260.0,2.0,392.0
2020-07-21,26463.0,988.0,20001.0,5474.0,757.0,0.0,398.0
2020-07-22,27136.0,990.0,20482.0,5664.0,673.0,2.0,481.0
2020-07-23,28114.0,992.0,20878.0,6244.0,978.0,2.0,396.0
2020-07-24,28883.0,994.0,21173.0,6716.0,769.0,2.0,295.0
2020-07-25,29684.0,996.0,21464.0,7224.0,801.0,2.0,291.0
2020-07-26,30548.0,998.0,21606.0,7944.0,864.0,2.0,142.0
2020-07-27,31142.0,998.0,21970.0,8174.0,594.0,0.0,364.0
2020-07-28,32116.0,1001.0,22636.0,8479.0,974.0,3.0,666.0
2020-07-29,33382.0,1001.0,23351.0,9030.0,1266.0,0.0,715.0
2020-07-30,35144.0,1007.0,24024.0,10113.0,1762.0,6.0,673.0
2020-07-31,36234.0,1008.0,24774.0,10452.0,1090.0,1.0,750.0
2020-08-01,37804.0,1012.0,25347.0,11445.0,1570.0,4.0,573.0
2020-08-02,39116.0,1013.0,25748.0,12355.0,1312.0,1.0,401.0
2020-08-03,40099.0,1018.0,26476.0,12605.0,983.0,5.0,728.0
2020-08-04,41347.0,1023.0,27187.0,13137.0,1248.0,5.0,711.0
2020-08-05,42686.0,1028.0,28020.0,13638.0,1339.0,5.0,833.0
2020-08-06,44167.0,1034.0,28858.0,14275.0,1481.0,6.0,838.0
2020-08-07,45764.0,1042.0,30241.0,14481.0,1597.0,8.0,1383.0
2020-08-08,47342.0,1042.0,31248.0,15052.0,1578.0,0.0,1007.0
2020-08-09,48782.0,1047.0,32867.0,14868.0,1440.0,5.0,1619.0
2020-08-10,49617.0,1052.0,33450.0,15115.0,835.0,5.0,583.0
2020-08-11,50302.0,1058.0,34136.0,15108.0,685.0,6.0,686.0
2020-08-12,51288.0,1066.0,34969.0,15253.0,986.0,8.0,833.0
2020-08-13,52471.0,1073.0,36191.0,15207.0,1183.0,7.0,1222.0
2020-08-14,53818.0,1080.0,35498.0,17240.0,1347.0,7.0,-693.0
2020-08-15,55051.0,1093.0,39439.0,14519.0,1233.0,13.0,3941.0
2020-08-16,56074.0,1103.0,40560.0,14411.0,1023.0,10.0,1121.0
2020-08-17,56717.0,1112.0,41591.0,14014.0,643.0,9.0,1031.0
2020-08-18,57636.0,1135.0,42965.0,13536.0,919.0,23.0,1374.0
2020-08-19,58728.0,1148.0,43786.0,13794.0,1092.0,13.0,821.0
2020-08-20,59900.0,1157.0,45110.0,13633.0,1172.0,9.0,1324.0
2020-08-21,60949.0,1175.0,46264.0,13510.0,1049.0,18.0,1154.0
2020-08-22,61916.0,1179.0,47418.0,13319.0,967.0,4.0,1154.0
2020-08-23,62658.0,1188.0,48319.0,13151.0,742.0,9.0,901.0
2020-08-24,63158.0,1201.0,49089.0,12868.0,500.0,13.0,770.0
2020-08-25,63888.0,1219.0,50092.0,12577.0,730.0,18.0,1003.0
2020-08-26,64779.0,1230.0,51407.0,12142.0,891.0,11.0,1315.0
2020-08-27,65653.0,1241.0,52542.0,11870.0,874.0,11.0,1135.0
2020-08-28,66499.0,1251.0,53691.0,11557.0,846.0,10.0,1149.0
