date,confirmed,deaths,recovered,active,new_confirmed,new_deaths,new_recovered
2020-03-03,1.0,0.0,0.0,1.0,,,
2020-03-04,1.0,0.0,0.0,1.0,0.0,0.0,0.0
2020-03-05,1.0,0.0,0.0,1.0,0.0,0.0,0.0
2020-03-06,1.0,0.0,0.0,1.0,0.0,0.0,0.0
2020-03-07,1.0,0.0,0.0,1.0,0.0,0.0,0.0
2020-03-08,1.0,0.0,0.0,1.0,0.0,0.0,0.0
2020-03-09,1.0,0.0,0.0,1.0,0.0,0.0,0.0
2020-03-10,1.0,0.0,0.0,1.0,0.0,0.0,0.0
2020-03-11,1.0,0.0,0.0,1.0,0.0,0.0,0.0
2020-03-12,1.0,0.0,0.0,1.0,0.0,0.0,0.0
2020-03-13,1.0,0.0,1.0,0.0,0.0,0.0,1.0
2020-03-14,1.0,0.0,1.0,0.0,0.0,0.0,0.0
2020-03-15,8.0,0.0,1.0,7.0,7.0,0.0,0.0
2020-03-16,17.0,0.0,1.0,16.0,9.0,0.0,0.0
2020-03-17,34.0,0.0,1.0,33.0,17.0,0.0,0.0
2020-03-18,52.0,0.0,1.0,51.0,18.0,0.0,0.0
2020-03-19,69.0,0.0,1.0,68.0,17.0,0.0,0.0
2020-03-20,85.0,0.0,1.0,84.0,16.0,0.0,0.0
2020-03-21,85.0,0.0,1.0,84.0,0.0,0.0,0.0
2020-03-22,112.0,0.0,1.0,111.0,27.0,0.0,0.0
2020-03-23,127.0,0.0,1.0,126.0,15.0,0.0,0.0
2020-03-24,154.0,0.0,1.0,153.0,27.0,0.0,0.0
2020-03-25,172.0,0.0,1.0,171.0,18.0,0.0,0.0
2020-03-26,212.0,0.0,1.0,211.0,40.0,0.0,0.0
2020-03-27,235.0,1.0,18.0,216.0,23.0,1.0,17.0
2020-03-28,246.0,1.0,18.0,227.0,11.0,0.0,0.0
2020-03-29,259.0,3.0,18.0,238.0,13.0,2.0,0.0
2020-03-30,268.0,5.0,26.0,237.0,9.0,2.0,8.0
2020-03-31,274.0,5.0,30.0,239.0,6.0,0.0,4.0
2020-04-01,278.0,5.0,36.0,237.0,4.0,0.0,6.0
2020-04-02,299.0,5.0,45.0,249.0,21.0,0.0,9.0
2020-04-03,310.0,5.0,58.0,247.0,11.0,0.0,13.0
2020-04-04,323.0,5.0,74.0,244.0,13.0,0.0,16.0
2020-04-05,345.0,5.0,110.0,230.0,22.0,0.0,36.0
2020-04-06,349.0,6.0,126.0,217.0,4.0,1.0,16.0
2020-04-07,353.0,6.0,138.0,209.0,4.0,0.0,12.0
2020-04-08,358.0,6.0,150.0,202.0,5.0,0.0,12.0
2020-04-09,372.0,7.0,161.0,204.0,14.0,1.0,11.0
2020-04-10,372.0,7.0,170.0,195.0,0.0,0.0,9.0
2020-04-11,381.0,7.0,177.0,197.0,9.0,0.0,7.0
2020-04-12,389.0,7.0,201.0,181.0,8.0,0.0,24.0
2020-04-13,391.0,7.0,215.0,169.0,2.0,0.0,14.0
2020-04-14,397.0,7.0,235.0,155.0,6.0,0.0,20.0
2020-04-15,401.0,7.0,250.0,144.0,4.0,0.0,15.0
2020-04-16,402.0,7.0,259.0,136.0,1.0,0.0,9.0
2020-04-17,407.0,7.0,265.0,135.0,5.0,0.0,6.0
2020-04-18,413.0,7.0,269.0,137.0,6.0,0.0,4.0
2020-04-19,417.0,7.0,276.0,134.0,4.0,0.0,7.0
2020-04-20,425.0,7.0,282.0,136.0,8.0,0.0,6.0
2020-04-21,428.0,7.0,297.0,124.0,3.0,0.0,15.0
2020-04-22,435.0,7.0,315.0,113.0,7.0,0.0,18.0
2020-04-23,437.0,7.0,318.0,112.0,2.0,0.0,3.0
2020-04-24,441.0,7.0,326.0,108.0,4.0,0.0,8.0
2020-04-25,444.0,7.0,332.0,105.0,3.0,0.0,6.0
2020-04-26,447.0,7.0,337.0,103.0,3.0,0.0,5.0
2020-04-27,449.0,7.0,342.0,100.0,2.0,0.0,5.0
2020-04-28,449.0,8.0,348.0,93.0,0.0,1.0,6.0
2020-04-29,451.0,8.0,356.0,87.0,2.0,0.0,8.0
2020-04-30,453.0,8.0,362.0,83.0,2.0,0.0,6.0
2020-05-01,459.0,8.0,364.0,87.0,6.0,0.0,2.0
2020-05-02,460.0,9.0,367.0,84.0,1.0,1.0,3.0
2020-05-03,461.0,9.0,367.0,85.0,1.0,0.0,0.0
2020-05-04,465.0,9.0,370.0,86.0,4.0,0.0,3.0
2020-05-05,471.0,9.0,375.0,87.0,6.0,0.0,5.0
2020-05-06,473.0,9.0,377.0,87.0,2.0,0.0,2.0
2020-05-07,494.0,9.0,381.0,104.0,21.0,0.0,4.0
2020-05-08,508.0,9.0,385.0,114.0,14.0,0.0,4.0
2020-05-09,522.0,9.0,387.0,126.0,14.0,0.0,2.0
2020-05-10,540.0,9.0,389.0,142.0,18.0,0.0,2.0
2020-05-11,562.0,9.0,390.0,163.0,22.0,0.0,1.0
2020-05-12,576.0,9.0,390.0,177.0,14.0,0.0,0.0
2020-05-13,582.0,9.0,392.0,181.0,6.0,0.0,2.0
2020-05-14,586.0,9.0,393.0,184.0,4.0,0.0,1.0
2020-05-15,596.0,9.0,401.0,186.0,10.0,0.0,8.0
2020-05-16,607.0,9.0,404.0,194.0,11.0,0.0,3.0
2020-05-17,613.0,9.0,408.0,196.0,6.0,0.0,4.0
2020-05-18,629.0,9.0,413.0,207.0,16.0,0.0,5.0
2020-05-19,649.0,9.0,417.0,223.0,20.0,0.0,4.0
2020-05-20,672.0,9.0,446.0,217.0,23.0,0.0,29.0
2020-05-21,684.0,9.0,457.0,218.0,12.0,0.0,11.0
2020-05-22,700.0,9.0,461.0,230.0,16.0,0.0,4.0
2020-05-23,704.0,9.0,470.0,225.0,4.0,0.0,9.0
2020-05-24,708.0,9.0,471.0,228.0,4.0,0.0,1.0
2020-05-25,711.0,9.0,479.0,223.0,3.0,0.0,8.0
2020-05-26,718.0,9.0,586.0,123.0,7.0,0.0,107.0
2020-05-27,720.0,9.0,586.0,125.0,2.0,0.0,0.0
2020-05-28,728.0,9.0,497.0,222.0,8.0,0.0,-89.0
2020-05-29,730.0,9.0,507.0,214.0,2.0,0.0,10.0
2020-05-30,734.0,9.0,507.0,218.0,4.0,0.0,0.0
2020-05-31,739.0,9.0,522.0,208.0,5.0,0.0,15.0
2020-06-01,746.0,9.0,535.0,202.0,7.0,0.0,13.0
2020-06-02,755.0,9.0,549.0,197.0,9.0,0.0,14.0
2020-06-03,757.0,9.0,561.0,187.0,2.0,0.0,12.0
2020-06-04,765.0,9.0,566.0,190.0,8.0,0.0,5.0
2020-06-05,784.0,9.0,571.0,204.0,19.0,0.0,5.0
2020-06-06,795.0,9.0,586.0,200.0,11.0,0.0,15.0
2020-06-07,808.0,9.0,607.0,192.0,13.0,0.0,21.0
2020-06-08,831.0,9.0,627.0,195.0,23.0,0.0,20.0
2020-06-09,845.0,9.0,657.0,179.0,14.0,0.0,30.0
2020-06-10,863.0,9.0,663.0,191.0,18.0,0.0,6.0
2020-06-11,890.0,9.0,670.0,211.0,27.0,0.0,7.0
2020-06-12,915.0,9.0,671.0,235.0,25.0,0.0,1.0
2020-06-13,953.0,9.0,678.0,266.0,38.0,0.0,7.0
2020-06-14,961.0,9.0,682.0,270.0,8.0,0.0,4.0
2020-06-15,979.0,9.0,692.0,278.0,18.0,0.0,10.0
2020-06-16,981.0,9.0,693.0,279.0,2.0,0.0,1.0
2020-06-17,987.0,9.0,693.0,285.0,6.0,0.0,0.0
2020-06-18,1001.0,9.0,697.0,295.0,14.0,0.0,4.0
2020-06-19,1008.0,9.0,708.0,291.0,7.0,0.0,11.0
2020-06-20,1015.0,9.0,722.0,284.0,7.0,0.0,14.0
2020-06-21,1033.0,9.0,739.0,285.0,18.0,0.0,17.0
2020-06-22,1042.0,9.0,751.0,282.0,9.0,0.0,12.0
2020-06-23,1047.0,9.0,772.0,266.0,5.0,0.0,21.0
2020-06-24,1071.0,9.0,782.0,280.0,24.0,0.0,10.0
2020-06-25,1086.0,9.0,797.0,280.0,15.0,0.0,15.0
2020-06-26,1104.0,9.0,830.0,265.0,18.0,0.0,33.0
2020-06-27,1111.0,9.0,841.0,261.0,7.0,0.0,11.0
2020-06-28,1121.0,9.0,860.0,252.0,10.0,0.0,19.0
2020-06-29,1128.0,9.0,867.0,252.0,7.0,0.0,7.0
2020-06-30,1132.0,9.0,882.0,241.0,4.0,0.0,15.0
2020-07-01,1133.0,9.0,886.0,238.0,1.0,0.0,4.0
2020-07-02,1136.0,9.0,889.0,238.0,3.0,0.0,3.0
2020-07-03,1147.0,10.0,897.0,240.0,11.0,1.0,8.0
2020-07-04,1150.0,10.0,902.0,238.0,3.0,0.0,5.0
2020-07-05,1164.0,10.0,942.0,212.0,14.0,0.0,40.0
2020-07-06,1167.0,10.0,957.0,200.0,3.0,0.0,15.0
2020-07-07,1169.0,10.0,969.0,190.0,2.0,0.0,12.0
2020-07-08,1169.0,10.0,977.0,182.0,0.0,0.0,8.0
2020-07-09,1169.0,10.0,982.0,177.0,0.0,0.0,5.0
2020-07-10,1173.0,10.0,986.0,177.0,4.0,0.0,4.0
2020-07-11,1176.0,10.0,991.0,175.0,3.0,0.0,5.0
2020-07-12,1179.0,10.0,997.0,172.0,3.0,0.0,6.0
2020-07-13,1183.0,10.0,1008.0,165.0,4.0,0.0,11.0
2020-07-14,1198.0,10.0,1013.0,175.0,15.0,0.0,5.0
2020-07-15,1201.0,10.0,1016.0,175.0,3.0,0.0,3.0
2020-07-16,1206.0,10.0,1019.0,177.0,5.0,0.0,3.0
2020-07-17,1209.0,10.0,1021.0,178.0,3.0,0.0,2.0
2020-07-18,1214.0,11.0,1022.0,181.0,5.0,1.0,1.0
2020-07-19,1218.0,11.0,1024.0,183.0,4.0,0.0,2.0
2020-07-20,1223.0,11.0,1028.0,184.0,5.0,0.0,4.0
2020-07-21,1113.0,11.0,1034.0,68.0,-110.0,0.0,6.0
2020-07-22,1120.0,11.0,1035.0,74.0,7.0,0.0,1.0
2020-07-23,1131.0,11.0,1035.0,85.0,11.0,0.0,0.0
2020-07-24,1146.0,11.0,1035.0,100.0,15.0,0.0,0.0
2020-07-25,1154.0,11.0,1036.0,107.0,8.0,0.0,1.0
2020-07-26,1168.0,11.0,1041.0,116.0,14.0,0.0,5.0
2020-07-27,1176.0,11.0,1041.0,124.0,8.0,0.0,0.0
2020-07-28,1182.0,11.0,1042.0,129.0,6.0,0.0,1.0
2020-07-29,1187.0,11.0,1049.0,127.0,5.0,0.0,7.0
2020-07-30,1191.0,11.0,1072.0,108.0,4.0,0.0,23.0
2020-07-31,1193.0,11.0,1084.0,98.0,2.0,0.0,12.0
2020-08-01,1208.0,11.0,1094.0,103.0,15.0,0.0,10.0
2020-08-02,1213.0,11.0,1099.0,103.0,5.0,0.0,5.0
2020-08-03,1218.0,11.0,1131.0,76.0,5.0,0.0,32.0
2020-08-04,1224.0,11.0,1155.0,58.0,6.0,0.0,24.0
2020-08-05,1231.0,11.0,1160.0,60.0,7.0,0.0,5.0
2020-08-06,1232.0,11.0,1171.0,50.0,1.0,0.0,11.0
2020-08-07,1237.0,11.0,1178.0,48.0,5.0,0.0,7.0
2020-08-08,1246.0,11.0,1178.0,57.0,9.0,0.0,0.0
2020-08-09,1252.0,11.0,1187.0,54.0,6.0,0.0,9.0
2020-08-10,1268.0,11.0,1187.0,70.0,16.0,0.0,0.0
2020-08-11,1283.0,11.0,1189.0,83.0,15.0,0.0,2.0
2020-08-12,1303.0,11.0,1215.0,77.0,20.0,0.0,26.0
2020-08-13,1320.0,11.0,1222.0,87.0,17.0,0.0,7.0
2020-08-14,1329.0,11.0,1229.0,89.0,9.0,0.0,7.0
2020-08-15,1339.0,11.0,1229.0,99.0,10.0,0.0,0.0
2020-08-16,1378.0,11.0,1236.0,131.0,39.0,0.0,7.0
2020-08-17,1398.0,11.0,1241.0,146.0,20.0,0.0,5.0
2020-08-18,1438.0,11.0,1243.0,184.0,40.0,0.0,2.0
2020-08-19,1482.0,11.0,1259.0,212.0,44.0,0.0,16.0
2020-08-20,1498.0,11.0,1261.0,226.0,16.0,0.0,2.0
2020-08-21,1532.0,11.0,1262.0,259.0,34.0,0.0,1.0
2020-08-22,1576.0,11.0,1268.0,297.0,44.0,0.0,6.0
2020-08-23,1609.0,12.0,1320.0,277.0,33.0,1.0,52.0
2020-08-24,1639.0,14.0,1335.0,290.0,30.0,2.0,15.0
2020-08-25,1716.0,14.0,1344.0,358.0,77.0,0.0,9.0
2020-08-26,1756.0,15.0,1355.0,386.0,40.0,1.0,11.0
2020-08-27,1801.0,15.0,1364.0,422.0,45.0,0.0,9.0
2020-08-28,1869.0,15.0,1367.0,487.0,68.0,0.0,3.0
2020-08-29,1893.0,15.0,1447.0,431.0,24.0,0.0,80.0
2020-08-30,1966.0,15.0,1468.0,483.0,73.0,0.0,21.0
2020-08-31,2034.0,15.0,1508.0,511.0,68.0,0.0,40.0
2020-09-01,2097.0,15.0,1564.0,518.0,63.0,0.0,56.0
2020-09-02,2161.0,15.0,1610.0,536.0,64.0,0.0,46.0
2020-09-03,2233.0,15.0,1648.0,570.0,72.0,0.0,38.0
2020-09-04,2301.0,16.0,1676.0,609.0,68.0,1.0,28.0
2020-09-05,2353.0,16.0,1700.0,637.0,52.0,0.0,24.0
2020-09-06,2411.0,16.0,1756.0,639.0,58.0,0.0,56.0
2020-09-07,2478.0,17.0,1817.0,644.0,67.0,1.0,61.0
2020-09-08,2581.0,19.0,1885.0,677.0,103.0,2.0,68.0
2020-09-09,2659.0,19.0,1919.0,721.0,78.0,0.0,34.0
2020-09-10,2739.0,20.0,1981.0,738.0,80.0,1.0,62.0
2020-09-11,2945.0,21.0,2084.0,840.0,206.0,1.0,103.0
2020-09-12,3062.0,22.0,2156.0,884.0,117.0,1.0,72.0
2020-09-13,3314.0,24.0,2206.0,1084.0,252.0,2.0,50.0
2020-09-14,3528.0,26.0,2255.0,1247.0,214.0,2.0,49.0
2020-09-15,3677.0,26.0,2311.0,1340.0,149.0,0.0,56.0
2020-09-16,3852.0,26.0,2349.0,1477.0,175.0,0.0,38.0
2020-09-17,4131.0,26.0,2415.0,1690.0,279.0,0.0,66.0
2020-09-18,4344.0,29.0,2511.0,1804.0,213.0,3.0,96.0
2020-09-19,4540.0,30.0,2672.0,1838.0,196.0,1.0,161.0
2020-09-20,4779.0,30.0,2844.0,1905.0,239.0,0.0,172.0
2020-09-21,5045.0,32.0,3527.0,1486.0,266.0,2.0,683.0
2020-09-22,5679.0,33.0,3707.0,1939.0,634.0,1.0,180.0
2020-09-23,6042.0,35.0,3812.0,2195.0,363.0,2.0,105.0
2020-09-24,6591.0,36.0,3937.0,2618.0,549.0,1.0,125.0
2020-09-25,7211.0,39.0,4035.0,3137.0,620.0,3.0,98.0
2020-09-26,8061.0,43.0,4131.0,3887.0,850.0,4.0,96.0
2020-09-27,8492.0,45.0,4222.0,4225.0,431.0,2.0,91.0
2020-09-28,9226.0,51.0,4359.0,4816.0,734.0,6.0,137.0
2020-09-29,10049.0,57.0,4496.0,5496.0,823.0,6.0,137.0
2020-09-30,11825.0,61.0,4626.0,7138.0,1776.0,4.0,130.0
2020-10-01,13101.0,69.0,4752.0,8280.0,1276.0,8.0,126.0
2020-10-02,13650.0,79.0,4929.0,8642.0,549.0,10.0,177.0
2020-10-03,14749.0,88.0,5101.0,9560.0,1099.0,9.0,172.0
2020-10-04,15640.0,101.0,5240.0,10299.0,891.0,13.0,139.0
2020-10-05,17464.0,110.0,5292.0,12062.0,1824.0,9.0,52.0
2020-10-06,19001.0,122.0,5386.0,13493.0,1537.0,12.0,94.0
2020-10-07,20200.0,131.0,5575.0,14494.0,1199.0,9.0,189.0
2020-10-08,21517.0,144.0,5777.0,15596.0,1317.0,13.0,202.0
2020-10-09,22763.0,166.0,5906.0,16691.0,1246.0,22.0,129.0
2020-10-10,23998.0,181.0,6045.0,17772.0,1235.0,15.0,139.0
2020-10-11,24926.0,191.0,6101.0,18634.0,928.0,10.0,56.0
2020-10-12,26073.0,207.0,6219.0,19647.0,1147.0,16.0,118.0
2020-10-13,28127.0,225.0,6361.0,21541.0,2054.0,18.0,142.0
2020-10-14,30550.0,257.0,6466.0,23827.0,2423.0,32.0,105.0
2020-10-15,33009.0,282.0,6565.0,26162.0,2459.0,25.0,99.0
2020-10-16,34548.0,310.0,6692.0,27546.0,1539.0,28.0,127.0
2020-10-17,36053.0,330.0,6773.0,28950.0,1505.0,20.0,81.0
2020-10-18,37573.0,345.0,6912.0,30316.0,1520.0,15.0,139.0
2020-10-19,38937.0,380.0,7006.0,31551.0,1364.0,35.0,94.0
2020-10-20,40972.0,414.0,7123.0,33435.0,2035.0,34.0,117.0
2020-10-21,43620.0,443.0,7223.0,35954.0,2648.0,29.0,100.0
2020-10-22,46441.0,481.0,7340.0,38620.0,2821.0,38.0,117.0
2020-10-23,48930.0,508.0,7449.0,40973.0,2489.0,27.0,109.0
2020-10-24,50750.0,540.0,7508.0,42702.0,1820.0,32.0,59.0
2020-10-25,53087.0,579.0,7508.0,45000.0,2337.0,39.0,0.0
2020-10-26,55055.0,624.0,7508.0,46923.0,1968.0,45.0,0.0
2020-10-27,58855.0,668.0,7508.0,50679.0,3800.0,44.0,0.0
2020-10-28,61942.0,700.0,7508.0,53734.0,3087.0,32.0,0.0
2020-10-29,65385.0,740.0,7508.0,57137.0,3443.0,40.0,0.0
2020-10-30,69306.0,772.0,7600.0,60934.0,3921.0,32.0,92.0
2020-10-31,72607.0,829.0,7600.0,64178.0,3301.0,57.0,0.0
2020-11-01,75866.0,866.0,7740.0,67260.0,3259.0,37.0,140.0
2020-11-02,81743.0,913.0,7858.0,72972.0,5877.0,47.0,118.0
2020-11-03,86576.0,967.0,7993.0,77616.0,4833.0,54.0,135.0
2020-11-04,91234.0,1029.0,8188.0,82017.0,4658.0,62.0,195.0
