date,confirmed,deaths,recovered,active,new_confirmed,new_deaths,new_recovered
2020-03-13,4.0,0.0,0.0,4.0,,,
2020-03-14,6.0,0.0,0.0,6.0,2.0,0.0,0.0
2020-03-15,9.0,0.0,0.0,9.0,3.0,0.0,0.0
2020-03-16,10.0,0.0,0.0,10.0,1.0,0.0,0.0
2020-03-17,33.0,0.0,0.0,33.0,23.0,0.0,0.0
2020-03-18,35.0,0.0,0.0,35.0,2.0,0.0,0.0
2020-03-19,44.0,0.0,0.0,44.0,9.0,0.0,0.0
2020-03-20,49.0,3.0,0.0,46.0,5.0,3.0,0.0
2020-03-21,53.0,0.0,0.0,53.0,4.0,-3.0,0.0
2020-03-22,59.0,0.0,0.0,59.0,6.0,0.0,0.0
2020-03-23,62.0,0.0,0.0,62.0,3.0,0.0,0.0
2020-03-24,72.0,0.0,0.0,72.0,10.0,0.0,0.0
2020-03-25,81.0,0.0,0.0,81.0,9.0,0.0,0.0
2020-03-26,111.0,1.0,2.0,108.0,30.0,1.0,2.0
2020-03-27,150.0,1.0,3.0,146.0,39.0,0.0,1.0
2020-03-28,228.0,1.0,16.0,211.0,78.0,0.0,13.0
2020-03-29,284.0,1.0,20.0,263.0,56.0,0.0,4.0
2020-03-30,302.0,1.0,21.0,280.0,18.0,0.0,1.0
2020-03-31,343.0,2.0,24.0,317.0,41.0,1.0,3.0
2020-04-01,380.0,3.0,26.0,351.0,37.0,1.0,2.0
2020-04-02,435.0,3.0,27.0,405.0,55.0,0.0,1.0
2020-04-03,464.0,6.0,29.0,429.0,29.0,3.0,2.0
2020-04-04,531.0,5.0,36.0,490.0,67.0,-1.0,7.0
2020-04-05,584.0,6.0,42.0,536.0,53.0,1.0,6.0
2020-04-06,662.0,6.0,46.0,610.0,78.0,0.0,4.0
2020-04-07,697.0,6.0,51.0,640.0,35.0,0.0,5.0
2020-04-08,727.0,7.0,54.0,666.0,30.0,1.0,3.0
2020-04-09,781.0,8.0,60.0,713.0,54.0,1.0,6.0
2020-04-10,812.0,10.0,64.0,738.0,31.0,2.0,4.0
2020-04-11,865.0,10.0,81.0,774.0,53.0,0.0,17.0
2020-04-12,951.0,10.0,99.0,842.0,86.0,0.0,18.0
2020-04-13,1091.0,12.0,138.0,941.0,140.0,2.0,39.0
2020-04-14,1232.0,14.0,203.0,1015.0,141.0,2.0,65.0
2020-04-15,1295.0,16.0,240.0,1039.0,63.0,2.0,37.0
2020-04-16,1402.0,17.0,277.0,1108.0,107.0,1.0,37.0
2020-04-17,1546.0,17.0,347.0,1182.0,144.0,0.0,70.0
2020-04-18,1615.0,17.0,377.0,1221.0,69.0,0.0,30.0
2020-04-19,1676.0,17.0,400.0,1259.0,61.0,0.0,23.0
2020-04-20,1852.0,19.0,447.0,1386.0,176.0,2.0,47.0
2020-04-21,1995.0,19.0,489.0,1487.0,143.0,0.0,42.0
2020-04-22,2135.0,19.0,515.0,1601.0,140.0,0.0,26.0
2020-04-23,2289.0,20.0,560.0,1709.0,154.0,1.0,45.0
2020-04-24,2482.0,25.0,604.0,1853.0,193.0,5.0,44.0
2020-04-25,2601.0,25.0,646.0,1930.0,119.0,0.0,42.0
2020-04-26,2717.0,25.0,682.0,2010.0,116.0,0.0,36.0
2020-04-27,2835.0,25.0,720.0,2090.0,118.0,0.0,38.0
2020-04-28,3027.0,25.0,774.0,2228.0,192.0,0.0,54.0
2020-04-29,3138.0,25.0,819.0,2294.0,111.0,0.0,45.0
2020-04-30,3402.0,25.0,866.0,2511.0,264.0,0.0,47.0
2020-05-01,3597.0,25.0,922.0,2650.0,195.0,0.0,56.0
2020-05-02,3857.0,25.0,985.0,2847.0,260.0,0.0,63.0
2020-05-03,3920.0,27.0,1084.0,2809.0,63.0,2.0,99.0
2020-05-04,4049.0,29.0,1173.0,2847.0,129.0,2.0,89.0
2020-05-05,4205.0,29.0,1279.0,2897.0,156.0,0.0,106.0
2020-05-06,4422.0,30.0,1408.0,2984.0,217.0,1.0,129.0
2020-05-07,4578.0,30.0,1518.0,3030.0,156.0,0.0,110.0
2020-05-08,4834.0,31.0,1631.0,3172.0,256.0,1.0,113.0
2020-05-09,4975.0,31.0,1776.0,3168.0,141.0,0.0,145.0
2020-05-10,5090.0,31.0,1941.0,3118.0,115.0,0.0,165.0
2020-05-11,5207.0,32.0,2074.0,3101.0,117.0,1.0,133.0
2020-05-12,5279.0,32.0,2223.0,3024.0,72.0,0.0,149.0
2020-05-13,5417.0,32.0,2408.0,2977.0,138.0,0.0,185.0
2020-05-14,5571.0,32.0,2531.0,3008.0,154.0,0.0,123.0
2020-05-15,5689.0,34.0,2707.0,2948.0,118.0,2.0,176.0
2020-05-16,5850.0,34.0,2980.0,2836.0,161.0,0.0,273.0
2020-05-17,6157.0,34.0,3256.0,2867.0,307.0,0.0,276.0
2020-05-18,6751.0,35.0,3469.0,3247.0,594.0,1.0,213.0
2020-05-19,6751.0,35.0,3598.0,3118.0,0.0,0.0,129.0
2020-05-20,6969.0,35.0,3734.0,3200.0,218.0,0.0,136.0
2020-05-21,7234.0,35.0,3843.0,3356.0,265.0,0.0,109.0
2020-05-22,7919.0,35.0,4096.0,3788.0,685.0,0.0,253.0
2020-05-23,7919.0,35.0,4214.0,3670.0,0.0,0.0,118.0
2020-05-24,8531.0,35.0,4352.0,4144.0,612.0,0.0,138.0
2020-05-25,8969.0,35.0,4515.0,4419.0,438.0,0.0,163.0
2020-05-26,8969.0,37.0,4613.0,4319.0,0.0,2.0,98.0
2020-05-27,9304.0,37.0,4768.0,4499.0,335.0,0.0,155.0
2020-05-28,9576.0,37.0,4900.0,4639.0,272.0,0.0,132.0
2020-05-29,9932.0,37.0,5057.0,4838.0,356.0,0.0,157.0
2020-05-30,10382.0,38.0,5220.0,5124.0,450.0,1.0,163.0
2020-05-31,10858.0,40.0,5404.0,5414.0,476.0,2.0,184.0
2020-06-01,11308.0,41.0,5587.0,5680.0,450.0,1.0,183.0
2020-06-02,11571.0,44.0,5941.0,5586.0,263.0,3.0,354.0
2020-06-03,12067.0,48.0,6240.0,5779.0,496.0,4.0,299.0
2020-06-04,12067.0,52.0,6606.0,5409.0,0.0,4.0,366.0
2020-06-05,12312.0,52.0,6903.0,5357.0,245.0,0.0,297.0
2020-06-06,12511.0,53.0,7135.0,5323.0,199.0,1.0,232.0
2020-06-07,12694.0,56.0,7376.0,5262.0,183.0,3.0,241.0
2020-06-08,12859.0,56.0,7376.0,5427.0,165.0,0.0,0.0
2020-06-09,13074.0,61.0,8015.0,4998.0,215.0,5.0,639.0
2020-06-10,13319.0,67.0,8345.0,4907.0,245.0,6.0,330.0
2020-06-11,13872.0,67.0,8593.0,5212.0,553.0,0.0,248.0
2020-06-12,13872.0,70.0,8829.0,4973.0,0.0,3.0,236.0
2020-06-13,14238.0,73.0,8829.0,5336.0,366.0,3.0,0.0
2020-06-14,14496.0,77.0,9188.0,5231.0,258.0,4.0,359.0
2020-06-15,15192.0,81.0,9388.0,5723.0,696.0,4.0,200.0
2020-06-16,15542.0,88.0,9647.0,5807.0,350.0,7.0,259.0
2020-06-17,15877.0,97.0,9920.0,5860.0,335.0,9.0,273.0
2020-06-18,15877.0,100.0,10065.0,5712.0,0.0,3.0,145.0
2020-06-19,16779.0,113.0,10411.0,6255.0,902.0,13.0,346.0
2020-06-20,17225.0,118.0,10671.0,6436.0,446.0,5.0,260.0
2020-06-21,17732.0,120.0,10897.0,6715.0,507.0,2.0,226.0
2020-06-22,18231.0,127.0,11158.0,6946.0,499.0,7.0,261.0
2020-06-23,18765.0,134.0,11514.0,7117.0,534.0,7.0,356.0
2020-06-24,19285.0,136.0,11882.0,7267.0,520.0,2.0,368.0
2020-06-25,19750.0,140.0,12220.0,7390.0,465.0,4.0,338.0
2020-06-26,20319.0,150.0,12548.0,7621.0,569.0,10.0,328.0
2020-06-27,20319.0,166.0,12738.0,7415.0,0.0,16.0,190.0
2020-06-28,21327.0,178.0,12933.0,8216.0,1008.0,12.0,195.0
2020-06-29,21819.0,188.0,13008.0,8623.0,492.0,10.0,75.0
2020-06-30,22308.0,188.0,13558.0,8562.0,489.0,0.0,550.0
2020-07-01,41065.0,188.0,14059.0,26818.0,18757.0,0.0,501.0
2020-07-02,42574.0,188.0,14777.0,27609.0,1509.0,0.0,718.0
2020-07-03,45719.0,188.0,15276.0,30255.0,3145.0,0.0,499.0
2020-07-04,47171.0,188.0,15556.0,31427.0,1452.0,0.0,280.0
2020-07-05,48574.0,188.0,15860.0,32526.0,1403.0,0.0,304.0
2020-07-06,49683.0,264.0,15860.0,33559.0,1109.0,76.0,0.0
2020-07-07,51059.0,264.0,16298.0,34497.0,1376.0,0.0,438.0
2020-07-08,51059.0,264.0,16298.0,34497.0,0.0,0.0,0.0
2020-07-09,54747.0,264.0,35137.0,19346.0,3688.0,0.0,18839.0
2020-07-10,56455.0,264.0,32500.0,23691.0,1708.0,0.0,-2637.0
2020-07-11,58253.0,264.0,33814.0,24175.0,1798.0,0.0,1314.0
2020-07-12,58253.0,375.0,33814.0,24064.0,0.0,111.0,0.0
2020-07-13,61755.0,375.0,35911.0,25469.0,3502.0,0.0,2097.0
2020-07-14,63514.0,375.0,38008.0,25131.0,1759.0,0.0,2097.0
2020-07-15,65188.0,375.0,39066.0,25747.0,1674.0,0.0,1058.0
2020-07-16,66895.0,375.0,40256.0,26264.0,1707.0,0.0,1190.0
2020-07-17,68703.0,375.0,40256.0,28072.0,1808.0,0.0,0.0
2020-07-18,68703.0,375.0,40256.0,28072.0,0.0,0.0,0.0
2020-07-19,71838.0,375.0,43029.0,28434.0,3135.0,0.0,2773.0
2020-07-20,73468.0,585.0,43401.0,29482.0,1630.0,210.0,372.0
2020-07-21,75153.0,585.0,46790.0,27778.0,1685.0,0.0,3389.0
2020-07-22,76799.0,585.0,48220.0,27994.0,1646.0,0.0,1430.0
2020-07-23,78486.0,585.0,49488.0,28413.0,1687.0,0.0,1268.0
2020-07-24,80226.0,585.0,51260.0,28381.0,1740.0,0.0,1772.0
2020-07-25,81720.0,585.0,51823.0,29312.0,1494.0,0.0,563.0
2020-07-26,83122.0,585.0,52571.0,29966.0,1402.0,0.0,748.0
2020-07-27,84648.0,585.0,54404.0,29659.0,1526.0,0.0,1833.0
2020-07-28,86192.0,793.0,56638.0,28761.0,1544.0,208.0,2234.0
2020-07-29,87664.0,793.0,57815.0,29056.0,1472.0,0.0,1177.0
2020-07-30,89078.0,793.0,59517.0,28768.0,1414.0,0.0,1702.0
2020-07-31,90367.0,793.0,60825.0,28749.0,1289.0,0.0,1308.0
2020-08-01,90367.0,793.0,60825.0,28749.0,0.0,0.0,0.0
2020-08-02,92662.0,793.0,62511.0,29358.0,2295.0,0.0,1686.0
2020-08-03,93820.0,793.0,65132.0,27895.0,1158.0,0.0,2621.0
2020-08-04,94882.0,1058.0,67031.0,26793.0,1062.0,265.0,1899.0
2020-08-05,95942.0,1058.0,68871.0,26013.0,1060.0,0.0,1840.0
2020-08-06,96922.0,1058.0,70680.0,25184.0,980.0,0.0,1809.0
2020-08-07,97829.0,1058.0,71609.0,25162.0,907.0,0.0,929.0
2020-08-08,98701.0,1058.0,72273.0,25370.0,872.0,0.0,664.0
2020-08-09,99442.0,1058.0,72523.0,25861.0,741.0,0.0,250.0
2020-08-10,100164.0,1058.0,73702.0,25404.0,722.0,0.0,1179.0
2020-08-11,100855.0,1269.0,74677.0,24909.0,691.0,211.0,975.0
2020-08-12,101372.0,1269.0,76756.0,23347.0,517.0,0.0,2079.0
2020-08-13,101848.0,1269.0,76756.0,23823.0,476.0,0.0,0.0
2020-08-14,102287.0,1269.0,80716.0,20302.0,439.0,0.0,3960.0
2020-08-15,102696.0,1269.0,81558.0,19869.0,409.0,0.0,842.0
2020-08-16,103033.0,1269.0,82777.0,18987.0,337.0,0.0,1219.0
2020-08-17,103300.0,1269.0,84445.0,17586.0,267.0,0.0,1668.0
2020-08-18,103571.0,1415.0,86286.0,15870.0,271.0,146.0,1841.0
2020-08-19,103815.0,1415.0,86450.0,15950.0,244.0,0.0,164.0
2020-08-20,104071.0,1415.0,87920.0,14736.0,256.0,0.0,1470.0
2020-08-21,104313.0,1415.0,89712.0,13186.0,242.0,0.0,1792.0
2020-08-22,104543.0,1415.0,91089.0,12039.0,230.0,0.0,1377.0
2020-08-23,104718.0,1415.0,92598.0,10705.0,175.0,0.0,1509.0
2020-08-24,104902.0,1415.0,93405.0,10082.0,184.0,0.0,807.0
2020-08-25,105075.0,1523.0,93990.0,9562.0,173.0,108.0,585.0
2020-08-26,105243.0,1523.0,94713.0,9007.0,168.0,0.0,723.0
2020-08-27,105408.0,1523.0,95253.0,8632.0,165.0,0.0,540.0
2020-08-28,105558.0,1523.0,95888.0,8147.0,150.0,0.0,635.0
2020-08-29,105684.0,1523.0,96135.0,8026.0,126.0,0.0,247.0
2020-08-30,105795.0,1523.0,96297.0,7975.0,111.0,0.0,162.0
2020-08-31,105872.0,1523.0,96297.0,8052.0,77.0,0.0,0.0
2020-09-01,105944.0,1588.0,97371.0,6985.0,72.0,65.0,1074.0
2020-09-02,106032.0,1588.0,97371.0,7073.0,88.0,0.0,0.0
2020-09-03,106121.0,1588.0,98585.0,5948.0,89.0,0.0,1214.0
2020-09-04,106225.0,1588.0,98585.0,6052.0,104.0,0.0,0.0
2020-09-05,106301.0,1588.0,99018.0,5695.0,76.0,0.0,433.0
2020-09-06,106361.0,1588.0,99654.0,5119.0,60.0,0.0,636.0
2020-09-07,106425.0,1588.0,99893.0,4944.0,64.0,0.0,239.0
2020-09-08,106498.0,1634.0,99893.0,4971.0,73.0,46.0,0.0
2020-09-09,106584.0,1634.0,100248.0,4702.0,86.0,0.0,355.0
2020-09-10,106661.0,1634.0,100409.0,4618.0,77.0,0.0,161.0
2020-09-11,106729.0,1634.0,100409.0,4686.0,68.0,0.0,0.0
2020-09-12,106803.0,1634.0,100615.0,4554.0,74.0,0.0,206.0
2020-09-13,106855.0,1634.0,100627.0,4594.0,52.0,0.0,12.0
2020-09-14,106920.0,1634.0,100627.0,4659.0,65.0,0.0,0.0
2020-09-15,106984.0,1671.0,101267.0,4046.0,64.0,37.0,640.0
2020-09-16,107056.0,1671.0,101455.0,3930.0,72.0,0.0,188.0
2020-09-17,107134.0,1671.0,101610.0,3853.0,78.0,0.0,155.0
2020-09-18,107199.0,1671.0,101822.0,3706.0,65.0,0.0,212.0
2020-09-19,107262.0,1671.0,101877.0,3714.0,63.0,0.0,55.0
2020-09-20,107307.0,1671.0,101941.0,3695.0,45.0,0.0,64.0
2020-09-21,107374.0,1671.0,102064.0,3639.0,67.0,0.0,123.0
2020-09-22,107450.0,1699.0,102064.0,3687.0,76.0,28.0,0.0
2020-09-23,107529.0,1699.0,102323.0,3507.0,79.0,0.0,259.0
2020-09-24,107590.0,1699.0,102360.0,3531.0,61.0,0.0,37.0
2020-09-25,107659.0,1699.0,102530.0,3430.0,69.0,0.0,170.0
2020-09-26,107723.0,1699.0,102666.0,3358.0,64.0,0.0,136.0
2020-09-27,107775.0,1699.0,102736.0,3340.0,52.0,0.0,70.0
2020-09-28,107833.0,1699.0,102805.0,3329.0,58.0,0.0,69.0
2020-09-29,107908.0,1725.0,102874.0,3309.0,75.0,26.0,69.0
2020-09-30,107979.0,1725.0,102937.0,3317.0,71.0,0.0,63.0
2020-10-01,108044.0,1725.0,103028.0,3291.0,65.0,0.0,91.0
2020-10-02,108106.0,1725.0,103110.0,3271.0,62.0,0.0,82.0
2020-10-03,108177.0,1725.0,103205.0,3247.0,71.0,0.0,95.0
2020-10-04,108236.0,1725.0,103277.0,3234.0,59.0,0.0,72.0
2020-10-05,108296.0,1725.0,103367.0,3204.0,60.0,0.0,90.0
2020-10-06,108362.0,1746.0,103465.0,3151.0,66.0,21.0,98.0
2020-10-07,108454.0,1746.0,103604.0,3104.0,92.0,0.0,139.0
2020-10-08,108561.0,1746.0,103758.0,3057.0,107.0,0.0,154.0
2020-10-09,108663.0,1746.0,103910.0,3007.0,102.0,0.0,152.0
2020-10-10,108757.0,1746.0,103980.0,3031.0,94.0,0.0,70.0
2020-10-11,108831.0,1746.0,104041.0,3044.0,74.0,0.0,61.0
2020-10-12,108901.0,1746.0,104203.0,2952.0,70.0,0.0,162.0
2020-10-13,108984.0,1768.0,104346.0,2870.0,83.0,22.0,143.0
2020-10-14,109094.0,1768.0,104525.0,2801.0,110.0,0.0,179.0
2020-10-15,109202.0,1768.0,104801.0,2633.0,108.0,0.0,276.0
2020-10-16,109302.0,1768.0,104921.0,2613.0,100.0,0.0,120.0
2020-10-17,109406.0,1768.0,105001.0,2637.0,104.0,0.0,80.0
2020-10-18,109508.0,1768.0,105001.0,2739.0,102.0,0.0,0.0
2020-10-19,109623.0,1768.0,105145.0,2710.0,115.0,0.0,144.0
2020-10-20,109766.0,1796.0,105301.0,2669.0,143.0,28.0,156.0
2020-10-21,109907.0,1796.0,105385.0,2726.0,141.0,0.0,84.0
