date,confirmed,deaths,recovered,active,new_confirmed,new_deaths,new_recovered
2020-03-13,1.0,0.0,0.0,1.0,,,
2020-03-14,1.0,0.0,0.0,1.0,0.0,0.0,0.0
2020-03-15,3.0,0.0,0.0,3.0,2.0,0.0,0.0
2020-03-16,3.0,0.0,0.0,3.0,0.0,0.0,0.0
2020-03-17,3.0,0.0,0.0,3.0,0.0,0.0,0.0
2020-03-18,3.0,0.0,0.0,3.0,0.0,0.0,0.0
2020-03-19,7.0,0.0,0.0,7.0,4.0,0.0,0.0
2020-03-20,7.0,0.0,0.0,7.0,0.0,0.0,0.0
2020-03-21,7.0,0.0,0.0,7.0,0.0,0.0,0.0
2020-03-22,15.0,0.0,0.0,15.0,8.0,0.0,0.0
2020-03-23,16.0,0.0,0.0,16.0,1.0,0.0,0.0
2020-03-24,25.0,0.0,0.0,25.0,9.0,0.0,0.0
2020-03-25,28.0,0.0,1.0,27.0,3.0,0.0,1.0
2020-03-26,31.0,1.0,1.0,29.0,3.0,1.0,0.0
2020-03-27,31.0,1.0,1.0,29.0,0.0,0.0,0.0
2020-03-28,38.0,1.0,1.0,36.0,7.0,0.0,0.0
2020-03-29,42.0,1.0,1.0,40.0,4.0,0.0,0.0
2020-03-30,50.0,1.0,1.0,48.0,8.0,0.0,0.0
2020-03-31,59.0,1.0,1.0,57.0,9.0,0.0,0.0
2020-04-01,81.0,1.0,3.0,77.0,22.0,0.0,2.0
2020-04-02,110.0,3.0,4.0,103.0,29.0,2.0,1.0
2020-04-03,122.0,4.0,4.0,114.0,12.0,1.0,0.0
2020-04-04,126.0,4.0,4.0,118.0,4.0,0.0,0.0
2020-04-05,142.0,4.0,4.0,134.0,16.0,0.0,0.0
2020-04-06,158.0,6.0,4.0,148.0,16.0,2.0,0.0
2020-04-07,172.0,6.0,7.0,159.0,14.0,0.0,3.0
2020-04-08,179.0,6.0,9.0,164.0,7.0,0.0,2.0
2020-04-09,184.0,7.0,12.0,165.0,5.0,1.0,3.0
2020-04-10,189.0,7.0,22.0,160.0,5.0,0.0,10.0
2020-04-11,191.0,7.0,24.0,160.0,2.0,0.0,2.0
2020-04-12,197.0,8.0,25.0,164.0,6.0,1.0,1.0
2020-04-13,208.0,9.0,40.0,159.0,11.0,1.0,15.0
2020-04-14,216.0,9.0,41.0,166.0,8.0,0.0,1.0
2020-04-15,225.0,10.0,53.0,162.0,9.0,1.0,12.0
2020-04-16,234.0,11.0,53.0,170.0,9.0,1.0,0.0
2020-04-17,246.0,11.0,53.0,182.0,12.0,0.0,0.0
2020-04-18,262.0,12.0,60.0,190.0,16.0,1.0,7.0
2020-04-19,270.0,14.0,67.0,189.0,8.0,2.0,7.0
2020-04-20,281.0,14.0,69.0,198.0,11.0,0.0,2.0
2020-04-21,296.0,14.0,74.0,208.0,15.0,0.0,5.0
2020-04-22,303.0,14.0,74.0,215.0,7.0,0.0,0.0
2020-04-23,320.0,14.0,89.0,217.0,17.0,0.0,15.0
2020-04-24,336.0,14.0,94.0,228.0,16.0,0.0,5.0
2020-04-25,343.0,14.0,98.0,231.0,7.0,0.0,4.0
2020-04-26,355.0,14.0,106.0,235.0,12.0,0.0,8.0
2020-04-27,363.0,14.0,114.0,235.0,8.0,0.0,8.0
2020-04-28,374.0,14.0,124.0,236.0,11.0,0.0,10.0
2020-04-29,384.0,15.0,129.0,240.0,10.0,1.0,5.0
2020-04-30,396.0,17.0,144.0,235.0,12.0,2.0,15.0
2020-05-01,411.0,21.0,150.0,240.0,15.0,4.0,6.0
2020-05-02,435.0,22.0,152.0,261.0,24.0,1.0,2.0
2020-05-03,465.0,24.0,167.0,274.0,30.0,2.0,15.0
2020-05-04,490.0,24.0,173.0,293.0,25.0,0.0,6.0
2020-05-05,535.0,24.0,182.0,329.0,45.0,0.0,9.0
2020-05-06,582.0,26.0,190.0,366.0,47.0,2.0,8.0
2020-05-07,607.0,29.0,197.0,381.0,25.0,3.0,7.0
2020-05-08,621.0,29.0,202.0,390.0,14.0,0.0,5.0
2020-05-09,649.0,30.0,207.0,412.0,28.0,1.0,5.0
2020-05-10,672.0,32.0,239.0,401.0,23.0,2.0,32.0
2020-05-11,700.0,33.0,251.0,416.0,28.0,1.0,12.0
2020-05-12,715.0,36.0,259.0,420.0,15.0,3.0,8.0
2020-05-13,737.0,40.0,281.0,416.0,22.0,4.0,22.0
2020-05-14,758.0,42.0,284.0,432.0,21.0,2.0,3.0
2020-05-15,781.0,45.0,284.0,452.0,23.0,3.0,0.0
2020-05-16,830.0,50.0,301.0,479.0,49.0,5.0,17.0
2020-05-17,887.0,50.0,313.0,524.0,57.0,0.0,12.0
2020-05-18,912.0,50.0,336.0,526.0,25.0,0.0,23.0
2020-05-19,963.0,50.0,358.0,555.0,51.0,0.0,22.0
2020-05-20,1029.0,50.0,366.0,613.0,66.0,0.0,8.0
2020-05-21,1109.0,50.0,375.0,684.0,80.0,0.0,9.0
2020-05-22,1161.0,50.0,380.0,731.0,52.0,0.0,5.0
2020-05-23,1192.0,50.0,380.0,762.0,31.0,0.0,0.0
2020-05-24,1214.0,51.0,383.0,780.0,22.0,1.0,3.0
2020-05-25,1286.0,52.0,402.0,832.0,72.0,1.0,19.0
2020-05-26,1348.0,52.0,405.0,891.0,62.0,0.0,3.0
2020-05-27,1471.0,55.0,408.0,1008.0,123.0,3.0,3.0
2020-05-28,1618.0,58.0,421.0,1139.0,147.0,3.0,13.0
2020-05-29,1745.0,62.0,438.0,1245.0,127.0,4.0,17.0
2020-05-30,1888.0,63.0,464.0,1361.0,143.0,1.0,26.0
2020-05-31,1962.0,64.0,478.0,1420.0,74.0,1.0,14.0
2020-06-01,2021.0,69.0,482.0,1470.0,59.0,5.0,4.0
2020-06-02,2093.0,71.0,499.0,1523.0,72.0,2.0,17.0
2020-06-03,2216.0,74.0,553.0,1589.0,123.0,3.0,54.0
2020-06-04,2340.0,78.0,592.0,1670.0,124.0,4.0,39.0
2020-06-05,2474.0,79.0,643.0,1752.0,134.0,1.0,51.0
2020-06-06,2600.0,83.0,706.0,1811.0,126.0,4.0,63.0
2020-06-07,2767.0,84.0,752.0,1931.0,167.0,1.0,46.0
2020-06-08,2872.0,85.0,849.0,1938.0,105.0,1.0,97.0
2020-06-09,2989.0,88.0,873.0,2028.0,117.0,3.0,24.0
2020-06-10,3094.0,89.0,1048.0,1957.0,105.0,1.0,175.0
2020-06-11,3215.0,92.0,1092.0,2031.0,121.0,3.0,44.0
2020-06-12,3305.0,96.0,1164.0,2045.0,90.0,4.0,72.0
2020-06-13,3457.0,100.0,1221.0,2136.0,152.0,4.0,57.0
2020-06-14,3594.0,103.0,1253.0,2238.0,137.0,3.0,32.0
2020-06-15,3727.0,104.0,1286.0,2337.0,133.0,1.0,33.0
2020-06-16,3860.0,105.0,1328.0,2427.0,133.0,1.0,42.0
2020-06-17,4044.0,107.0,1353.0,2584.0,184.0,2.0,25.0
2020-06-18,4257.0,117.0,1459.0,2681.0,213.0,10.0,106.0
2020-06-19,4374.0,119.0,1550.0,2705.0,117.0,2.0,91.0
2020-06-20,4478.0,121.0,1586.0,2771.0,104.0,2.0,36.0
2020-06-21,4738.0,123.0,1607.0,3008.0,260.0,2.0,21.0
2020-06-22,4797.0,125.0,1680.0,2992.0,59.0,2.0,73.0
2020-06-23,4952.0,128.0,1782.0,3042.0,155.0,3.0,102.0
2020-06-24,5206.0,130.0,1823.0,3253.0,254.0,2.0,41.0
2020-06-25,5384.0,132.0,1857.0,3395.0,178.0,2.0,34.0
2020-06-26,5533.0,137.0,1905.0,3491.0,149.0,5.0,48.0
2020-06-27,5811.0,141.0,1936.0,3734.0,278.0,4.0,31.0
2020-06-28,6070.0,143.0,1971.0,3956.0,259.0,2.0,35.0
2020-06-29,6190.0,144.0,2013.0,4033.0,120.0,1.0,42.0
2020-06-30,6366.0,148.0,2039.0,4179.0,176.0,4.0,26.0
2020-07-01,6673.0,149.0,2089.0,4435.0,307.0,1.0,50.0
2020-07-02,6941.0,152.0,2109.0,4680.0,268.0,3.0,20.0
2020-07-03,7188.0,154.0,2148.0,4886.0,247.0,2.0,39.0
2020-07-04,7577.0,159.0,2236.0,5182.0,389.0,5.0,88.0
2020-07-05,7886.0,160.0,2287.0,5439.0,309.0,1.0,51.0
2020-07-06,8067.0,164.0,2414.0,5489.0,181.0,4.0,127.0
2020-07-07,8250.0,167.0,2504.0,5579.0,183.0,3.0,90.0
2020-07-08,8528.0,169.0,2593.0,5766.0,278.0,2.0,89.0
2020-07-09,8975.0,173.0,2657.0,6145.0,447.0,4.0,64.0
2020-07-10,9448.0,181.0,2733.0,6534.0,473.0,8.0,76.0
2020-07-11,9726.0,184.0,2832.0,6710.0,278.0,3.0,99.0
2020-07-12,10105.0,185.0,2881.0,7039.0,379.0,1.0,49.0
2020-07-13,10294.0,197.0,2946.0,7151.0,189.0,12.0,65.0
2020-07-14,10791.0,202.0,3017.0,7572.0,497.0,5.0,71.0
2020-07-15,11252.0,209.0,3068.0,7975.0,461.0,7.0,51.0
2020-07-16,11673.0,217.0,3638.0,7818.0,421.0,8.0,570.0
2020-07-17,12062.0,222.0,3983.0,7857.0,389.0,5.0,345.0
2020-07-18,12750.0,225.0,4440.0,8085.0,688.0,3.0,457.0
2020-07-19,13353.0,234.0,5122.0,7997.0,603.0,9.0,682.0
2020-07-20,13771.0,238.0,5616.0,7917.0,418.0,4.0,494.0
2020-07-21,14168.0,250.0,6258.0,7660.0,397.0,12.0,642.0
2020-07-22,14805.0,260.0,6757.0,7788.0,637.0,10.0,499.0
2020-07-23,15601.0,263.0,7135.0,8203.0,796.0,3.0,378.0
2020-07-24,16268.0,274.0,7446.0,8548.0,667.0,11.0,311.0
2020-07-25,16643.0,278.0,7574.0,8791.0,375.0,4.0,128.0
2020-07-26,17603.0,280.0,7743.0,9580.0,960.0,2.0,169.0
2020-07-27,17975.0,285.0,7833.0,9857.0,372.0,5.0,90.0
2020-07-28,18581.0,299.0,7908.0,10374.0,606.0,14.0,75.0
2020-07-29,19125.0,311.0,8021.0,10793.0,544.0,12.0,113.0
2020-07-30,19913.0,325.0,8121.0,11467.0,788.0,14.0,100.0
2020-07-31,20636.0,341.0,8165.0,12130.0,723.0,16.0,44.0
2020-08-01,21363.0,364.0,8419.0,12580.0,727.0,23.0,254.0
2020-08-02,22053.0,369.0,8477.0,13207.0,690.0,5.0,58.0
2020-08-03,22597.0,382.0,8740.0,13475.0,544.0,13.0,263.0
2020-08-04,23202.0,388.0,9327.0,13487.0,605.0,6.0,587.0
2020-08-05,23873.0,391.0,9930.0,13552.0,671.0,3.0,603.0
2020-08-06,24411.0,399.0,10444.0,13568.0,538.0,8.0,514.0
2020-08-07,25138.0,413.0,11118.0,13607.0,727.0,14.0,674.0
2020-08-08,25837.0,418.0,11899.0,13520.0,699.0,5.0,781.0
2020-08-09,26436.0,420.0,12961.0,13055.0,599.0,2.0,1062.0
2020-08-10,26928.0,423.0,13495.0,13010.0,492.0,3.0,534.0
2020-08-11,27425.0,438.0,13867.0,13120.0,497.0,15.0,372.0
2020-08-12,28104.0,456.0,14610.0,13038.0,679.0,18.0,743.0
2020-08-13,28754.0,460.0,15100.0,13194.0,650.0,4.0,490.0
2020-08-14,29334.0,465.0,15298.0,13571.0,580.0,5.0,198.0
2020-08-15,29849.0,472.0,15970.0,13407.0,515.0,7.0,672.0
2020-08-16,30120.0,474.0,16656.0,12990.0,271.0,2.0,686.0
2020-08-17,30365.0,482.0,17160.0,12723.0,245.0,8.0,504.0
2020-08-18,30636.0,487.0,17368.0,12781.0,271.0,5.0,208.0
2020-08-19,31015.0,506.0,17612.0,12897.0,379.0,19.0,244.0
2020-08-20,31441.0,516.0,17869.0,13056.0,426.0,10.0,257.0
2020-08-21,31763.0,532.0,18157.0,13074.0,322.0,16.0,288.0
2020-08-22,32118.0,542.0,18453.0,13123.0,355.0,10.0,296.0
2020-08-23,32364.0,548.0,18670.0,13146.0,246.0,6.0,217.0
2020-08-24,32557.0,554.0,18895.0,13108.0,193.0,6.0,225.0
2020-08-25,32803.0,559.0,19055.0,13189.0,246.0,5.0,160.0
2020-08-26,33016.0,564.0,19296.0,13156.0,213.0,5.0,241.0
2020-08-27,33389.0,567.0,19368.0,13454.0,373.0,3.0,72.0
2020-08-28,33630.0,567.0,19434.0,13629.0,241.0,0.0,66.0
2020-08-29,33794.0,572.0,19590.0,13632.0,164.0,5.0,156.0
2020-08-30,34057.0,574.0,19688.0,13795.0,263.0,2.0,98.0
2020-08-31,34201.0,577.0,19893.0,13731.0,144.0,3.0,205.0
2020-09-01,34315.0,577.0,20211.0,13527.0,114.0,0.0,318.0
2020-09-02,34493.0,581.0,20211.0,13701.0,178.0,4.0,0.0
2020-09-03,34705.0,585.0,20644.0,13476.0,212.0,4.0,433.0
2020-09-04,34884.0,589.0,21059.0,13236.0,179.0,4.0,415.0
2020-09-05,35020.0,594.0,21158.0,13268.0,136.0,5.0,99.0
2020-09-06,35103.0,597.0,21230.0,13276.0,83.0,3.0,72.0
2020-09-07,35205.0,599.0,21310.0,13296.0,102.0,2.0,80.0
2020-09-08,35356.0,599.0,21483.0,13274.0,151.0,0.0,173.0
2020-09-09,35460.0,607.0,21557.0,13296.0,104.0,8.0,74.0
2020-09-10,35603.0,612.0,22047.0,12944.0,143.0,5.0,490.0
2020-09-11,35793.0,616.0,22442.0,12735.0,190.0,4.0,395.0
2020-09-12,35969.0,619.0,22771.0,12579.0,176.0,3.0,329.0
2020-09-13,36157.0,622.0,23067.0,12468.0,188.0,3.0,296.0
2020-09-14,36205.0,624.0,23243.0,12338.0,48.0,2.0,176.0
2020-09-15,36301.0,634.0,23364.0,12303.0,96.0,10.0,121.0
2020-09-16,36301.0,634.0,23364.0,12303.0,0.0,0.0,0.0
2020-09-17,36576.0,642.0,23611.0,12323.0,275.0,8.0,247.0
2020-09-18,36724.0,646.0,23709.0,12369.0,148.0,4.0,98.0
2020-09-19,36829.0,646.0,23777.0,12406.0,105.0,0.0,68.0
2020-09-20,36981.0,648.0,23887.0,12446.0,152.0,2.0,110.0
2020-09-21,37079.0,650.0,23949.0,12480.0,98.0,2.0,62.0
2020-09-22,37218.0,659.0,24147.0,12412.0,139.0,9.0,198.0
2020-09-23,37348.0,664.0,24253.0,12431.0,130.0,5.0,106.0
2020-09-24,37489.0,669.0,24334.0,12486.0,141.0,5.0,81.0
2020-09-25,37707.0,682.0,24504.0,12521.0,218.0,13.0,170.0
2020-09-26,37871.0,689.0,24581.0,12601.0,164.0,7.0,77.0
2020-09-27,38115.0,691.0,24621.0,12803.0,244.0,2.0,40.0
2020-09-28,38168.0,700.0,24681.0,12787.0,53.0,9.0,60.0
2020-09-29,38378.0,707.0,24740.0,12931.0,210.0,7.0,59.0
2020-09-30,38529.0,711.0,24908.0,12910.0,151.0,4.0,168.0
2020-10-01,38713.0,711.0,24908.0,13094.0,184.0,0.0,0.0
2020-10-02,38923.0,725.0,25114.0,13084.0,210.0,14.0,206.0
2020-10-03,39184.0,728.0,25426.0,13030.0,261.0,3.0,312.0
2020-10-04,39427.0,731.0,25659.0,13037.0,243.0,3.0,233.0
2020-10-05,39449.0,735.0,27035.0,11679.0,22.0,4.0,1376.0
2020-10-06,39586.0,743.0,27331.0,11512.0,137.0,8.0,296.0
2020-10-07,39907.0,748.0,31659.0,7500.0,321.0,5.0,4328.0
2020-10-08,40178.0,751.0,31710.0,7717.0,271.0,3.0,51.0
2020-10-09,40620.0,755.0,31876.0,7989.0,442.0,4.0,166.0
2020-10-10,41158.0,760.0,31876.0,8522.0,538.0,5.0,0.0
2020-10-11,41546.0,766.0,32000.0,8780.0,388.0,6.0,124.0
2020-10-12,41619.0,777.0,32000.0,8842.0,73.0,11.0,0.0
2020-10-13,41937.0,787.0,31340.0,9810.0,318.0,10.0,-660.0
2020-10-14,42541.0,797.0,31428.0,10316.0,604.0,10.0,88.0
2020-10-15,43143.0,805.0,31508.0,10830.0,602.0,8.0,80.0
2020-10-16,43580.0,813.0,31648.0,11119.0,437.0,8.0,140.0
2020-10-17,44196.0,825.0,31752.0,11619.0,616.0,12.0,104.0
2020-10-18,44881.0,832.0,31857.0,12192.0,685.0,7.0,105.0
2020-10-19,45076.0,839.0,32084.0,12153.0,195.0,7.0,227.0
2020-10-20,45647.0,842.0,32522.0,12283.0,571.0,3.0,438.0
2020-10-21,46144.0,858.0,32760.0,12526.0,497.0,16.0,238.0
2020-10-22,47212.0,870.0,33050.0,13292.0,1068.0,12.0,290.0
2020-10-23,47843.0,884.0,33421.0,13538.0,631.0,14.0,371.0
2020-10-24,48790.0,896.0,33876.0,14018.0,947.0,12.0,455.0
2020-10-25,49721.0,902.0,34209.0,14610.0,931.0,6.0,333.0
2020-10-26,49997.0,920.0,34429.0,14648.0,276.0,18.0,220.0
2020-10-27,50833.0,934.0,34832.0,15067.0,836.0,14.0,403.0
2020-10-28,51851.0,934.0,35258.0,15659.0,1018.0,0.0,426.0
2020-10-29,52612.0,964.0,35604.0,16044.0,761.0,30.0,346.0
2020-10-30,53797.0,981.0,35876.0,16940.0,1185.0,17.0,272.0
2020-10-31,55192.0,981.0,35876.0,18335.0,1395.0,0.0,0.0
2020-11-01,55877.0,1013.0,37194.0,17670.0,685.0,32.0,1318.0
2020-11-02,56601.0,1027.0,37442.0,18132.0,724.0,14.0,248.0
2020-11-03,57093.0,1039.0,37846.0,18208.0,492.0,12.0,404.0
2020-11-04,58587.0,1051.0,38381.0,19155.0,1494.0,12.0,535.0
2020-11-05,59595.0,1072.0,39193.0,19330.0,1008.0,21.0,812.0
2020-11-06,60704.0,1093.0,40131.0,19480.0,1109.0,21.0,938.0
2020-11-07,61769.0,1103.0,41019.0,19647.0,1065.0,10.0,888.0
2020-11-08,62488.0,1111.0,41931.0,19446.0,719.0,8.0,912.0
2020-11-09,63244.0,1130.0,42659.0,19455.0,756.0,19.0,728.0
2020-11-10,64588.0,1154.0,43095.0,20339.0,1344.0,24.0,436.0
2020-11-11,65804.0,1180.0,43626.0,20998.0,1216.0,26.0,531.0
2020-11-12,66723.0,1203.0,44040.0,21480.0,919.0,23.0,414.0
2020-11-13,68193.0,1228.0,44872.0,22093.0,1470.0,25.0,832.0
2020-11-14,69273.0,1228.0,44872.0,23173.0,1080.0,0.0,0.0
2020-11-15,70245.0,1269.0,45766.0,23210.0,972.0,41.0,894.0
