date,confirmed,deaths,recovered,active,new_confirmed,new_deaths,new_recovered
2020-02-24,1.0,0.0,0.0,1.0,,,
2020-02-25,11.0,0.0,0.0,11.0,10.0,0.0,0.0
2020-02-26,26.0,0.0,0.0,26.0,15.0,0.0,0.0
2020-02-27,43.0,0.0,0.0,43.0,17.0,0.0,0.0
2020-02-28,45.0,0.0,0.0,45.0,2.0,0.0,0.0
2020-02-29,45.0,0.0,0.0,45.0,0.0,0.0,0.0
2020-03-01,45.0,0.0,0.0,45.0,0.0,0.0,0.0
2020-03-02,56.0,0.0,0.0,56.0,11.0,0.0,0.0
2020-03-03,56.0,0.0,0.0,56.0,0.0,0.0,0.0
2020-03-04,56.0,0.0,0.0,56.0,0.0,0.0,0.0
2020-03-05,58.0,0.0,0.0,58.0,2.0,0.0,0.0
2020-03-06,58.0,0.0,0.0,58.0,0.0,0.0,0.0
2020-03-07,61.0,0.0,0.0,61.0,3.0,0.0,0.0
2020-03-08,64.0,0.0,1.0,63.0,3.0,0.0,1.0
2020-03-09,64.0,0.0,1.0,63.0,0.0,0.0,0.0
2020-03-10,69.0,0.0,1.0,68.0,5.0,0.0,0.0
2020-03-11,72.0,0.0,2.0,70.0,3.0,0.0,1.0
2020-03-12,80.0,0.0,5.0,75.0,8.0,0.0,3.0
2020-03-13,80.0,0.0,5.0,75.0,0.0,0.0,0.0
2020-03-14,104.0,0.0,5.0,99.0,24.0,0.0,0.0
2020-03-15,112.0,0.0,5.0,107.0,8.0,0.0,0.0
2020-03-16,123.0,0.0,9.0,114.0,11.0,0.0,4.0
2020-03-17,130.0,0.0,9.0,121.0,7.0,0.0,0.0
2020-03-18,142.0,0.0,15.0,127.0,12.0,0.0,6.0
2020-03-19,148.0,0.0,18.0,130.0,6.0,0.0,3.0
2020-03-20,159.0,0.0,18.0,141.0,11.0,0.0,0.0
2020-03-21,176.0,0.0,27.0,149.0,17.0,0.0,9.0
2020-03-22,188.0,0.0,30.0,158.0,12.0,0.0,3.0
2020-03-23,189.0,0.0,30.0,159.0,1.0,0.0,0.0
2020-03-24,191.0,0.0,39.0,152.0,2.0,0.0,9.0
2020-03-25,195.0,0.0,43.0,152.0,4.0,0.0,4.0
2020-03-26,208.0,0.0,49.0,159.0,13.0,0.0,6.0
2020-03-27,225.0,0.0,57.0,168.0,17.0,0.0,8.0
2020-03-28,235.0,0.0,64.0,171.0,10.0,0.0,7.0
2020-03-29,255.0,0.0,67.0,188.0,20.0,0.0,3.0
2020-03-30,266.0,0.0,72.0,194.0,11.0,0.0,5.0
2020-03-31,289.0,0.0,73.0,216.0,23.0,0.0,1.0
2020-04-01,317.0,0.0,80.0,237.0,28.0,0.0,7.0
2020-04-02,342.0,0.0,81.0,261.0,25.0,0.0,1.0
2020-04-03,417.0,0.0,82.0,335.0,75.0,0.0,1.0
2020-04-04,479.0,1.0,93.0,385.0,62.0,1.0,11.0
2020-04-05,556.0,1.0,99.0,456.0,77.0,0.0,6.0
2020-04-06,665.0,1.0,103.0,561.0,109.0,0.0,4.0
2020-04-07,743.0,1.0,105.0,637.0,78.0,0.0,2.0
2020-04-08,855.0,1.0,111.0,743.0,112.0,0.0,6.0
2020-04-09,910.0,1.0,111.0,798.0,55.0,0.0,0.0
2020-04-10,993.0,1.0,123.0,869.0,83.0,0.0,12.0
2020-04-11,1154.0,1.0,133.0,1020.0,161.0,0.0,10.0
2020-04-12,1234.0,1.0,142.0,1091.0,80.0,0.0,9.0
2020-04-13,1300.0,2.0,150.0,1148.0,66.0,1.0,8.0
2020-04-14,1355.0,3.0,176.0,1176.0,55.0,1.0,26.0
2020-04-15,1405.0,3.0,206.0,1196.0,50.0,0.0,30.0
2020-04-16,1524.0,3.0,225.0,1296.0,119.0,0.0,19.0
2020-04-17,1658.0,5.0,258.0,1395.0,134.0,2.0,33.0
2020-04-18,1751.0,6.0,280.0,1465.0,93.0,1.0,22.0
2020-04-19,1915.0,7.0,305.0,1603.0,164.0,1.0,25.0
2020-04-20,1995.0,9.0,367.0,1619.0,80.0,2.0,62.0
2020-04-21,2080.0,11.0,412.0,1657.0,85.0,2.0,45.0
2020-04-22,2248.0,13.0,443.0,1792.0,168.0,2.0,31.0
2020-04-23,2399.0,14.0,498.0,1887.0,151.0,1.0,55.0
2020-04-24,2614.0,15.0,613.0,1986.0,215.0,1.0,115.0
2020-04-25,2892.0,19.0,656.0,2217.0,278.0,4.0,43.0
2020-04-26,3075.0,20.0,806.0,2249.0,183.0,1.0,150.0
2020-04-27,3288.0,22.0,1012.0,2254.0,213.0,2.0,206.0
2020-04-28,3440.0,23.0,1176.0,2241.0,152.0,1.0,164.0
2020-04-29,3740.0,24.0,1389.0,2327.0,300.0,1.0,213.0
2020-04-30,4024.0,26.0,1539.0,2459.0,284.0,2.0,150.0
2020-05-01,4377.0,30.0,1602.0,2745.0,353.0,4.0,63.0
2020-05-02,4619.0,33.0,1703.0,2883.0,242.0,3.0,101.0
2020-05-03,4983.0,38.0,1776.0,3169.0,364.0,5.0,73.0
2020-05-04,5278.0,40.0,1947.0,3291.0,295.0,2.0,171.0
2020-05-05,5804.0,40.0,2032.0,3732.0,526.0,0.0,85.0
2020-05-06,6289.0,42.0,2219.0,4028.0,485.0,2.0,187.0
2020-05-07,6567.0,44.0,2381.0,4142.0,278.0,2.0,162.0
2020-05-08,7208.0,47.0,2466.0,4695.0,641.0,3.0,85.0
2020-05-09,7623.0,49.0,2622.0,4952.0,415.0,2.0,156.0
2020-05-10,8688.0,58.0,2729.0,5901.0,1065.0,9.0,107.0
2020-05-11,9286.0,65.0,2907.0,6314.0,598.0,7.0,178.0
2020-05-12,10277.0,75.0,3101.0,7101.0,991.0,10.0,194.0
2020-05-13,11028.0,82.0,3263.0,7683.0,751.0,7.0,162.0
2020-05-14,11975.0,88.0,3451.0,8436.0,947.0,6.0,188.0
2020-05-15,12860.0,96.0,3640.0,9124.0,885.0,8.0,189.0
2020-05-16,13802.0,107.0,3843.0,9852.0,942.0,11.0,203.0
2020-05-17,14850.0,112.0,4093.0,10645.0,1048.0,5.0,250.0
2020-05-18,15691.0,118.0,4339.0,11234.0,841.0,6.0,246.0
2020-05-19,16764.0,121.0,4681.0,11962.0,1073.0,3.0,342.0
2020-05-20,17568.0,124.0,4885.0,12559.0,804.0,3.0,204.0
2020-05-21,18609.0,129.0,5205.0,13275.0,1041.0,5.0,320.0
2020-05-22,19564.0,138.0,5515.0,13911.0,955.0,9.0,310.0
2020-05-23,20464.0,148.0,5747.0,14569.0,900.0,10.0,232.0
2020-05-24,21302.0,156.0,6117.0,15029.0,838.0,8.0,370.0
2020-05-25,21967.0,165.0,6621.0,15181.0,665.0,9.0,504.0
2020-05-26,22575.0,172.0,7306.0,15097.0,608.0,7.0,685.0
2020-05-27,23267.0,175.0,7946.0,15146.0,692.0,3.0,640.0
2020-05-28,24112.0,185.0,8698.0,15229.0,845.0,10.0,752.0
2020-05-29,25184.0,194.0,9273.0,15717.0,1072.0,9.0,575.0
2020-05-30,26192.0,205.0,10156.0,15831.0,1008.0,11.0,883.0
2020-05-31,27043.0,212.0,11386.0,15445.0,851.0,7.0,1230.0
2020-06-01,27762.0,220.0,12899.0,14643.0,719.0,8.0,1513.0
2020-06-02,28649.0,226.0,14281.0,14142.0,887.0,6.0,1382.0
2020-06-03,29359.0,230.0,15750.0,13379.0,710.0,4.0,1469.0
2020-06-04,29921.0,236.0,17223.0,12462.0,562.0,6.0,1473.0
2020-06-05,30644.0,244.0,18277.0,12123.0,723.0,8.0,1054.0
2020-06-06,31131.0,254.0,19282.0,11595.0,487.0,10.0,1005.0
2020-06-07,31848.0,264.0,20205.0,11379.0,717.0,10.0,923.0
2020-06-08,32510.0,269.0,21242.0,10999.0,662.0,5.0,1037.0
2020-06-09,33140.0,273.0,22162.0,10705.0,630.0,4.0,920.0
2020-06-10,33823.0,275.0,23288.0,10260.0,683.0,2.0,1126.0
2020-06-11,34432.0,279.0,24137.0,10016.0,609.0,4.0,849.0
2020-06-12,34952.0,285.0,25048.0,9619.0,520.0,6.0,911.0
2020-06-13,35466.0,289.0,25882.0,9295.0,514.0,4.0,834.0
2020-06-14,35920.0,296.0,26759.0,8865.0,454.0,7.0,877.0
2020-06-15,36431.0,298.0,27531.0,8602.0,511.0,2.0,772.0
2020-06-16,36958.0,303.0,28206.0,8449.0,527.0,5.0,675.0
2020-06-17,37533.0,306.0,28896.0,8331.0,575.0,3.0,690.0
2020-06-18,38074.0,308.0,29512.0,8254.0,541.0,2.0,616.0
2020-06-19,38678.0,313.0,30190.0,8175.0,604.0,5.0,678.0
2020-06-20,39145.0,319.0,30726.0,8100.0,467.0,6.0,536.0
2020-06-21,39650.0,326.0,31240.0,8084.0,505.0,7.0,514.0
2020-06-22,40291.0,330.0,31770.0,8191.0,641.0,4.0,530.0
2020-06-23,41033.0,334.0,32304.0,8395.0,742.0,4.0,534.0
2020-06-24,41879.0,337.0,32809.0,8733.0,846.0,3.0,505.0
2020-06-25,42788.0,339.0,33367.0,9082.0,909.0,2.0,558.0
2020-06-26,43703.0,341.0,33969.0,9393.0,915.0,2.0,602.0
2020-06-27,44391.0,344.0,34586.0,9461.0,688.0,3.0,617.0
2020-06-28,44942.0,348.0,35494.0,9100.0,551.0,4.0,908.0
2020-06-29,45524.0,350.0,36313.0,8861.0,582.0,2.0,819.0
2020-06-30,46195.0,354.0,37030.0,8811.0,671.0,4.0,717.0
2020-07-01,46940.0,358.0,37715.0,8867.0,745.0,4.0,685.0
2020-07-02,47859.0,359.0,38390.0,9110.0,919.0,1.0,675.0
2020-07-03,48672.0,360.0,39276.0,9036.0,813.0,1.0,886.0
2020-07-04,49303.0,365.0,39943.0,8995.0,631.0,5.0,667.0
2020-07-05,49941.0,368.0,40463.0,9110.0,638.0,3.0,520.0
2020-07-06,50644.0,373.0,41001.0,9270.0,703.0,5.0,538.0
2020-07-07,51245.0,377.0,41515.0,9353.0,601.0,4.0,514.0
2020-07-08,52007.0,379.0,42108.0,9520.0,762.0,2.0,593.0
2020-07-09,52840.0,382.0,42686.0,9772.0,833.0,3.0,578.0
2020-07-10,53580.0,383.0,43214.0,9983.0,740.0,1.0,528.0
2020-07-11,54058.0,386.0,43961.0,9711.0,478.0,3.0,747.0
2020-07-12,54894.0,390.0,44610.0,9894.0,836.0,4.0,649.0
2020-07-13,55508.0,393.0,45356.0,9759.0,614.0,3.0,746.0
2020-07-14,56174.0,396.0,46161.0,9617.0,666.0,3.0,805.0
2020-07-15,56877.0,399.0,46897.0,9581.0,703.0,3.0,736.0
2020-07-16,57668.0,402.0,47545.0,9721.0,791.0,3.0,648.0
2020-07-17,58221.0,404.0,48381.0,9436.0,553.0,2.0,836.0
2020-07-18,58904.0,407.0,49020.0,9477.0,683.0,3.0,639.0
2020-07-19,59204.0,408.0,49687.0,9109.0,300.0,1.0,667.0
2020-07-20,59763.0,408.0,50339.0,9016.0,559.0,0.0,652.0
2020-07-21,60434.0,412.0,50919.0,9103.0,671.0,4.0,580.0
2020-07-22,61185.0,417.0,51520.0,9248.0,751.0,5.0,601.0
2020-07-23,61872.0,421.0,52247.0,9204.0,687.0,4.0,727.0
2020-07-24,62625.0,425.0,52915.0,9285.0,753.0,4.0,668.0
2020-07-25,63309.0,429.0,53607.0,9273.0,684.0,4.0,692.0
2020-07-26,63773.0,433.0,54373.0,8967.0,464.0,4.0,766.0
2020-07-27,64379.0,438.0,55057.0,8884.0,606.0,5.0,684.0
2020-07-28,65149.0,442.0,55681.0,9026.0,770.0,4.0,624.0
2020-07-29,65903.0,444.0,56467.0,8992.0,754.0,2.0,786.0
2020-07-30,66529.0,445.0,57330.0,8754.0,626.0,1.0,863.0
2020-07-31,66957.0,447.0,57932.0,8578.0,428.0,2.0,602.0
2020-08-01,67448.0,453.0,58525.0,8470.0,491.0,6.0,593.0
2020-08-02,67911.0,457.0,59213.0,8241.0,463.0,4.0,688.0
2020-08-03,68299.0,461.0,59739.0,8099.0,388.0,4.0,526.0
2020-08-04,68774.0,465.0,60326.0,7983.0,475.0,4.0,587.0
2020-08-05,69425.0,468.0,60906.0,8051.0,651.0,3.0,580.0
2020-08-06,70045.0,469.0,61610.0,7966.0,620.0,1.0,704.0
2020-08-07,70727.0,471.0,62330.0,7926.0,682.0,2.0,720.0
2020-08-08,71199.0,474.0,62806.0,7919.0,472.0,3.0,476.0
2020-08-09,71713.0,478.0,63519.0,7716.0,514.0,4.0,713.0
2020-08-10,72400.0,482.0,64028.0,7890.0,687.0,4.0,509.0
2020-08-11,73068.0,486.0,64759.0,7823.0,668.0,4.0,731.0
2020-08-12,73785.0,489.0,65451.0,7845.0,717.0,3.0,692.0
2020-08-13,74486.0,489.0,66099.0,7898.0,701.0,0.0,648.0
2020-08-14,75185.0,494.0,66740.0,7951.0,699.0,5.0,641.0
2020-08-15,75697.0,498.0,67519.0,7680.0,512.0,4.0,779.0
2020-08-16,76205.0,501.0,68135.0,7569.0,508.0,3.0,616.0
2020-08-17,76827.0,502.0,68633.0,7692.0,622.0,1.0,498.0
2020-08-18,77470.0,505.0,69243.0,7722.0,643.0,3.0,610.0
2020-08-19,78145.0,507.0,69771.0,7867.0,675.0,2.0,528.0
2020-08-20,78767.0,509.0,70642.0,7616.0,622.0,2.0,871.0
2020-08-21,79269.0,511.0,71264.0,7494.0,502.0,2.0,622.0
2020-08-22,79957.0,513.0,71770.0,7674.0,688.0,2.0,506.0
2020-08-23,80528.0,515.0,72307.0,7706.0,571.0,2.0,537.0
2020-08-24,80960.0,518.0,72925.0,7517.0,432.0,3.0,618.0
2020-08-25,81573.0,519.0,73402.0,7652.0,613.0,1.0,477.0
2020-08-26,82271.0,521.0,73906.0,7844.0,698.0,2.0,504.0
2020-08-27,82945.0,522.0,74522.0,7901.0,674.0,1.0,616.0
2020-08-28,83578.0,525.0,75320.0,7733.0,633.0,3.0,798.0
2020-08-29,84224.0,528.0,75993.0,7703.0,646.0,3.0,673.0
2020-08-30,84636.0,530.0,76650.0,7456.0,412.0,2.0,657.0
2020-08-31,85109.0,531.0,77224.0,7354.0,473.0,1.0,574.0
2020-09-01,85811.0,534.0,77657.0,7620.0,702.0,3.0,433.0
2020-09-02,86478.0,535.0,78209.0,7734.0,667.0,1.0,552.0
2020-09-03,87378.0,536.0,78791.0,8051.0,900.0,1.0,582.0
2020-09-04,88243.0,537.0,79417.0,8289.0,865.0,1.0,626.0
2020-09-05,88963.0,540.0,79903.0,8520.0,720.0,3.0,486.0
2020-09-06,89582.0,544.0,80521.0,8517.0,619.0,4.0,618.0
2020-09-07,90387.0,546.0,81037.0,8804.0,805.0,2.0,516.0
2020-09-08,91244.0,548.0,81654.0,9042.0,857.0,2.0,617.0
2020-09-09,92082.0,552.0,82222.0,9308.0,838.0,4.0,568.0
2020-09-10,92822.0,556.0,83040.0,9226.0,740.0,4.0,818.0
2020-09-11,93475.0,557.0,83660.0,9258.0,653.0,1.0,620.0
2020-09-12,94211.0,558.0,84404.0,9249.0,736.0,1.0,744.0
2020-09-13,94764.0,560.0,84995.0,9209.0,553.0,2.0,591.0
2020-09-14,95472.0,563.0,85501.0,9408.0,708.0,3.0,506.0
2020-09-15,96301.0,568.0,86219.0,9514.0,829.0,5.0,718.0
2020-09-16,96999.0,571.0,87187.0,9241.0,698.0,3.0,968.0
2020-09-17,97824.0,575.0,87911.0,9338.0,825.0,4.0,724.0
2020-09-18,98528.0,580.0,88776.0,9172.0,704.0,5.0,865.0
2020-09-19,99049.0,581.0,89498.0,8970.0,521.0,1.0,722.0
2020-09-20,99434.0,584.0,90168.0,8682.0,385.0,3.0,670.0
2020-09-21,99964.0,585.0,90930.0,8449.0,530.0,1.0,762.0
2020-09-22,100683.0,588.0,91612.0,8483.0,719.0,3.0,682.0
2020-09-23,101299.0,590.0,92341.0,8368.0,616.0,2.0,729.0
2020-09-24,101851.0,592.0,92961.0,8298.0,552.0,2.0,620.0
2020-09-25,102441.0,595.0,93562.0,8284.0,590.0,3.0,601.0
2020-09-26,103199.0,597.0,94211.0,8391.0,758.0,2.0,649.0
2020-09-27,103544.0,601.0,94929.0,8014.0,345.0,4.0,718.0
2020-09-28,103981.0,605.0,95511.0,7865.0,437.0,4.0,582.0
2020-09-29,104568.0,607.0,96049.0,7912.0,587.0,2.0,538.0
2020-09-30,105182.0,610.0,96688.0,7884.0,614.0,3.0,639.0
2020-10-01,105676.0,612.0,97197.0,7867.0,494.0,2.0,509.0
2020-10-02,106087.0,615.0,97898.0,7574.0,411.0,3.0,701.0
2020-10-03,106458.0,620.0,98435.0,7403.0,371.0,5.0,537.0
2020-10-04,107025.0,624.0,99040.0,7361.0,567.0,4.0,605.0
2020-10-05,107592.0,628.0,99549.0,7415.0,567.0,4.0,509.0
2020-10-06,108268.0,632.0,100179.0,7457.0,676.0,4.0,630.0
2020-10-07,108743.0,639.0,100776.0,7328.0,475.0,7.0,597.0
2020-10-08,109441.0,642.0,101314.0,7485.0,698.0,3.0,538.0
2020-10-09,110076.0,649.0,102024.0,7403.0,635.0,7.0,710.0
2020-10-10,110568.0,655.0,102722.0,7191.0,492.0,6.0,698.0
2020-10-11,111116.0,658.0,103268.0,7190.0,548.0,3.0,546.0
2020-10-12,111893.0,664.0,103802.0,7427.0,777.0,6.0,534.0
2020-10-13,112737.0,672.0,104508.0,7557.0,844.0,8.0,706.0
2020-10-14,113269.0,676.0,105236.0,7357.0,532.0,4.0,728.0
2020-10-15,114015.0,684.0,105846.0,7485.0,746.0,8.0,610.0
2020-10-16,114744.0,690.0,106495.0,7559.0,729.0,6.0,649.0
2020-10-17,115483.0,694.0,107108.0,7681.0,739.0,4.0,613.0
2020-10-18,116146.0,701.0,107860.0,7585.0,663.0,7.0,752.0
2020-10-19,116832.0,710.0,108606.0,7516.0,686.0,9.0,746.0
2020-10-20,117718.0,714.0,109198.0,7806.0,886.0,4.0,592.0
2020-10-21,118531.0,721.0,109916.0,7894.0,813.0,7.0,718.0
2020-10-22,119420.0,730.0,110714.0,7976.0,889.0,9.0,798.0
2020-10-23,120232.0,740.0,111440.0,8052.0,812.0,10.0,726.0
2020-10-24,120927.0,744.0,112110.0,8073.0,695.0,4.0,670.0
2020-10-25,121635.0,746.0,112771.0,8118.0,708.0,2.0,661.0
2020-10-26,122317.0,749.0,113391.0,8177.0,682.0,3.0,620.0
2020-10-27,123092.0,756.0,114116.0,8220.0,775.0,7.0,725.0
2020-10-28,123906.0,763.0,114923.0,8220.0,814.0,7.0,807.0
2020-10-29,124666.0,767.0,115475.0,8424.0,760.0,4.0,552.0
2020-10-30,125337.0,773.0,116202.0,8362.0,671.0,6.0,727.0
2020-10-31,125926.0,779.0,116862.0,8285.0,589.0,6.0,660.0
2020-11-01,126534.0,782.0,117558.0,8194.0,608.0,3.0,696.0
2020-11-02,127293.0,786.0,118386.0,8121.0,759.0,4.0,828.0
2020-11-03,128080.0,789.0,119080.0,8211.0,787.0,3.0,694.0
2020-11-04,128843.0,794.0,119742.0,8307.0,763.0,5.0,662.0
2020-11-05,129638.0,799.0,120564.0,8275.0,795.0,5.0,822.0
