date,confirmed,deaths,recovered,active,new_confirmed,new_deaths,new_recovered
2020-03-18,3.0,0.0,0.0,3.0,,,
2020-03-19,3.0,0.0,0.0,3.0,0.0,0.0,0.0
2020-03-20,6.0,0.0,0.0,6.0,3.0,0.0,0.0
2020-03-21,14.0,0.0,0.0,14.0,8.0,0.0,0.0
2020-03-22,14.0,0.0,0.0,14.0,0.0,0.0,0.0
2020-03-23,16.0,0.0,0.0,16.0,2.0,0.0,0.0
2020-03-24,42.0,0.0,0.0,42.0,26.0,0.0,0.0
2020-03-25,44.0,0.0,0.0,44.0,2.0,0.0,0.0
2020-03-26,44.0,0.0,0.0,44.0,0.0,0.0,0.0
2020-03-27,58.0,0.0,0.0,58.0,14.0,0.0,0.0
2020-03-28,58.0,0.0,0.0,58.0,0.0,0.0,0.0
2020-03-29,84.0,0.0,0.0,84.0,26.0,0.0,0.0
2020-03-30,94.0,0.0,3.0,91.0,10.0,0.0,3.0
2020-03-31,107.0,0.0,3.0,104.0,13.0,0.0,0.0
2020-04-01,111.0,0.0,3.0,108.0,4.0,0.0,0.0
2020-04-02,116.0,0.0,5.0,111.0,5.0,0.0,2.0
2020-04-03,130.0,1.0,6.0,123.0,14.0,1.0,1.0
2020-04-04,144.0,1.0,9.0,134.0,14.0,0.0,3.0
2020-04-05,147.0,1.0,9.0,137.0,3.0,0.0,0.0
2020-04-06,216.0,4.0,33.0,179.0,69.0,3.0,24.0
2020-04-07,228.0,4.0,33.0,191.0,12.0,0.0,0.0
2020-04-08,270.0,4.0,33.0,233.0,42.0,0.0,0.0
2020-04-09,280.0,4.0,35.0,241.0,10.0,0.0,2.0
2020-04-10,298.0,5.0,35.0,258.0,18.0,1.0,0.0
2020-04-11,339.0,5.0,44.0,290.0,41.0,0.0,9.0
2020-04-12,377.0,5.0,54.0,318.0,38.0,0.0,10.0
2020-04-13,419.0,5.0,67.0,347.0,42.0,0.0,13.0
2020-04-14,430.0,5.0,71.0,354.0,11.0,0.0,4.0
2020-04-15,449.0,5.0,78.0,366.0,19.0,0.0,7.0
2020-04-16,466.0,5.0,91.0,370.0,17.0,0.0,13.0
2020-04-17,489.0,5.0,114.0,370.0,23.0,0.0,23.0
2020-04-18,506.0,5.0,130.0,371.0,17.0,0.0,16.0
2020-04-19,554.0,5.0,133.0,416.0,48.0,0.0,3.0
2020-04-20,568.0,7.0,201.0,360.0,14.0,2.0,68.0
2020-04-21,590.0,7.0,216.0,367.0,22.0,0.0,15.0
2020-04-22,612.0,7.0,254.0,351.0,22.0,0.0,38.0
2020-04-23,631.0,8.0,302.0,321.0,19.0,1.0,48.0
2020-04-24,665.0,8.0,345.0,312.0,34.0,0.0,43.0
2020-04-25,665.0,8.0,345.0,312.0,0.0,0.0,0.0
2020-04-26,682.0,8.0,370.0,304.0,17.0,0.0,25.0
2020-04-27,695.0,8.0,395.0,292.0,13.0,0.0,25.0
2020-04-28,708.0,8.0,416.0,284.0,13.0,0.0,21.0
2020-04-29,729.0,8.0,437.0,284.0,21.0,0.0,21.0
2020-04-30,746.0,8.0,462.0,276.0,17.0,0.0,25.0
2020-05-01,756.0,8.0,504.0,244.0,10.0,0.0,42.0
2020-05-02,769.0,8.0,527.0,234.0,13.0,0.0,23.0
2020-05-03,795.0,10.0,564.0,221.0,26.0,2.0,37.0
2020-05-04,830.0,10.0,575.0,245.0,35.0,0.0,11.0
2020-05-05,843.0,11.0,600.0,232.0,13.0,1.0,25.0
2020-05-06,871.0,12.0,614.0,245.0,28.0,1.0,14.0
2020-05-07,895.0,12.0,637.0,246.0,24.0,0.0,23.0
2020-05-08,906.0,12.0,650.0,244.0,11.0,0.0,13.0
2020-05-09,931.0,12.0,658.0,261.0,25.0,0.0,8.0
2020-05-10,1002.0,12.0,675.0,315.0,71.0,0.0,17.0
2020-05-11,1016.0,12.0,688.0,316.0,14.0,0.0,13.0
2020-05-12,1037.0,12.0,709.0,316.0,21.0,0.0,21.0
2020-05-13,1044.0,12.0,726.0,306.0,7.0,0.0,17.0
2020-05-14,1082.0,12.0,735.0,335.0,38.0,0.0,9.0
2020-05-15,1111.0,14.0,745.0,352.0,29.0,2.0,10.0
2020-05-16,1117.0,14.0,783.0,320.0,6.0,0.0,38.0
2020-05-17,1138.0,14.0,804.0,320.0,21.0,0.0,21.0
2020-05-18,1216.0,14.0,827.0,375.0,78.0,0.0,23.0
2020-05-19,1243.0,14.0,898.0,331.0,27.0,0.0,71.0
2020-05-20,1270.0,14.0,910.0,346.0,27.0,0.0,12.0
2020-05-21,1313.0,14.0,923.0,376.0,43.0,0.0,13.0
2020-05-22,1350.0,14.0,939.0,397.0,37.0,0.0,16.0
2020-05-23,1365.0,14.0,957.0,394.0,15.0,0.0,18.0
2020-05-24,1403.0,14.0,980.0,409.0,38.0,0.0,23.0
2020-05-25,1433.0,16.0,992.0,425.0,30.0,2.0,12.0
2020-05-26,1468.0,16.0,1015.0,437.0,35.0,0.0,23.0
2020-05-27,1520.0,16.0,1043.0,461.0,52.0,0.0,28.0
2020-05-28,1594.0,16.0,1066.0,512.0,74.0,0.0,23.0
2020-05-29,1662.0,16.0,1088.0,558.0,68.0,0.0,22.0
2020-05-30,1722.0,16.0,1113.0,593.0,60.0,0.0,25.0
2020-05-31,1748.0,16.0,1170.0,562.0,26.0,0.0,57.0
2020-06-01,1817.0,16.0,1181.0,620.0,69.0,0.0,11.0
2020-06-02,1845.0,17.0,1219.0,609.0,28.0,1.0,38.0
2020-06-03,1871.0,20.0,1265.0,586.0,26.0,3.0,46.0
2020-06-04,1899.0,20.0,1292.0,587.0,28.0,0.0,27.0
2020-06-05,1936.0,22.0,1340.0,574.0,37.0,2.0,48.0
2020-06-06,1974.0,22.0,1360.0,592.0,38.0,0.0,20.0
2020-06-07,2007.0,22.0,1425.0,560.0,33.0,0.0,65.0
2020-06-08,2032.0,23.0,1445.0,564.0,25.0,1.0,20.0
2020-06-09,2055.0,24.0,1483.0,548.0,23.0,1.0,38.0
2020-06-10,2093.0,26.0,1572.0,495.0,38.0,2.0,89.0
2020-06-11,2166.0,26.0,1668.0,472.0,73.0,0.0,96.0
2020-06-12,2166.0,26.0,1668.0,472.0,0.0,0.0,0.0
2020-06-13,2207.0,27.0,1722.0,458.0,41.0,1.0,54.0
2020-06-14,2285.0,27.0,1791.0,467.0,78.0,0.0,69.0
2020-06-15,2472.0,28.0,1847.0,597.0,187.0,1.0,56.0
2020-06-16,2562.0,30.0,1902.0,630.0,90.0,2.0,55.0
2020-06-17,2657.0,31.0,1933.0,693.0,95.0,1.0,31.0
2020-06-18,2657.0,31.0,1933.0,693.0,0.0,0.0,0.0
2020-06-19,2789.0,32.0,1961.0,796.0,132.0,1.0,28.0
2020-06-20,2981.0,35.0,1981.0,965.0,192.0,3.0,20.0
2020-06-21,3356.0,40.0,2021.0,1295.0,375.0,5.0,40.0
2020-06-22,3356.0,40.0,2021.0,1295.0,0.0,0.0,0.0
2020-06-23,3726.0,42.0,2082.0,1602.0,370.0,2.0,61.0
2020-06-24,3954.0,43.0,2112.0,1799.0,228.0,1.0,30.0
2020-06-25,4204.0,43.0,2162.0,1999.0,250.0,0.0,50.0
2020-06-26,4446.0,46.0,2194.0,2206.0,242.0,3.0,32.0
2020-06-27,4513.0,46.0,2212.0,2255.0,67.0,0.0,18.0
2020-06-28,5017.0,50.0,2294.0,2673.0,504.0,4.0,82.0
2020-06-29,5296.0,57.0,2370.0,2869.0,279.0,7.0,76.0
2020-06-30,5506.0,61.0,2443.0,3002.0,210.0,4.0,73.0
2020-07-01,6261.0,66.0,2530.0,3665.0,755.0,5.0,87.0
2020-07-02,6767.0,76.0,2655.0,4036.0,506.0,10.0,125.0
2020-07-03,6878.0,76.0,2671.0,4131.0,111.0,0.0,16.0
2020-07-04,7094.0,78.0,2714.0,4302.0,216.0,2.0,43.0
2020-07-05,7377.0,88.0,2802.0,4487.0,283.0,10.0,88.0
2020-07-06,8141.0,99.0,2916.0,5126.0,764.0,11.0,114.0
2020-07-07,8279.0,107.0,2967.0,5205.0,138.0,8.0,51.0
2020-07-08,8847.0,116.0,3053.0,5678.0,568.0,9.0,86.0
2020-07-09,9358.0,122.0,3134.0,6102.0,511.0,6.0,81.0
2020-07-10,9910.0,125.0,3236.0,6549.0,552.0,3.0,102.0
2020-07-11,10410.0,129.0,3253.0,7028.0,500.0,4.0,17.0
2020-07-12,11117.0,147.0,3460.0,7510.0,707.0,18.0,207.0
2020-07-13,11444.0,149.0,3538.0,7757.0,327.0,2.0,78.0
2020-07-14,11444.0,149.0,3538.0,7757.0,0.0,0.0,0.0
2020-07-15,12282.0,165.0,3712.0,8405.0,838.0,16.0,174.0
2020-07-16,12498.0,167.0,3735.0,8596.0,216.0,2.0,23.0
2020-07-17,13101.0,173.0,3821.0,9107.0,603.0,6.0,86.0
2020-07-18,24606.0,900.0,10704.0,13002.0,11505.0,727.0,6883.0
2020-07-19,27143.0,1037.0,13109.0,12997.0,2537.0,137.0,2405.0
2020-07-20,27143.0,1037.0,13109.0,12997.0,0.0,0.0,0.0
2020-07-21,28251.0,1079.0,14776.0,12396.0,1108.0,42.0,1667.0
2020-07-22,30349.0,1169.0,16791.0,12389.0,2098.0,90.0,2015.0
2020-07-23,31247.0,1211.0,18038.0,11998.0,898.0,42.0,1247.0
2020-07-24,31247.0,1211.0,18038.0,11998.0,0.0,0.0,0.0
2020-07-25,32124.0,1249.0,19203.0,11672.0,877.0,38.0,1165.0
2020-07-26,32813.0,1277.0,20388.0,11148.0,689.0,28.0,1185.0
2020-07-27,33296.0,1301.0,21205.0,10790.0,483.0,24.0,817.0
2020-07-28,33844.0,1329.0,22296.0,10219.0,548.0,28.0,1091.0
2020-07-29,34592.0,1347.0,22296.0,10949.0,748.0,18.0,0.0
2020-07-30,35223.0,1364.0,23985.0,9874.0,631.0,17.0,1689.0
2020-07-31,35805.0,1378.0,25037.0,9390.0,582.0,14.0,1052.0
2020-08-01,36299.0,1397.0,26419.0,8483.0,494.0,19.0,1382.0
2020-08-02,36719.0,1409.0,27274.0,8036.0,420.0,12.0,855.0
2020-08-03,37129.0,1420.0,27927.0,7782.0,410.0,11.0,653.0
2020-08-04,37541.0,1427.0,28743.0,7371.0,412.0,7.0,816.0
2020-08-05,38110.0,1438.0,29513.0,7159.0,569.0,11.0,770.0
2020-08-06,38659.0,1447.0,30099.0,7113.0,549.0,9.0,586.0
2020-08-07,39162.0,1451.0,30764.0,6947.0,503.0,4.0,665.0
2020-08-08,39571.0,1459.0,31062.0,7050.0,409.0,8.0,298.0
2020-08-09,39919.0,1468.0,31822.0,6629.0,348.0,9.0,760.0
2020-08-10,40085.0,1474.0,32126.0,6485.0,166.0,6.0,304.0
2020-08-11,40455.0,1478.0,32734.0,6243.0,370.0,4.0,608.0
2020-08-12,40759.0,1484.0,32997.0,6278.0,304.0,6.0,263.0
2020-08-13,41069.0,1487.0,33288.0,6294.0,310.0,3.0,291.0
2020-08-14,41373.0,1491.0,33592.0,6290.0,304.0,4.0,304.0
2020-08-15,41645.0,1493.0,33951.0,6201.0,272.0,2.0,359.0
2020-08-16,41856.0,1495.0,34276.0,6085.0,211.0,2.0,325.0
2020-08-17,41991.0,1496.0,34537.0,5958.0,135.0,1.0,261.0
2020-08-18,42146.0,1498.0,34855.0,5793.0,155.0,2.0,318.0
2020-08-19,42325.0,1498.0,35197.0,5630.0,179.0,0.0,342.0
2020-08-20,42507.0,1498.0,35486.0,5523.0,182.0,0.0,289.0
2020-08-21,42703.0,1055.0,35831.0,5817.0,196.0,-443.0,345.0
2020-08-22,42889.0,1055.0,36056.0,5778.0,186.0,0.0,225.0
2020-08-23,43023.0,1056.0,36397.0,5570.0,134.0,1.0,341.0
2020-08-24,43126.0,1057.0,36615.0,5454.0,103.0,1.0,218.0
2020-08-25,43245.0,1057.0,36925.0,5263.0,119.0,0.0,310.0
2020-08-26,43358.0,1057.0,37217.0,5084.0,113.0,0.0,292.0
2020-08-27,43459.0,1057.0,37492.0,4910.0,101.0,0.0,275.0
2020-08-28,43587.0,1057.0,37726.0,4804.0,128.0,0.0,234.0
2020-08-29,43712.0,1057.0,37973.0,4682.0,125.0,0.0,247.0
2020-08-30,43820.0,1058.0,38198.0,4564.0,108.0,1.0,225.0
2020-08-31,43898.0,1058.0,38459.0,4381.0,78.0,0.0,261.0
2020-09-01,43958.0,1059.0,38649.0,4250.0,60.0,1.0,190.0
2020-09-02,44036.0,1059.0,38895.0,4082.0,78.0,0.0,246.0
2020-09-03,44135.0,1059.0,39174.0,3902.0,99.0,0.0,279.0
2020-09-04,44199.0,1060.0,39389.0,3750.0,64.0,1.0,215.0
2020-09-05,44293.0,1060.0,39599.0,3634.0,94.0,0.0,210.0
2020-09-06,44403.0,1060.0,39826.0,3517.0,110.0,0.0,227.0
2020-09-07,44458.0,1060.0,39960.0,3438.0,55.0,0.0,134.0
2020-09-08,44487.0,1060.0,40092.0,3335.0,29.0,0.0,132.0
2020-09-09,44613.0,1061.0,40336.0,3216.0,126.0,1.0,244.0
2020-09-10,44684.0,1061.0,40487.0,3136.0,71.0,0.0,151.0
2020-09-11,44761.0,1063.0,40631.0,3067.0,77.0,2.0,144.0
2020-09-12,44828.0,1063.0,40779.0,2986.0,67.0,0.0,148.0
2020-09-13,44881.0,1063.0,40922.0,2896.0,53.0,0.0,143.0
2020-09-14,44928.0,1063.0,41023.0,2842.0,47.0,0.0,101.0
2020-09-15,44999.0,1063.0,41103.0,2833.0,71.0,0.0,80.0
2020-09-16,45072.0,1063.0,41210.0,2799.0,73.0,0.0,107.0
2020-09-17,45153.0,1063.0,41317.0,2773.0,81.0,0.0,107.0
2020-09-18,45244.0,1063.0,41415.0,2766.0,91.0,0.0,98.0
2020-09-19,45335.0,1063.0,41484.0,2788.0,91.0,0.0,69.0
2020-09-20,45335.0,1063.0,41484.0,2788.0,0.0,0.0,0.0
2020-09-21,45471.0,1063.0,41682.0,2726.0,136.0,0.0,198.0
2020-09-22,45542.0,1063.0,41796.0,2683.0,71.0,0.0,114.0
2020-09-23,45630.0,1063.0,41904.0,2663.0,88.0,0.0,108.0
2020-09-24,45757.0,1063.0,42005.0,2689.0,127.0,0.0,101.0
2020-09-25,45932.0,1063.0,42147.0,2722.0,175.0,0.0,142.0
2020-09-26,46090.0,1063.0,42302.0,2725.0,158.0,0.0,155.0
2020-09-27,46251.0,1063.0,42453.0,2735.0,161.0,0.0,151.0
2020-09-28,46355.0,1064.0,42613.0,2678.0,104.0,1.0,160.0
2020-09-29,46522.0,1064.0,42761.0,2697.0,167.0,0.0,148.0
2020-09-30,46669.0,1064.0,42879.0,2726.0,147.0,0.0,118.0
2020-10-01,46841.0,1065.0,42983.0,2793.0,172.0,1.0,104.0
2020-10-02,47056.0,1065.0,43137.0,2854.0,215.0,0.0,154.0
2020-10-03,47184.0,1066.0,43278.0,2840.0,128.0,1.0,141.0
2020-10-04,47428.0,1066.0,43418.0,2944.0,244.0,0.0,140.0
2020-10-05,47635.0,1066.0,43521.0,3048.0,207.0,0.0,103.0
2020-10-06,47799.0,1066.0,43644.0,3089.0,164.0,0.0,123.0
2020-10-07,48097.0,1069.0,43798.0,3230.0,298.0,3.0,154.0
2020-10-08,48342.0,1073.0,43957.0,3312.0,245.0,4.0,159.0
2020-10-09,48617.0,1077.0,44097.0,3443.0,275.0,4.0,140.0
2020-10-10,48924.0,1082.0,44227.0,3615.0,307.0,5.0,130.0
2020-10-11,49230.0,1085.0,44227.0,3918.0,306.0,3.0,0.0
2020-10-12,49528.0,1090.0,44522.0,3916.0,298.0,5.0,295.0
2020-10-13,49871.0,1092.0,44712.0,4067.0,343.0,2.0,190.0
2020-10-14,50201.0,1094.0,44884.0,4223.0,330.0,2.0,172.0
2020-10-15,50589.0,1099.0,45080.0,4410.0,388.0,5.0,196.0
2020-10-16,51020.0,1103.0,45288.0,4629.0,431.0,4.0,208.0
2020-10-17,51490.0,1108.0,45509.0,4873.0,470.0,5.0,221.0
2020-10-18,52044.0,1111.0,45736.0,5197.0,554.0,3.0,227.0
2020-10-19,52526.0,1111.0,45863.0,5552.0,482.0,0.0,127.0
2020-10-20,52910.0,1113.0,46139.0,5658.0,384.0,2.0,276.0
2020-10-21,53459.0,1118.0,46444.0,5897.0,549.0,5.0,305.0
2020-10-22,54006.0,1122.0,46726.0,6158.0,547.0,4.0,282.0
2020-10-23,54588.0,1126.0,47050.0,6412.0,582.0,4.0,324.0
2020-10-24,55144.0,1130.0,47337.0,6677.0,556.0,4.0,287.0
2020-10-25,55750.0,1134.0,47616.0,7000.0,606.0,4.0,279.0
2020-10-26,56170.0,1134.0,47843.0,7193.0,420.0,0.0,227.0
2020-10-27,56738.0,1136.0,48223.0,7379.0,568.0,2.0,380.0
2020-10-28,57276.0,1138.0,48637.0,7501.0,538.0,2.0,414.0
2020-10-29,57798.0,1139.0,49097.0,7562.0,522.0,1.0,460.0
2020-10-30,58394.0,1142.0,49522.0,7730.0,596.0,3.0,425.0
2020-10-31,58878.0,1144.0,49983.0,7751.0,484.0,2.0,461.0
2020-11-01,58878.0,1144.0,49983.0,7751.0,0.0,0.0,0.0
2020-11-02,59879.0,1155.0,50741.0,7983.0,1001.0,11.0,758.0
2020-11-03,60774.0,1163.0,51815.0,7796.0,895.0,8.0,1074.0
2020-11-04,61309.0,1167.0,52343.0,7799.0,535.0,4.0,528.0
2020-11-05,61309.0,1167.0,52343.0,7799.0,0.0,0.0,0.0
2020-11-06,61748.0,1170.0,52855.0,7723.0,439.0,3.0,512.0
2020-11-07,62304.0,1172.0,53406.0,7726.0,556.0,2.0,551.0
2020-11-08,62819.0,1177.0,53952.0,7690.0,515.0,5.0,546.0
2020-11-09,63390.0,1182.0,54358.0,7850.0,571.0,5.0,406.0
2020-11-10,64360.0,1188.0,55306.0,7866.0,970.0,6.0,948.0
2020-11-11,64360.0,1188.0,55306.0,7866.0,0.0,0.0,0.0
2020-11-12,64887.0,1193.0,55824.0,7870.0,527.0,5.0,518.0
2020-11-13,65454.0,1195.0,56307.0,7952.0,567.0,2.0,483.0
2020-11-14,65953.0,1196.0,56847.0,7910.0,499.0,1.0,540.0
2020-11-15,66983.0,1203.0,57760.0,8020.0,1030.0,7.0,913.0
2020-11-16,66983.0,1203.0,57760.0,8020.0,0.0,0.0,0.0
2020-11-17,67469.0,1207.0,58315.0,7947.0,486.0,4.0,555.0
2020-11-18,67894.0,1212.0,58846.0,7836.0,425.0,5.0,531.0
2020-11-19,68316.0,1217.0,59362.0,7737.0,422.0,5.0,516.0
2020-11-20,68702.0,1223.0,59789.0,7690.0,386.0,6.0,427.0
2020-11-21,69149.0,1227.0,60294.0,7628.0,447.0,4.0,505.0
2020-11-22,69581.0,1231.0,60811.0,7539.0,432.0,4.0,517.0
2020-11-23,69885.0,1237.0,61160.0,7488.0,304.0,6.0,349.0
2020-11-24,70366.0,1241.0,61593.0,7532.0,481.0,4.0,433.0
2020-11-25,71171.0,1251.0,62544.0,7376.0,805.0,10.0,951.0
2020-11-26,71548.0,1256.0,62946.0,7346.0,377.0,5.0,402.0
2020-11-27,71548.0,1256.0,62946.0,7346.0,0.0,0.0,0.0
2020-11-28,71971.0,1262.0,63407.0,7302.0,423.0,6.0,461.0
2020-11-29,72807.0,1271.0,64149.0,7387.0,836.0,9.0,742.0
