date,confirmed,deaths,recovered,active,new_confirmed,new_deaths,new_recovered
2020-03-02,1.0,0.0,0.0,1.0,,,
2020-03-03,1.0,0.0,0.0,1.0,0.0,0.0,0.0
2020-03-04,1.0,0.0,0.0,1.0,0.0,0.0,0.0
2020-03-05,1.0,0.0,0.0,1.0,0.0,0.0,0.0
2020-03-06,1.0,0.0,0.0,1.0,0.0,0.0,0.0
2020-03-07,1.0,0.0,0.0,1.0,0.0,0.0,0.0
2020-03-08,2.0,0.0,0.0,2.0,1.0,0.0,0.0
2020-03-09,6.0,0.0,0.0,6.0,4.0,0.0,0.0
2020-03-10,8.0,0.0,1.0,7.0,2.0,0.0,1.0
2020-03-11,10.0,0.0,1.0,9.0,2.0,0.0,0.0
2020-03-12,10.0,0.0,1.0,9.0,0.0,0.0,0.0
2020-03-13,17.0,0.0,1.0,16.0,7.0,0.0,0.0
2020-03-14,26.0,0.0,1.0,25.0,9.0,0.0,0.0
2020-03-15,30.0,0.0,1.0,29.0,4.0,0.0,0.0
2020-03-16,34.0,0.0,1.0,33.0,4.0,0.0,0.0
2020-03-17,49.0,0.0,1.0,48.0,15.0,0.0,0.0
2020-03-18,71.0,0.0,1.0,70.0,22.0,0.0,0.0
2020-03-19,86.0,0.0,1.0,85.0,15.0,0.0,0.0
2020-03-20,111.0,0.0,1.0,110.0,25.0,0.0,0.0
2020-03-21,124.0,0.0,1.0,123.0,13.0,0.0,0.0
2020-03-22,139.0,0.0,1.0,138.0,15.0,0.0,0.0
2020-03-23,180.0,0.0,1.0,179.0,41.0,0.0,0.0
2020-03-24,197.0,0.0,1.0,196.0,17.0,0.0,0.0
2020-03-25,221.0,0.0,1.0,220.0,24.0,0.0,0.0
2020-03-26,244.0,0.0,1.0,243.0,23.0,0.0,0.0
2020-03-27,280.0,0.0,1.0,279.0,36.0,0.0,0.0
2020-03-28,305.0,0.0,1.0,304.0,25.0,0.0,0.0
2020-03-29,347.0,0.0,1.0,346.0,42.0,0.0,0.0
2020-03-30,376.0,0.0,1.0,375.0,29.0,0.0,0.0
2020-03-31,398.0,0.0,1.0,397.0,22.0,0.0,0.0
2020-04-01,446.0,0.0,1.0,445.0,48.0,0.0,0.0
2020-04-02,458.0,0.0,31.0,427.0,12.0,0.0,30.0
2020-04-03,493.0,1.0,1.0,491.0,35.0,1.0,-30.0
2020-04-04,509.0,1.0,1.0,507.0,16.0,0.0,0.0
2020-04-05,533.0,1.0,1.0,531.0,24.0,0.0,0.0
2020-04-06,542.0,1.0,16.0,525.0,9.0,0.0,15.0
2020-04-07,548.0,2.0,16.0,530.0,6.0,1.0,0.0
2020-04-08,577.0,2.0,16.0,559.0,29.0,0.0,0.0
2020-04-09,589.0,3.0,16.0,570.0,12.0,1.0,0.0
2020-04-10,612.0,3.0,16.0,593.0,23.0,0.0,0.0
2020-04-11,630.0,3.0,16.0,611.0,18.0,0.0,0.0
2020-04-12,651.0,5.0,16.0,630.0,21.0,2.0,0.0
2020-04-13,655.0,5.0,16.0,634.0,4.0,0.0,0.0
2020-04-14,657.0,5.0,16.0,636.0,2.0,0.0,0.0
2020-04-15,666.0,5.0,44.0,617.0,9.0,0.0,28.0
2020-04-16,675.0,5.0,57.0,613.0,9.0,0.0,13.0
2020-04-17,682.0,5.0,88.0,589.0,7.0,0.0,31.0
2020-04-18,712.0,5.0,88.0,619.0,30.0,0.0,0.0
2020-04-19,727.0,5.0,88.0,634.0,15.0,0.0,0.0
2020-04-20,739.0,5.0,88.0,646.0,12.0,0.0,0.0
2020-04-21,748.0,9.0,133.0,606.0,9.0,4.0,45.0
2020-04-22,761.0,11.0,133.0,617.0,13.0,2.0,0.0
2020-04-23,778.0,11.0,133.0,634.0,17.0,0.0,0.0
2020-04-24,784.0,12.0,267.0,505.0,6.0,1.0,134.0
2020-04-25,804.0,12.0,267.0,525.0,20.0,0.0,0.0
2020-04-26,812.0,12.0,267.0,533.0,8.0,0.0,0.0
2020-04-27,818.0,13.0,267.0,538.0,6.0,1.0,0.0
2020-04-28,836.0,13.0,267.0,556.0,18.0,0.0,0.0
2020-04-29,849.0,15.0,348.0,486.0,13.0,2.0,81.0
2020-04-30,858.0,15.0,348.0,495.0,9.0,0.0,0.0
2020-05-01,870.0,16.0,348.0,506.0,12.0,1.0,0.0
2020-05-02,871.0,16.0,348.0,507.0,1.0,0.0,0.0
2020-05-03,879.0,16.0,348.0,515.0,8.0,0.0,0.0
2020-05-04,896.0,16.0,348.0,532.0,17.0,0.0,0.0
2020-05-05,896.0,17.0,348.0,531.0,0.0,1.0,0.0
2020-05-06,900.0,17.0,464.0,419.0,4.0,0.0,116.0
2020-05-07,909.0,18.0,464.0,427.0,9.0,1.0,0.0
2020-05-08,928.0,18.0,464.0,446.0,19.0,0.0,0.0
2020-05-09,930.0,18.0,464.0,448.0,2.0,0.0,0.0
2020-05-10,939.0,18.0,464.0,457.0,9.0,0.0,0.0
2020-05-11,946.0,18.0,464.0,464.0,7.0,0.0,0.0
2020-05-12,950.0,18.0,627.0,305.0,4.0,0.0,163.0
2020-05-13,951.0,19.0,627.0,305.0,1.0,1.0,0.0
2020-05-14,962.0,19.0,627.0,316.0,11.0,0.0,0.0
2020-05-15,970.0,19.0,662.0,289.0,8.0,0.0,35.0
2020-05-16,997.0,19.0,662.0,316.0,27.0,0.0,0.0
2020-05-17,1008.0,19.0,662.0,327.0,11.0,0.0,0.0
2020-05-18,1009.0,19.0,662.0,328.0,1.0,0.0,0.0
2020-05-19,1012.0,21.0,694.0,297.0,3.0,2.0,32.0
2020-05-20,1016.0,21.0,694.0,301.0,4.0,0.0,0.0
2020-05-21,1025.0,22.0,694.0,309.0,9.0,1.0,0.0
2020-05-22,1030.0,22.0,712.0,296.0,5.0,0.0,18.0
2020-05-23,1046.0,22.0,712.0,312.0,16.0,0.0,0.0
2020-05-24,1047.0,22.0,712.0,313.0,1.0,0.0,0.0
2020-05-25,1049.0,22.0,712.0,315.0,2.0,0.0,0.0
2020-05-26,1053.0,22.0,741.0,290.0,4.0,0.0,29.0
2020-05-27,1057.0,23.0,741.0,293.0,4.0,1.0,0.0
2020-05-28,1061.0,24.0,741.0,296.0,4.0,1.0,0.0
2020-05-29,1064.0,24.0,745.0,295.0,3.0,0.0,4.0
2020-05-30,1065.0,24.0,745.0,296.0,1.0,0.0,0.0
2020-05-31,1066.0,24.0,745.0,297.0,1.0,0.0,0.0
2020-06-01,1066.0,24.0,745.0,297.0,0.0,0.0,0.0
2020-06-02,1071.0,24.0,760.0,287.0,5.0,0.0,15.0
2020-06-03,1079.0,24.0,760.0,295.0,8.0,0.0,0.0
2020-06-04,1082.0,25.0,760.0,297.0,3.0,1.0,0.0
2020-06-05,1085.0,25.0,781.0,279.0,3.0,0.0,21.0
2020-06-06,1086.0,25.0,781.0,280.0,1.0,0.0,0.0
2020-06-07,1088.0,25.0,781.0,282.0,2.0,0.0,0.0
2020-06-08,1088.0,26.0,781.0,281.0,0.0,1.0,0.0
2020-06-09,1089.0,26.0,794.0,269.0,1.0,0.0,13.0
2020-06-10,1092.0,26.0,794.0,272.0,3.0,0.0,0.0
2020-06-11,1094.0,26.0,818.0,250.0,2.0,0.0,24.0
2020-06-12,1096.0,27.0,818.0,251.0,2.0,1.0,0.0
2020-06-13,1097.0,28.0,845.0,224.0,1.0,1.0,27.0
2020-06-14,1097.0,28.0,845.0,224.0,0.0,0.0,0.0
2020-06-15,1097.0,28.0,845.0,224.0,0.0,0.0,0.0
2020-06-16,1098.0,28.0,875.0,195.0,1.0,0.0,30.0
2020-06-17,1104.0,30.0,875.0,199.0,6.0,2.0,0.0
2020-06-18,1108.0,30.0,903.0,175.0,4.0,0.0,28.0
2020-06-19,1110.0,30.0,903.0,177.0,2.0,0.0,0.0
2020-06-20,1111.0,30.0,903.0,178.0,1.0,0.0,0.0
2020-06-21,1111.0,30.0,903.0,178.0,0.0,0.0,0.0
2020-06-22,1111.0,30.0,903.0,178.0,0.0,0.0,0.0
2020-06-23,1111.0,30.0,903.0,178.0,0.0,0.0,0.0
2020-06-24,1111.0,30.0,903.0,178.0,0.0,0.0,0.0
2020-06-25,1111.0,30.0,903.0,178.0,0.0,0.0,0.0
2020-06-26,1112.0,30.0,932.0,150.0,1.0,0.0,29.0
2020-06-27,1115.0,30.0,932.0,153.0,3.0,0.0,0.0
2020-06-28,1116.0,30.0,932.0,154.0,1.0,0.0,0.0
2020-06-29,1117.0,30.0,932.0,155.0,1.0,0.0,0.0
2020-06-30,1118.0,30.0,974.0,114.0,1.0,0.0,42.0
2020-07-01,1121.0,30.0,974.0,117.0,3.0,0.0,0.0
2020-07-02,1122.0,30.0,988.0,104.0,1.0,0.0,14.0
2020-07-03,1122.0,30.0,997.0,95.0,0.0,0.0,9.0
2020-07-04,1123.0,30.0,1000.0,93.0,1.0,0.0,3.0
2020-07-05,1124.0,30.0,1000.0,94.0,1.0,0.0,0.0
2020-07-06,1127.0,30.0,1000.0,97.0,3.0,0.0,0.0
2020-07-07,1134.0,30.0,1008.0,96.0,7.0,0.0,8.0
2020-07-08,1141.0,30.0,1008.0,103.0,7.0,0.0,0.0
2020-07-09,1154.0,30.0,1019.0,105.0,13.0,0.0,11.0
2020-07-10,1165.0,30.0,1019.0,116.0,11.0,0.0,0.0
2020-07-11,1173.0,30.0,1019.0,124.0,8.0,0.0,0.0
2020-07-12,1173.0,30.0,1019.0,124.0,0.0,0.0,0.0
2020-07-13,1174.0,31.0,1019.0,124.0,1.0,1.0,0.0
2020-07-14,1174.0,31.0,1022.0,121.0,0.0,0.0,3.0
2020-07-15,1178.0,31.0,1022.0,125.0,4.0,0.0,0.0
2020-07-16,1179.0,31.0,1022.0,126.0,1.0,0.0,0.0
2020-07-17,1185.0,31.0,1022.0,132.0,6.0,0.0,0.0
2020-07-18,1189.0,31.0,1022.0,136.0,4.0,0.0,0.0
2020-07-19,1192.0,31.0,1022.0,139.0,3.0,0.0,0.0
2020-07-20,1192.0,31.0,1022.0,139.0,0.0,0.0,0.0
2020-07-21,1193.0,31.0,1045.0,117.0,1.0,0.0,23.0
2020-07-22,1197.0,31.0,1045.0,121.0,4.0,0.0,0.0
2020-07-23,1203.0,31.0,1045.0,127.0,6.0,0.0,0.0
2020-07-24,1205.0,31.0,1045.0,129.0,2.0,0.0,0.0
2020-07-25,1206.0,31.0,1045.0,130.0,1.0,0.0,0.0
2020-07-26,1219.0,31.0,1045.0,143.0,13.0,0.0,0.0
2020-07-27,1219.0,31.0,1045.0,143.0,0.0,0.0,0.0
2020-07-28,1220.0,31.0,1052.0,137.0,1.0,0.0,7.0
2020-07-29,1224.0,31.0,1052.0,141.0,4.0,0.0,0.0
2020-07-30,1228.0,31.0,1052.0,145.0,4.0,0.0,0.0
2020-07-31,1231.0,32.0,1052.0,147.0,3.0,1.0,0.0
2020-08-01,1238.0,32.0,1052.0,154.0,7.0,0.0,0.0
2020-08-02,1243.0,32.0,1052.0,159.0,5.0,0.0,0.0
2020-08-03,1246.0,32.0,1052.0,162.0,3.0,0.0,0.0
2020-08-04,1249.0,32.0,1070.0,147.0,3.0,0.0,18.0
2020-08-05,1257.0,32.0,1070.0,155.0,8.0,0.0,0.0
2020-08-06,1275.0,32.0,1070.0,173.0,18.0,0.0,0.0
2020-08-07,1281.0,32.0,1070.0,179.0,6.0,0.0,0.0
2020-08-08,1288.0,32.0,1070.0,186.0,7.0,0.0,0.0
2020-08-09,1290.0,32.0,1070.0,188.0,2.0,0.0,0.0
2020-08-10,1290.0,32.0,1070.0,188.0,0.0,0.0,0.0
2020-08-11,1293.0,32.0,1078.0,183.0,3.0,0.0,8.0
2020-08-12,1303.0,32.0,1078.0,193.0,10.0,0.0,0.0
2020-08-13,1307.0,32.0,1078.0,197.0,4.0,0.0,0.0
2020-08-14,1308.0,32.0,1078.0,198.0,1.0,0.0,0.0
2020-08-15,1315.0,32.0,1078.0,205.0,7.0,0.0,0.0
2020-08-16,1322.0,32.0,1078.0,212.0,7.0,0.0,0.0
2020-08-17,1323.0,32.0,1078.0,213.0,1.0,0.0,0.0
2020-08-18,1323.0,33.0,1093.0,197.0,0.0,1.0,15.0
2020-08-19,1326.0,33.0,1093.0,200.0,3.0,0.0,0.0
2020-08-20,1327.0,33.0,1093.0,201.0,1.0,0.0,0.0
2020-08-21,1330.0,33.0,1093.0,204.0,3.0,0.0,0.0
2020-08-22,1333.0,33.0,1093.0,207.0,3.0,0.0,0.0
2020-08-23,1337.0,33.0,1093.0,211.0,4.0,0.0,0.0
2020-08-24,1337.0,33.0,1093.0,211.0,0.0,0.0,0.0
2020-08-25,1342.0,33.0,1135.0,174.0,5.0,0.0,42.0
2020-08-26,1360.0,33.0,1135.0,192.0,18.0,0.0,0.0
2020-08-27,1366.0,34.0,1163.0,169.0,6.0,1.0,28.0
2020-08-28,1375.0,34.0,1163.0,178.0,9.0,0.0,0.0
2020-08-29,1381.0,34.0,1163.0,184.0,6.0,0.0,0.0
2020-08-30,1393.0,34.0,1163.0,196.0,12.0,0.0,0.0
2020-08-31,1396.0,34.0,1163.0,199.0,3.0,0.0,0.0
2020-09-01,1404.0,34.0,1173.0,197.0,8.0,0.0,10.0
2020-09-02,1406.0,34.0,1173.0,199.0,2.0,0.0,0.0
2020-09-03,1410.0,34.0,1187.0,189.0,4.0,0.0,14.0
2020-09-04,1416.0,35.0,1187.0,194.0,6.0,1.0,0.0
2020-09-05,1425.0,35.0,1187.0,203.0,9.0,0.0,0.0
2020-09-06,1428.0,35.0,1187.0,206.0,3.0,0.0,0.0
2020-09-07,1429.0,35.0,1187.0,207.0,1.0,0.0,0.0
2020-09-08,1432.0,35.0,1187.0,210.0,3.0,0.0,0.0
2020-09-09,1443.0,35.0,1234.0,174.0,11.0,0.0,47.0
2020-09-10,1448.0,35.0,1248.0,165.0,5.0,0.0,14.0
2020-09-11,1459.0,35.0,1248.0,176.0,11.0,0.0,0.0
2020-09-12,1464.0,35.0,1248.0,181.0,5.0,0.0,0.0
2020-09-13,1474.0,35.0,1248.0,191.0,10.0,0.0,0.0
2020-09-14,1477.0,35.0,1248.0,194.0,3.0,0.0,0.0
2020-09-15,1482.0,35.0,1248.0,199.0,5.0,0.0,0.0
2020-09-16,1486.0,35.0,1248.0,203.0,4.0,0.0,0.0
2020-09-17,1494.0,36.0,1248.0,210.0,8.0,1.0,0.0
2020-09-18,1498.0,36.0,1248.0,214.0,4.0,0.0,0.0
2020-09-19,1515.0,36.0,1248.0,231.0,17.0,0.0,0.0
2020-09-20,1525.0,36.0,1248.0,241.0,10.0,0.0,0.0
2020-09-21,1526.0,36.0,1248.0,242.0,1.0,0.0,0.0
2020-09-22,1560.0,36.0,1248.0,276.0,34.0,0.0,0.0
2020-09-23,1572.0,36.0,1248.0,288.0,12.0,0.0,0.0
2020-09-24,1594.0,36.0,1248.0,310.0,22.0,0.0,0.0
2020-09-25,1625.0,36.0,1282.0,307.0,31.0,0.0,34.0
2020-09-26,1654.0,36.0,1304.0,314.0,29.0,0.0,22.0
2020-09-27,1676.0,36.0,1304.0,336.0,22.0,0.0,0.0
2020-09-28,1697.0,36.0,1304.0,357.0,21.0,0.0,0.0
2020-09-29,1729.0,37.0,1307.0,385.0,32.0,1.0,3.0
2020-09-30,1824.0,37.0,1307.0,480.0,95.0,0.0,0.0
2020-10-01,1868.0,37.0,1307.0,524.0,44.0,0.0,0.0
2020-10-02,1945.0,38.0,1307.0,600.0,77.0,1.0,0.0
2020-10-03,2019.0,38.0,1307.0,674.0,74.0,0.0,0.0
2020-10-04,2086.0,38.0,1307.0,741.0,67.0,0.0,0.0
2020-10-05,2126.0,39.0,1307.0,780.0,40.0,1.0,0.0
2020-10-06,2194.0,40.0,1322.0,832.0,68.0,1.0,15.0
2020-10-07,2261.0,40.0,1322.0,899.0,67.0,0.0,0.0
2020-10-08,2370.0,40.0,1322.0,1008.0,109.0,0.0,0.0
2020-10-09,2507.0,40.0,1322.0,1145.0,137.0,0.0,0.0
2020-10-10,2596.0,40.0,1322.0,1234.0,89.0,0.0,0.0
2020-10-11,2670.0,40.0,1322.0,1308.0,74.0,0.0,0.0
2020-10-12,2765.0,40.0,1325.0,1400.0,95.0,0.0,3.0
2020-10-13,2840.0,41.0,1325.0,1474.0,75.0,1.0,0.0
2020-10-14,2942.0,41.0,1325.0,1576.0,102.0,0.0,0.0
2020-10-15,3056.0,41.0,1329.0,1686.0,114.0,0.0,4.0
2020-10-16,3204.0,42.0,1329.0,1833.0,148.0,1.0,0.0
2020-10-17,3392.0,43.0,1329.0,2020.0,188.0,1.0,0.0
2020-10-18,3450.0,44.0,1329.0,2077.0,58.0,1.0,0.0
2020-10-19,3494.0,44.0,1341.0,2109.0,44.0,0.0,12.0
2020-10-20,3609.0,47.0,1341.0,2221.0,115.0,3.0,0.0
2020-10-21,3797.0,47.0,1341.0,2409.0,188.0,0.0,0.0
2020-10-22,3958.0,49.0,1357.0,2552.0,161.0,2.0,16.0
2020-10-23,4208.0,50.0,1357.0,2801.0,250.0,1.0,0.0
2020-10-24,4467.0,54.0,1357.0,3056.0,259.0,4.0,0.0
2020-10-25,4678.0,56.0,1357.0,3265.0,211.0,2.0,0.0
2020-10-26,4757.0,60.0,1357.0,3340.0,79.0,4.0,0.0
2020-10-27,4893.0,63.0,1382.0,3448.0,136.0,3.0,25.0
2020-10-28,5144.0,63.0,1382.0,3699.0,251.0,0.0,0.0
2020-10-29,5395.0,64.0,1406.0,3925.0,251.0,1.0,24.0
2020-10-30,5679.0,69.0,1406.0,4204.0,284.0,5.0,0.0
2020-10-31,5894.0,71.0,1406.0,4417.0,215.0,2.0,0.0
2020-11-01,6136.0,74.0,1406.0,4656.0,242.0,3.0,0.0
2020-11-02,6268.0,77.0,1406.0,4785.0,132.0,3.0,0.0
2020-11-03,6439.0,79.0,1444.0,4916.0,171.0,2.0,38.0
2020-11-04,6752.0,85.0,1444.0,5223.0,313.0,6.0,0.0
2020-11-05,7119.0,88.0,1444.0,5587.0,367.0,3.0,0.0
2020-11-06,7476.0,95.0,1444.0,5937.0,357.0,7.0,0.0
2020-11-07,7880.0,96.0,1444.0,6340.0,404.0,1.0,0.0
2020-11-08,8095.0,99.0,1466.0,6530.0,215.0,3.0,22.0
2020-11-09,8187.0,101.0,1466.0,6620.0,92.0,2.0,0.0
2020-11-10,8395.0,103.0,1471.0,6821.0,208.0,2.0,5.0
2020-11-11,8848.0,105.0,1471.0,7272.0,453.0,2.0,0.0
2020-11-12,9381.0,107.0,1515.0,7759.0,533.0,2.0,44.0
2020-11-13,9836.0,116.0,1515.0,8205.0,455.0,9.0,0.0
2020-11-14,10231.0,121.0,1515.0,8595.0,395.0,5.0,0.0
2020-11-15,10547.0,123.0,1515.0,8909.0,316.0,2.0,0.0
2020-11-16,10636.0,126.0,1515.0,8995.0,89.0,3.0,0.0
