date,confirmed,deaths,recovered,active,new_confirmed,new_deaths,new_recovered
2020-02-21,1.0,0.0,0.0,1.0,,,
2020-02-22,1.0,0.0,0.0,1.0,0.0,0.0,0.0
2020-02-23,1.0,0.0,0.0,1.0,0.0,0.0,0.0
2020-02-24,1.0,0.0,0.0,1.0,0.0,0.0,0.0
2020-02-25,1.0,0.0,0.0,1.0,0.0,0.0,0.0
2020-02-26,2.0,0.0,0.0,2.0,1.0,0.0,0.0
2020-02-27,2.0,0.0,0.0,2.0,0.0,0.0,0.0
2020-02-28,2.0,0.0,0.0,2.0,0.0,0.0,0.0
2020-02-29,4.0,0.0,0.0,4.0,2.0,0.0,0.0
2020-03-01,10.0,0.0,0.0,10.0,6.0,0.0,0.0
2020-03-02,13.0,0.0,0.0,13.0,3.0,0.0,0.0
2020-03-03,13.0,0.0,0.0,13.0,0.0,0.0,0.0
2020-03-04,13.0,0.0,1.0,12.0,0.0,0.0,1.0
2020-03-05,16.0,0.0,1.0,15.0,3.0,0.0,0.0
2020-03-06,22.0,0.0,1.0,21.0,6.0,0.0,0.0
2020-03-07,22.0,0.0,1.0,21.0,0.0,0.0,0.0
2020-03-08,32.0,0.0,1.0,31.0,10.0,0.0,0.0
2020-03-09,32.0,0.0,1.0,31.0,0.0,0.0,0.0
2020-03-10,41.0,1.0,1.0,39.0,9.0,1.0,0.0
2020-03-11,61.0,3.0,1.0,57.0,20.0,2.0,0.0
2020-03-12,61.0,3.0,1.0,57.0,0.0,0.0,0.0
2020-03-13,77.0,3.0,1.0,73.0,16.0,0.0,0.0
2020-03-14,93.0,3.0,1.0,89.0,16.0,0.0,0.0
2020-03-15,110.0,3.0,1.0,106.0,17.0,0.0,0.0
2020-03-16,99.0,3.0,1.0,95.0,-11.0,0.0,0.0
2020-03-17,120.0,3.0,3.0,114.0,21.0,0.0,2.0
2020-03-18,133.0,3.0,3.0,127.0,13.0,0.0,0.0
2020-03-19,157.0,4.0,4.0,149.0,24.0,1.0,1.0
2020-03-20,163.0,4.0,4.0,155.0,6.0,0.0,0.0
2020-03-21,187.0,4.0,4.0,179.0,24.0,0.0,0.0
2020-03-22,248.0,4.0,8.0,236.0,61.0,0.0,4.0
2020-03-23,267.0,4.0,8.0,255.0,19.0,0.0,0.0
2020-03-24,318.0,4.0,8.0,306.0,51.0,0.0,0.0
2020-03-25,333.0,6.0,20.0,307.0,15.0,2.0,12.0
2020-03-26,368.0,6.0,23.0,339.0,35.0,0.0,3.0
2020-03-27,391.0,8.0,27.0,356.0,23.0,2.0,4.0
2020-03-28,412.0,8.0,30.0,374.0,21.0,0.0,3.0
2020-03-29,438.0,10.0,30.0,398.0,26.0,2.0,0.0
2020-03-30,446.0,11.0,35.0,400.0,8.0,1.0,5.0
2020-03-31,470.0,12.0,37.0,421.0,24.0,1.0,2.0
2020-04-01,479.0,14.0,43.0,422.0,9.0,2.0,6.0
2020-04-02,494.0,16.0,46.0,432.0,15.0,2.0,3.0
2020-04-03,508.0,17.0,50.0,441.0,14.0,1.0,4.0
2020-04-04,520.0,17.0,54.0,449.0,12.0,0.0,4.0
2020-04-05,527.0,18.0,54.0,455.0,7.0,1.0,0.0
2020-04-06,541.0,19.0,60.0,462.0,14.0,1.0,6.0
2020-04-07,548.0,19.0,62.0,467.0,7.0,0.0,2.0
2020-04-08,576.0,19.0,62.0,495.0,28.0,0.0,0.0
2020-04-09,582.0,19.0,67.0,496.0,6.0,0.0,5.0
2020-04-10,609.0,20.0,76.0,513.0,27.0,1.0,9.0
2020-04-11,619.0,20.0,77.0,522.0,10.0,0.0,1.0
2020-04-12,630.0,20.0,80.0,530.0,11.0,0.0,3.0
2020-04-13,632.0,20.0,80.0,532.0,2.0,0.0,0.0
2020-04-14,641.0,21.0,80.0,540.0,9.0,1.0,0.0
2020-04-15,658.0,21.0,85.0,552.0,17.0,0.0,5.0
2020-04-16,663.0,21.0,86.0,556.0,5.0,0.0,1.0
2020-04-17,668.0,21.0,86.0,561.0,5.0,0.0,0.0
2020-04-18,672.0,21.0,99.0,552.0,4.0,0.0,13.0
2020-04-19,673.0,21.0,102.0,550.0,1.0,0.0,3.0
2020-04-20,677.0,21.0,103.0,553.0,4.0,0.0,1.0
2020-04-21,677.0,21.0,108.0,548.0,0.0,0.0,5.0
2020-04-22,682.0,22.0,113.0,547.0,5.0,1.0,5.0
2020-04-23,688.0,22.0,140.0,526.0,6.0,0.0,27.0
2020-04-24,696.0,22.0,140.0,534.0,8.0,0.0,0.0
2020-04-25,704.0,24.0,143.0,537.0,8.0,2.0,3.0
2020-04-26,707.0,24.0,145.0,538.0,3.0,0.0,2.0
2020-04-27,710.0,24.0,145.0,541.0,3.0,0.0,0.0
2020-04-28,717.0,24.0,145.0,548.0,7.0,0.0,0.0
2020-04-29,721.0,24.0,150.0,547.0,4.0,0.0,5.0
2020-04-30,725.0,24.0,150.0,551.0,4.0,0.0,0.0
2020-05-01,729.0,24.0,192.0,513.0,4.0,0.0,42.0
2020-05-02,733.0,25.0,197.0,511.0,4.0,1.0,5.0
2020-05-03,737.0,25.0,200.0,512.0,4.0,0.0,3.0
2020-05-04,740.0,25.0,200.0,515.0,3.0,0.0,0.0
2020-05-05,741.0,25.0,206.0,510.0,1.0,0.0,6.0
2020-05-06,750.0,25.0,206.0,519.0,9.0,0.0,0.0
2020-05-07,784.0,25.0,220.0,539.0,34.0,0.0,14.0
2020-05-08,796.0,26.0,223.0,547.0,12.0,1.0,3.0
2020-05-09,809.0,26.0,234.0,549.0,13.0,0.0,11.0
2020-05-10,845.0,26.0,234.0,585.0,36.0,0.0,0.0
2020-05-11,859.0,26.0,234.0,599.0,14.0,0.0,0.0
2020-05-12,870.0,26.0,234.0,610.0,11.0,0.0,0.0
2020-05-13,878.0,26.0,236.0,616.0,8.0,0.0,2.0
2020-05-14,886.0,26.0,236.0,624.0,8.0,0.0,0.0
2020-05-15,891.0,26.0,246.0,619.0,5.0,0.0,10.0
2020-05-16,902.0,26.0,247.0,629.0,11.0,0.0,1.0
2020-05-17,911.0,26.0,247.0,638.0,9.0,0.0,0.0
2020-05-18,931.0,26.0,251.0,654.0,20.0,0.0,4.0
2020-05-19,954.0,26.0,251.0,677.0,23.0,0.0,0.0
2020-05-20,961.0,26.0,251.0,684.0,7.0,0.0,0.0
2020-05-21,1024.0,26.0,663.0,335.0,63.0,0.0,412.0
2020-05-22,1086.0,26.0,663.0,397.0,62.0,0.0,0.0
2020-05-23,1097.0,26.0,667.0,404.0,11.0,0.0,4.0
2020-05-24,1114.0,26.0,688.0,400.0,17.0,0.0,21.0
2020-05-25,1119.0,26.0,688.0,405.0,5.0,0.0,0.0
2020-05-26,1140.0,26.0,689.0,425.0,21.0,0.0,1.0
2020-05-27,1161.0,26.0,692.0,443.0,21.0,0.0,3.0
2020-05-28,1168.0,26.0,699.0,443.0,7.0,0.0,7.0
2020-05-29,1172.0,26.0,705.0,441.0,4.0,0.0,6.0
2020-05-30,1191.0,26.0,708.0,457.0,19.0,0.0,3.0
2020-05-31,1220.0,27.0,712.0,481.0,29.0,1.0,4.0
2020-06-01,1233.0,27.0,715.0,491.0,13.0,0.0,3.0
2020-06-02,1242.0,27.0,719.0,496.0,9.0,0.0,4.0
2020-06-03,1256.0,27.0,724.0,505.0,14.0,0.0,5.0
2020-06-04,1306.0,28.0,731.0,547.0,50.0,1.0,7.0
2020-06-05,1312.0,28.0,768.0,516.0,6.0,0.0,37.0
2020-06-06,1320.0,29.0,768.0,523.0,8.0,1.0,0.0
2020-06-07,1331.0,30.0,768.0,533.0,11.0,1.0,0.0
2020-06-08,1350.0,30.0,779.0,541.0,19.0,0.0,11.0
2020-06-09,1368.0,30.0,795.0,543.0,18.0,0.0,16.0
2020-06-10,1388.0,30.0,832.0,526.0,20.0,0.0,37.0
2020-06-11,1402.0,31.0,845.0,526.0,14.0,1.0,13.0
2020-06-12,1422.0,31.0,853.0,538.0,20.0,0.0,8.0
2020-06-13,1442.0,32.0,868.0,542.0,20.0,1.0,15.0
2020-06-14,1446.0,32.0,868.0,546.0,4.0,0.0,0.0
2020-06-15,1464.0,32.0,875.0,557.0,18.0,0.0,7.0
2020-06-16,1473.0,32.0,889.0,552.0,9.0,0.0,14.0
2020-06-17,1489.0,32.0,907.0,550.0,16.0,0.0,18.0
2020-06-18,1495.0,32.0,944.0,519.0,6.0,0.0,37.0
2020-06-19,1510.0,32.0,960.0,518.0,15.0,0.0,16.0
2020-06-20,1536.0,32.0,1006.0,498.0,26.0,0.0,46.0
2020-06-21,1587.0,32.0,1068.0,487.0,51.0,0.0,62.0
2020-06-22,1603.0,32.0,1077.0,494.0,16.0,0.0,9.0
2020-06-23,1622.0,32.0,1098.0,492.0,19.0,0.0,21.0
2020-06-24,1644.0,33.0,1103.0,508.0,22.0,1.0,5.0
2020-06-25,1662.0,33.0,1144.0,485.0,18.0,0.0,41.0
2020-06-26,1697.0,33.0,1144.0,520.0,35.0,0.0,0.0
2020-06-27,1719.0,33.0,1153.0,533.0,22.0,0.0,9.0
2020-06-28,1740.0,34.0,1153.0,553.0,21.0,1.0,0.0
2020-06-29,1745.0,34.0,1170.0,541.0,5.0,0.0,17.0
2020-06-30,1778.0,34.0,1183.0,561.0,33.0,0.0,13.0
2020-07-01,1788.0,34.0,1223.0,531.0,10.0,0.0,40.0
2020-07-02,1796.0,35.0,1242.0,519.0,8.0,1.0,19.0
2020-07-03,1830.0,35.0,1292.0,503.0,34.0,0.0,50.0
2020-07-04,1855.0,35.0,1304.0,516.0,25.0,0.0,12.0
2020-07-05,1873.0,36.0,1311.0,526.0,18.0,1.0,7.0
2020-07-06,1885.0,36.0,1311.0,538.0,12.0,0.0,0.0
2020-07-07,1907.0,36.0,1348.0,523.0,22.0,0.0,37.0
2020-07-08,1946.0,36.0,1368.0,542.0,39.0,0.0,20.0
2020-07-09,2011.0,36.0,1368.0,607.0,65.0,0.0,0.0
2020-07-10,2082.0,36.0,1402.0,644.0,71.0,0.0,34.0
2020-07-11,2168.0,36.0,1402.0,730.0,86.0,0.0,0.0
2020-07-12,2334.0,36.0,1420.0,878.0,166.0,0.0,18.0
2020-07-13,2419.0,36.0,1423.0,960.0,85.0,0.0,3.0
2020-07-14,2451.0,37.0,1452.0,962.0,32.0,1.0,29.0
2020-07-15,2542.0,38.0,1455.0,1049.0,91.0,1.0,3.0
2020-07-16,2599.0,40.0,1485.0,1074.0,57.0,2.0,30.0
2020-07-17,2700.0,40.0,1485.0,1175.0,101.0,0.0,0.0
2020-07-18,2775.0,40.0,1485.0,1250.0,75.0,0.0,0.0
2020-07-19,2859.0,40.0,1515.0,1304.0,84.0,0.0,30.0
2020-07-20,2905.0,41.0,1562.0,1302.0,46.0,1.0,47.0
2020-07-21,2980.0,41.0,1577.0,1362.0,75.0,0.0,15.0
2020-07-22,3104.0,43.0,1607.0,1454.0,124.0,2.0,30.0
2020-07-23,3260.0,43.0,1619.0,1598.0,156.0,0.0,12.0
2020-07-24,3407.0,46.0,1666.0,1695.0,147.0,3.0,47.0
2020-07-25,3582.0,47.0,1671.0,1864.0,175.0,1.0,5.0
2020-07-26,3750.0,51.0,1692.0,2007.0,168.0,4.0,21.0
2020-07-27,3882.0,51.0,1709.0,2122.0,132.0,0.0,17.0
2020-07-28,4023.0,54.0,1710.0,2259.0,141.0,3.0,1.0
2020-07-29,4205.0,55.0,1753.0,2397.0,182.0,1.0,43.0
2020-07-30,4334.0,57.0,1753.0,2524.0,129.0,2.0,0.0
2020-07-31,4555.0,61.0,1761.0,2733.0,221.0,4.0,8.0
2020-08-01,4730.0,61.0,1761.0,2908.0,175.0,0.0,0.0
2020-08-02,4885.0,62.0,1795.0,3028.0,155.0,1.0,34.0
2020-08-03,5062.0,65.0,1837.0,3160.0,177.0,3.0,42.0
2020-08-04,5062.0,65.0,1837.0,3160.0,0.0,0.0,0.0
2020-08-05,5417.0,68.0,1880.0,3469.0,355.0,3.0,43.0
2020-08-06,5672.0,70.0,1974.0,3628.0,255.0,2.0,94.0
2020-08-07,5951.0,70.0,2042.0,3839.0,279.0,0.0,68.0
2020-08-08,6223.0,78.0,2043.0,4102.0,272.0,8.0,1.0
2020-08-09,6517.0,78.0,2127.0,4312.0,294.0,0.0,84.0
2020-08-10,6812.0,80.0,2290.0,4442.0,295.0,2.0,163.0
2020-08-11,7121.0,87.0,2377.0,4657.0,309.0,7.0,87.0
2020-08-12,7413.0,89.0,2407.0,4917.0,292.0,2.0,30.0
2020-08-13,7711.0,92.0,2496.0,5123.0,298.0,3.0,89.0
2020-08-14,8045.0,94.0,2551.0,5400.0,334.0,2.0,55.0
2020-08-15,8442.0,97.0,2650.0,5695.0,397.0,3.0,99.0
2020-08-16,8881.0,103.0,2724.0,6054.0,439.0,6.0,74.0
2020-08-17,9337.0,105.0,2809.0,6423.0,456.0,2.0,85.0
2020-08-18,9758.0,107.0,2852.0,6799.0,421.0,2.0,43.0
2020-08-19,10347.0,109.0,2928.0,7310.0,589.0,2.0,76.0
2020-08-20,10952.0,113.0,3040.0,7799.0,605.0,4.0,112.0
2020-08-21,11580.0,116.0,3204.0,8260.0,628.0,3.0,164.0
2020-08-22,12191.0,121.0,3346.0,8724.0,611.0,5.0,142.0
2020-08-23,12698.0,123.0,3625.0,8950.0,507.0,2.0,279.0
2020-08-24,13155.0,126.0,3704.0,9325.0,457.0,3.0,79.0
2020-08-25,13687.0,138.0,3723.0,9826.0,532.0,12.0,19.0
2020-08-26,14248.0,139.0,3955.0,10154.0,561.0,1.0,232.0
2020-08-27,14937.0,146.0,4133.0,10658.0,689.0,7.0,178.0
2020-08-28,15613.0,148.0,4260.0,11205.0,676.0,2.0,127.0
2020-08-29,16275.0,155.0,4484.0,11636.0,662.0,7.0,224.0
2020-08-30,16870.0,160.0,4693.0,12017.0,595.0,5.0,209.0
2020-08-31,17308.0,167.0,4811.0,12330.0,438.0,7.0,118.0
2020-09-01,17777.0,171.0,4988.0,12618.0,469.0,4.0,177.0
2020-09-02,18375.0,177.0,5195.0,13003.0,598.0,6.0,207.0
2020-09-03,18963.0,179.0,5338.0,13446.0,588.0,2.0,143.0
2020-09-04,19490.0,183.0,5592.0,13715.0,527.0,4.0,254.0
2020-09-05,20011.0,187.0,5868.0,13956.0,521.0,4.0,276.0
2020-09-06,20426.0,191.0,6139.0,14096.0,415.0,4.0,271.0
2020-09-07,20826.0,200.0,6430.0,14196.0,400.0,9.0,291.0
2020-09-08,21324.0,207.0,6722.0,14395.0,498.0,7.0,292.0
2020-09-09,21877.0,212.0,7024.0,14641.0,553.0,5.0,302.0
2020-09-10,22437.0,219.0,7312.0,14906.0,560.0,7.0,288.0
2020-09-11,22983.0,229.0,7312.0,15442.0,546.0,10.0,0.0
2020-09-12,23669.0,239.0,7936.0,15494.0,686.0,10.0,624.0
2020-09-13,24310.0,241.0,8334.0,15735.0,641.0,2.0,398.0
2020-09-14,25401.0,246.0,8765.0,16390.0,1091.0,5.0,431.0
2020-09-15,25449.0,252.0,9216.0,15981.0,48.0,6.0,451.0
2020-09-16,26083.0,259.0,9634.0,16190.0,634.0,7.0,418.0
2020-09-17,26768.0,263.0,10217.0,16288.0,685.0,4.0,583.0
2020-09-18,27518.0,281.0,10739.0,16498.0,750.0,18.0,522.0
2020-09-19,28297.0,286.0,11440.0,16571.0,779.0,5.0,701.0
2020-09-20,29303.0,297.0,12047.0,16959.0,1006.0,11.0,607.0
2020-09-21,29987.0,307.0,12507.0,17173.0,684.0,10.0,460.0
2020-09-22,30852.0,315.0,12878.0,17659.0,865.0,8.0,371.0
2020-09-23,31792.0,328.0,13527.0,17937.0,940.0,13.0,649.0
2020-09-24,32819.0,329.0,14112.0,18378.0,1027.0,1.0,585.0
2020-09-25,33962.0,333.0,14778.0,18851.0,1143.0,4.0,666.0
2020-09-26,35242.0,340.0,15434.0,19468.0,1280.0,7.0,656.0
2020-09-27,36254.0,347.0,16089.0,19818.0,1012.0,7.0,655.0
2020-09-28,37272.0,351.0,16676.0,20245.0,1018.0,4.0,587.0
2020-09-29,38377.0,361.0,17110.0,20906.0,1105.0,10.0,434.0
2020-09-30,39634.0,367.0,17565.0,21702.0,1257.0,6.0,455.0
2020-10-01,40882.0,374.0,18103.0,22405.0,1248.0,7.0,538.0
2020-10-02,42173.0,386.0,18739.0,23048.0,1291.0,12.0,636.0
2020-10-03,43494.0,398.0,19259.0,23837.0,1321.0,12.0,520.0
2020-10-04,44482.0,406.0,19782.0,24294.0,988.0,8.0,523.0
2020-10-05,45657.0,414.0,20243.0,25000.0,1175.0,8.0,461.0
2020-10-06,46918.0,424.0,20490.0,26004.0,1261.0,10.0,247.0
2020-10-07,48377.0,433.0,21120.0,26824.0,1459.0,9.0,630.0
2020-10-08,49744.0,439.0,21760.0,27545.0,1367.0,6.0,640.0
2020-10-09,51170.0,450.0,22407.0,28313.0,1426.0,11.0,647.0
2020-10-10,52558.0,455.0,22719.0,29384.0,1388.0,5.0,312.0
2020-10-11,53568.0,459.0,23501.0,29608.0,1010.0,4.0,782.0
2020-10-12,54624.0,466.0,23941.0,30217.0,1056.0,7.0,440.0
2020-10-13,55869.0,479.0,24581.0,30809.0,1245.0,13.0,640.0
2020-10-14,57246.0,499.0,25164.0,31583.0,1377.0,20.0,583.0
2020-10-15,58745.0,501.0,25994.0,32250.0,1499.0,2.0,830.0
2020-10-16,60113.0,509.0,26468.0,33136.0,1368.0,8.0,474.0
2020-10-17,61284.0,517.0,27197.0,33570.0,1171.0,8.0,729.0
