date,confirmed,deaths,recovered,active,new_confirmed,new_deaths,new_recovered
2020-05-13,1.0,0.0,0.0,1.0,,,
2020-05-14,1.0,0.0,0.0,1.0,0.0,0.0,0.0
2020-05-15,1.0,0.0,0.0,1.0,0.0,0.0,0.0
2020-05-16,1.0,0.0,0.0,1.0,0.0,0.0,0.0
2020-05-17,1.0,0.0,0.0,1.0,0.0,0.0,0.0
2020-05-18,1.0,0.0,0.0,1.0,0.0,0.0,0.0
2020-05-19,1.0,0.0,0.0,1.0,0.0,0.0,0.0
2020-05-20,1.0,0.0,0.0,1.0,0.0,0.0,0.0
2020-05-21,1.0,0.0,0.0,1.0,0.0,0.0,0.0
2020-05-22,2.0,0.0,0.0,2.0,1.0,0.0,0.0
2020-05-23,2.0,0.0,0.0,2.0,0.0,0.0,0.0
2020-05-24,2.0,0.0,0.0,2.0,0.0,0.0,0.0
2020-05-25,2.0,0.0,0.0,2.0,0.0,0.0,0.0
2020-05-26,2.0,0.0,0.0,2.0,0.0,0.0,0.0
2020-05-27,2.0,0.0,0.0,2.0,0.0,0.0,0.0
2020-05-28,2.0,0.0,1.0,1.0,0.0,0.0,1.0
2020-05-29,2.0,0.0,1.0,1.0,0.0,0.0,0.0
2020-05-30,2.0,0.0,1.0,1.0,0.0,0.0,0.0
2020-05-31,2.0,0.0,1.0,1.0,0.0,0.0,0.0
2020-06-01,2.0,0.0,1.0,1.0,0.0,0.0,0.0
2020-06-02,2.0,0.0,1.0,1.0,0.0,0.0,0.0
2020-06-03,4.0,0.0,2.0,2.0,2.0,0.0,1.0
2020-06-04,4.0,0.0,2.0,2.0,0.0,0.0,0.0
2020-06-05,4.0,0.0,2.0,2.0,0.0,0.0,0.0
2020-06-06,4.0,0.0,2.0,2.0,0.0,0.0,0.0
2020-06-07,4.0,0.0,2.0,2.0,0.0,0.0,0.0
2020-06-08,4.0,0.0,2.0,2.0,0.0,0.0,0.0
2020-06-09,4.0,0.0,2.0,2.0,0.0,0.0,0.0
2020-06-10,4.0,0.0,2.0,2.0,0.0,0.0,0.0
2020-06-11,4.0,0.0,2.0,2.0,0.0,0.0,0.0
2020-06-12,4.0,0.0,2.0,2.0,0.0,0.0,0.0
2020-06-13,4.0,0.0,2.0,2.0,0.0,0.0,0.0
2020-06-14,4.0,0.0,2.0,2.0,0.0,0.0,0.0
2020-06-15,4.0,0.0,2.0,2.0,0.0,0.0,0.0
2020-06-16,4.0,0.0,2.0,2.0,0.0,0.0,0.0
2020-06-17,4.0,0.0,2.0,2.0,0.0,0.0,0.0
2020-06-18,4.0,0.0,2.0,2.0,0.0,0.0,0.0
2020-06-19,4.0,0.0,2.0,2.0,0.0,0.0,0.0
2020-06-20,4.0,0.0,2.0,2.0,0.0,0.0,0.0
2020-06-21,4.0,0.0,2.0,2.0,0.0,0.0,0.0
2020-06-22,12.0,0.0,2.0,10.0,8.0,0.0,0.0
2020-06-23,17.0,0.0,2.0,15.0,5.0,0.0,0.0
2020-06-24,17.0,0.0,2.0,15.0,0.0,0.0,0.0
2020-06-25,17.0,0.0,2.0,15.0,0.0,0.0,0.0
2020-06-26,24.0,0.0,4.0,20.0,7.0,0.0,2.0
2020-06-27,24.0,0.0,4.0,20.0,0.0,0.0,0.0
2020-06-28,27.0,0.0,4.0,23.0,3.0,0.0,0.0
2020-06-29,27.0,0.0,4.0,23.0,0.0,0.0,0.0
2020-06-30,27.0,0.0,4.0,23.0,0.0,0.0,0.0
2020-07-01,35.0,0.0,11.0,24.0,8.0,0.0,7.0
2020-07-02,35.0,0.0,11.0,24.0,0.0,0.0,0.0
2020-07-03,35.0,0.0,11.0,24.0,0.0,0.0,0.0
2020-07-04,35.0,0.0,11.0,24.0,0.0,0.0,0.0
2020-07-05,79.0,0.0,11.0,68.0,44.0,0.0,0.0
2020-07-06,91.0,0.0,11.0,80.0,12.0,0.0,0.0
2020-07-07,91.0,0.0,11.0,80.0,0.0,0.0,0.0
2020-07-08,91.0,0.0,11.0,80.0,0.0,0.0,0.0
2020-07-09,134.0,1.0,20.0,113.0,43.0,1.0,9.0
2020-07-10,184.0,1.0,26.0,157.0,50.0,0.0,6.0
2020-07-11,184.0,1.0,26.0,157.0,0.0,0.0,0.0
2020-07-12,233.0,2.0,32.0,199.0,49.0,1.0,6.0
2020-07-13,245.0,3.0,33.0,209.0,12.0,1.0,1.0
2020-07-14,256.0,3.0,48.0,205.0,11.0,0.0,15.0
2020-07-15,256.0,3.0,48.0,205.0,0.0,0.0,0.0
2020-07-16,256.0,3.0,48.0,205.0,0.0,0.0,0.0
2020-07-17,311.0,6.0,69.0,236.0,55.0,3.0,21.0
2020-07-18,359.0,6.0,69.0,284.0,48.0,0.0,0.0
2020-07-19,359.0,6.0,69.0,284.0,0.0,0.0,0.0
2020-07-20,359.0,6.0,69.0,284.0,0.0,0.0,0.0
2020-07-21,359.0,6.0,69.0,284.0,0.0,0.0,0.0
2020-07-22,359.0,6.0,69.0,284.0,0.0,0.0,0.0
2020-07-23,359.0,6.0,69.0,284.0,0.0,0.0,0.0
2020-07-24,359.0,6.0,69.0,284.0,0.0,0.0,0.0
2020-07-25,419.0,9.0,69.0,341.0,60.0,3.0,0.0
2020-07-26,505.0,12.0,128.0,365.0,86.0,3.0,59.0
2020-07-27,505.0,12.0,128.0,365.0,0.0,0.0,0.0
2020-07-28,505.0,12.0,128.0,365.0,0.0,0.0,0.0
2020-07-29,576.0,13.0,141.0,422.0,71.0,1.0,13.0
2020-07-30,604.0,13.0,144.0,447.0,28.0,0.0,3.0
2020-07-31,604.0,13.0,144.0,447.0,0.0,0.0,0.0
2020-08-01,702.0,14.0,171.0,517.0,98.0,1.0,27.0
2020-08-02,718.0,19.0,173.0,526.0,16.0,5.0,2.0
2020-08-03,718.0,19.0,173.0,526.0,0.0,0.0,0.0
2020-08-04,726.0,21.0,174.0,531.0,8.0,2.0,1.0
2020-08-05,726.0,21.0,174.0,531.0,0.0,0.0,0.0
2020-08-06,742.0,23.0,175.0,544.0,16.0,2.0,1.0
2020-08-07,742.0,23.0,175.0,544.0,0.0,0.0,0.0
2020-08-08,742.0,23.0,175.0,544.0,0.0,0.0,0.0
2020-08-09,742.0,23.0,175.0,544.0,0.0,0.0,0.0
2020-08-10,781.0,24.0,175.0,582.0,39.0,1.0,0.0
2020-08-11,781.0,24.0,175.0,582.0,0.0,0.0,0.0
2020-08-12,798.0,24.0,175.0,599.0,17.0,0.0,0.0
2020-08-13,884.0,25.0,271.0,588.0,86.0,1.0,96.0
2020-08-14,884.0,25.0,271.0,588.0,0.0,0.0,0.0
2020-08-15,903.0,25.0,271.0,607.0,19.0,0.0,0.0
2020-08-16,903.0,25.0,271.0,607.0,0.0,0.0,0.0
2020-08-17,946.0,30.0,271.0,645.0,43.0,5.0,0.0
2020-08-18,946.0,30.0,271.0,645.0,0.0,0.0,0.0
2020-08-19,946.0,30.0,271.0,645.0,0.0,0.0,0.0
2020-08-20,996.0,30.0,423.0,543.0,50.0,0.0,152.0
2020-08-21,1015.0,30.0,472.0,513.0,19.0,0.0,49.0
2020-08-22,1015.0,30.0,472.0,513.0,0.0,0.0,0.0
2020-08-23,1015.0,30.0,472.0,513.0,0.0,0.0,0.0
2020-08-24,1015.0,30.0,472.0,513.0,0.0,0.0,0.0
2020-08-25,1049.0,30.0,472.0,547.0,34.0,0.0,0.0
2020-08-26,1051.0,31.0,526.0,494.0,2.0,1.0,54.0
2020-08-27,1051.0,31.0,526.0,494.0,0.0,0.0,0.0
2020-08-28,1051.0,31.0,526.0,494.0,0.0,0.0,0.0
2020-08-29,1051.0,31.0,526.0,494.0,0.0,0.0,0.0
2020-08-30,1085.0,31.0,528.0,526.0,34.0,0.0,2.0
2020-08-31,1085.0,31.0,528.0,526.0,0.0,0.0,0.0
2020-09-01,1085.0,31.0,528.0,526.0,0.0,0.0,0.0
2020-09-02,1085.0,31.0,528.0,526.0,0.0,0.0,0.0
2020-09-03,1085.0,31.0,528.0,526.0,0.0,0.0,0.0
2020-09-04,1148.0,31.0,528.0,589.0,63.0,0.0,0.0
2020-09-05,1148.0,31.0,528.0,589.0,0.0,0.0,0.0
2020-09-06,1148.0,31.0,528.0,589.0,0.0,0.0,0.0
2020-09-07,1148.0,31.0,528.0,589.0,0.0,0.0,0.0
2020-09-08,1148.0,31.0,528.0,589.0,0.0,0.0,0.0
2020-09-09,1164.0,31.0,528.0,605.0,16.0,0.0,0.0
2020-09-10,1164.0,31.0,528.0,605.0,0.0,0.0,0.0
2020-09-11,1245.0,33.0,528.0,684.0,81.0,2.0,0.0
2020-09-12,1245.0,33.0,528.0,684.0,0.0,0.0,0.0
2020-09-13,1245.0,33.0,528.0,684.0,0.0,0.0,0.0
2020-09-14,1245.0,33.0,528.0,684.0,0.0,0.0,0.0
2020-09-15,1327.0,33.0,687.0,607.0,82.0,0.0,159.0
2020-09-16,1327.0,33.0,687.0,607.0,0.0,0.0,0.0
2020-09-17,1327.0,33.0,687.0,607.0,0.0,0.0,0.0
2020-09-18,1390.0,33.0,754.0,603.0,63.0,0.0,67.0
2020-09-19,1390.0,33.0,754.0,603.0,0.0,0.0,0.0
2020-09-20,1424.0,33.0,754.0,637.0,34.0,0.0,0.0
2020-09-21,1424.0,33.0,754.0,637.0,0.0,0.0,0.0
2020-09-22,1424.0,33.0,754.0,637.0,0.0,0.0,0.0
2020-09-23,1507.0,35.0,766.0,706.0,83.0,2.0,12.0
2020-09-24,1554.0,35.0,782.0,737.0,47.0,0.0,16.0
2020-09-25,1558.0,35.0,797.0,726.0,4.0,0.0,15.0
2020-09-26,1558.0,35.0,797.0,726.0,0.0,0.0,0.0
2020-09-27,1558.0,35.0,797.0,726.0,0.0,0.0,0.0
2020-09-28,1565.0,35.0,822.0,708.0,7.0,0.0,25.0
2020-09-29,1576.0,35.0,873.0,668.0,11.0,0.0,51.0
2020-09-30,1595.0,36.0,873.0,686.0,19.0,1.0,0.0
2020-10-01,1639.0,38.0,874.0,727.0,44.0,2.0,1.0
2020-10-02,1680.0,39.0,926.0,715.0,41.0,1.0,52.0
2020-10-03,1680.0,39.0,926.0,715.0,0.0,0.0,0.0
2020-10-04,1683.0,39.0,926.0,718.0,3.0,0.0,0.0
2020-10-05,1683.0,39.0,926.0,718.0,0.0,0.0,0.0
2020-10-06,1683.0,39.0,926.0,718.0,0.0,0.0,0.0
2020-10-07,1767.0,40.0,926.0,801.0,84.0,1.0,0.0
2020-10-08,1786.0,41.0,926.0,819.0,19.0,1.0,0.0
2020-10-09,1800.0,42.0,926.0,832.0,14.0,1.0,0.0
2020-10-10,1800.0,42.0,926.0,832.0,0.0,0.0,0.0
2020-10-11,1805.0,42.0,961.0,802.0,5.0,0.0,35.0
2020-10-12,1805.0,42.0,961.0,802.0,0.0,0.0,0.0
2020-10-13,1822.0,42.0,961.0,819.0,17.0,0.0,0.0
2020-10-14,1833.0,42.0,961.0,830.0,11.0,0.0,0.0
2020-10-15,1833.0,42.0,961.0,830.0,0.0,0.0,0.0
2020-10-16,1833.0,42.0,961.0,830.0,0.0,0.0,0.0
2020-10-17,1833.0,42.0,961.0,830.0,0.0,0.0,0.0
2020-10-18,1833.0,42.0,961.0,830.0,0.0,0.0,0.0
2020-10-19,1833.0,42.0,961.0,830.0,0.0,0.0,0.0
2020-10-20,1918.0,43.0,961.0,914.0,85.0,1.0,0.0
2020-10-21,1918.0,43.0,961.0,914.0,0.0,0.0,0.0
2020-10-22,1923.0,43.0,961.0,919.0,5.0,0.0,0.0
2020-10-23,1934.0,43.0,961.0,930.0,11.0,0.0,0.0
2020-10-24,1940.0,43.0,970.0,927.0,6.0,0.0,9.0
2020-10-25,1940.0,43.0,970.0,927.0,0.0,0.0,0.0
2020-10-26,1943.0,43.0,975.0,925.0,3.0,0.0,5.0
2020-10-27,1947.0,43.0,975.0,929.0,4.0,0.0,0.0
2020-10-28,1947.0,43.0,975.0,929.0,0.0,0.0,0.0
2020-10-29,1947.0,43.0,975.0,929.0,0.0,0.0,0.0
2020-10-30,1953.0,44.0,975.0,934.0,6.0,1.0,0.0
2020-10-31,1953.0,44.0,975.0,934.0,0.0,0.0,0.0
2020-11-01,1953.0,44.0,975.0,934.0,0.0,0.0,0.0
2020-11-02,1961.0,44.0,988.0,929.0,8.0,0.0,13.0
2020-11-03,1961.0,44.0,988.0,929.0,0.0,0.0,0.0
2020-11-04,1963.0,44.0,988.0,931.0,2.0,0.0,0.0
2020-11-05,1963.0,44.0,988.0,931.0,0.0,0.0,0.0
2020-11-06,1967.0,44.0,1024.0,899.0,4.0,0.0,36.0
2020-11-07,1967.0,44.0,1024.0,899.0,0.0,0.0,0.0
2020-11-08,1967.0,44.0,1024.0,899.0,0.0,0.0,0.0
2020-11-09,1967.0,44.0,1024.0,899.0,0.0,0.0,0.0
2020-11-10,2026.0,44.0,1029.0,953.0,59.0,0.0,5.0
2020-11-11,2026.0,44.0,1029.0,953.0,0.0,0.0,0.0
2020-11-12,2026.0,44.0,1029.0,953.0,0.0,0.0,0.0
2020-11-13,2041.0,44.0,1056.0,941.0,15.0,0.0,27.0
2020-11-14,2041.0,44.0,1056.0,941.0,0.0,0.0,0.0
2020-11-15,2041.0,44.0,1056.0,941.0,0.0,0.0,0.0
2020-11-16,2041.0,44.0,1056.0,941.0,0.0,0.0,0.0
2020-11-17,2052.0,44.0,1223.0,785.0,11.0,0.0,167.0
2020-11-18,2058.0,44.0,1273.0,741.0,6.0,0.0,50.0
2020-11-19,2065.0,44.0,1273.0,748.0,7.0,0.0,0.0
2020-11-20,2066.0,44.0,1276.0,746.0,1.0,0.0,3.0
2020-11-21,2085.0,44.0,1276.0,765.0,19.0,0.0,0.0
2020-11-22,2086.0,44.0,1276.0,766.0,1.0,0.0,0.0
2020-11-23,2086.0,44.0,1276.0,766.0,0.0,0.0,0.0
2020-11-24,2092.0,44.0,1277.0,771.0,6.0,0.0,1.0
2020-11-25,2092.0,44.0,1277.0,771.0,0.0,0.0,0.0
2020-11-26,2109.0,44.0,1278.0,787.0,17.0,0.0,1.0
2020-11-27,2109.0,44.0,1278.0,787.0,0.0,0.0,0.0
2020-11-28,2109.0,44.0,1278.0,787.0,0.0,0.0,0.0
2020-11-29,2109.0,44.0,1278.0,787.0,0.0,0.0,0.0
2020-11-30,2109.0,44.0,1278.0,787.0,0.0,0.0,0.0
2020-12-01,2137.0,44.0,1278.0,815.0,28.0,0.0,0.0
2020-12-02,2142.0,44.0,1278.0,820.0,5.0,0.0,0.0
2020-12-03,2145.0,44.0,1278.0,823.0,3.0,0.0,0.0
2020-12-04,2150.0,44.0,1278.0,828.0,5.0,0.0,0.0
2020-12-05,2150.0,44.0,1278.0,828.0,0.0,0.0,0.0
2020-12-06,2150.0,44.0,1278.0,828.0,0.0,0.0,0.0
2020-12-07,2150.0,44.0,1278.0,828.0,0.0,0.0,0.0
2020-12-08,2150.0,44.0,1278.0,828.0,0.0,0.0,0.0
2020-12-09,2164.0,44.0,1283.0,837.0,14.0,0.0,5.0
2020-12-10,2178.0,44.0,1283.0,851.0,14.0,0.0,0.0
2020-12-11,2214.0,44.0,1302.0,868.0,36.0,0.0,19.0
2020-12-12,2250.0,44.0,1319.0,887.0,36.0,0.0,17.0
2020-12-13,2250.0,44.0,1319.0,887.0,0.0,0.0,0.0
2020-12-14,2277.0,44.0,1340.0,893.0,27.0,0.0,21.0
2020-12-15,2307.0,44.0,1398.0,865.0,30.0,0.0,58.0
2020-12-16,2365.0,46.0,1423.0,896.0,58.0,2.0,25.0
2020-12-17,2400.0,46.0,1435.0,919.0,35.0,0.0,12.0
2020-12-18,2546.0,48.0,1445.0,1053.0,146.0,2.0,10.0
2020-12-19,2546.0,48.0,1445.0,1053.0,0.0,0.0,0.0
2020-12-20,2546.0,48.0,1445.0,1053.0,0.0,0.0,0.0
2020-12-21,2546.0,48.0,1445.0,1053.0,0.0,0.0,0.0
2020-12-22,2546.0,48.0,1445.0,1053.0,0.0,0.0,0.0
2020-12-23,2725.0,51.0,1466.0,1208.0,179.0,3.0,21.0
2020-12-24,2725.0,51.0,1466.0,1208.0,0.0,0.0,0.0
2020-12-25,2725.0,51.0,1466.0,1208.0,0.0,0.0,0.0
2020-12-26,2725.0,51.0,1466.0,1208.0,0.0,0.0,0.0
2020-12-27,2725.0,51.0,1466.0,1208.0,0.0,0.0,0.0
2020-12-28,2956.0,51.0,1466.0,1439.0,231.0,0.0,0.0
2020-12-29,3005.0,51.0,1480.0,1474.0,49.0,0.0,14.0
2020-12-30,3094.0,51.0,1480.0,1563.0,89.0,0.0,0.0
2020-12-31,3094.0,51.0,1480.0,1563.0,0.0,0.0,0.0
2021-01-01,3206.0,51.0,1496.0,1659.0,112.0,0.0,16.0
2021-01-02,3206.0,65.0,1496.0,1645.0,0.0,14.0,0.0
