date,confirmed,deaths,recovered,active,new_confirmed,new_deaths,new_recovered
2020-03-16,1.0,0.0,0.0,1.0,,,
2020-03-17,1.0,0.0,0.0,1.0,0.0,0.0,0.0
2020-03-18,2.0,0.0,0.0,2.0,1.0,0.0,0.0
2020-03-19,2.0,0.0,0.0,2.0,0.0,0.0,0.0
2020-03-20,2.0,0.0,0.0,2.0,0.0,0.0,0.0
2020-03-21,3.0,0.0,0.0,3.0,1.0,0.0,0.0
2020-03-22,3.0,0.0,0.0,3.0,0.0,0.0,0.0
2020-03-23,3.0,0.0,0.0,3.0,0.0,0.0,0.0
2020-03-24,3.0,0.0,0.0,3.0,0.0,0.0,0.0
2020-03-25,3.0,0.0,0.0,3.0,0.0,0.0,0.0
2020-03-26,3.0,0.0,0.0,3.0,0.0,0.0,0.0
2020-03-27,3.0,0.0,0.0,3.0,0.0,0.0,0.0
2020-03-28,3.0,0.0,0.0,3.0,0.0,0.0,0.0
2020-03-29,3.0,0.0,0.0,3.0,0.0,0.0,0.0
2020-03-30,3.0,0.0,0.0,3.0,0.0,0.0,0.0
2020-03-31,3.0,0.0,0.0,3.0,0.0,0.0,0.0
2020-04-01,6.0,0.0,0.0,6.0,3.0,0.0,0.0
2020-04-02,6.0,0.0,0.0,6.0,0.0,0.0,0.0
2020-04-03,7.0,0.0,0.0,7.0,1.0,0.0,0.0
2020-04-04,10.0,1.0,3.0,6.0,3.0,1.0,3.0
2020-04-05,13.0,3.0,3.0,7.0,3.0,2.0,0.0
2020-04-06,14.0,3.0,3.0,8.0,1.0,0.0,0.0
2020-04-07,14.0,3.0,3.0,8.0,0.0,0.0,0.0
2020-04-08,31.0,4.0,3.0,24.0,17.0,1.0,0.0
2020-04-09,31.0,4.0,3.0,24.0,0.0,0.0,0.0
2020-04-10,37.0,5.0,3.0,29.0,6.0,1.0,0.0
2020-04-11,48.0,5.0,3.0,40.0,11.0,0.0,0.0
2020-04-12,50.0,5.0,3.0,42.0,2.0,0.0,0.0
2020-04-13,59.0,6.0,4.0,49.0,9.0,1.0,1.0
2020-04-14,59.0,6.0,4.0,49.0,0.0,0.0,0.0
2020-04-15,59.0,6.0,4.0,49.0,0.0,0.0,0.0
2020-04-16,59.0,6.0,4.0,49.0,0.0,0.0,0.0
2020-04-17,76.0,7.0,7.0,62.0,17.0,1.0,3.0
2020-04-18,76.0,7.0,7.0,62.0,0.0,0.0,0.0
2020-04-19,91.0,8.0,7.0,76.0,15.0,1.0,0.0
2020-04-20,99.0,8.0,7.0,84.0,8.0,0.0,0.0
2020-04-21,101.0,8.0,7.0,86.0,2.0,0.0,0.0
2020-04-22,101.0,8.0,20.0,73.0,0.0,0.0,13.0
2020-04-23,101.0,8.0,20.0,73.0,0.0,0.0,0.0
2020-04-24,117.0,8.0,25.0,84.0,16.0,0.0,5.0
2020-04-25,120.0,11.0,25.0,84.0,3.0,3.0,0.0
2020-04-26,124.0,12.0,25.0,87.0,4.0,1.0,0.0
2020-04-27,124.0,12.0,25.0,87.0,0.0,0.0,0.0
2020-04-28,141.0,16.0,45.0,80.0,17.0,4.0,20.0
2020-04-29,141.0,16.0,45.0,80.0,0.0,0.0,0.0
2020-04-30,141.0,16.0,45.0,80.0,0.0,0.0,0.0
2020-05-01,152.0,18.0,45.0,89.0,11.0,2.0,0.0
2020-05-02,154.0,18.0,48.0,88.0,2.0,0.0,3.0
2020-05-03,158.0,18.0,58.0,82.0,4.0,0.0,10.0
2020-05-04,166.0,18.0,58.0,90.0,8.0,0.0,0.0
2020-05-05,170.0,20.0,58.0,92.0,4.0,2.0,0.0
2020-05-06,178.0,20.0,75.0,83.0,8.0,0.0,17.0
2020-05-07,189.0,20.0,79.0,90.0,11.0,0.0,4.0
2020-05-08,199.0,20.0,79.0,100.0,10.0,0.0,0.0
2020-05-09,199.0,20.0,79.0,100.0,0.0,0.0,0.0
2020-05-10,199.0,20.0,79.0,100.0,0.0,0.0,0.0
2020-05-11,211.0,20.0,85.0,106.0,12.0,0.0,6.0
2020-05-12,211.0,20.0,85.0,106.0,0.0,0.0,0.0
2020-05-13,213.0,20.0,101.0,92.0,2.0,0.0,16.0
2020-05-14,215.0,20.0,105.0,90.0,2.0,0.0,4.0
2020-05-15,219.0,20.0,108.0,91.0,4.0,0.0,3.0
2020-05-16,223.0,20.0,116.0,87.0,4.0,0.0,8.0
2020-05-17,226.0,21.0,120.0,85.0,3.0,1.0,4.0
2020-05-18,229.0,22.0,123.0,84.0,3.0,1.0,3.0
2020-05-19,233.0,23.0,125.0,85.0,4.0,1.0,2.0
2020-05-20,238.0,23.0,128.0,87.0,5.0,0.0,3.0
2020-05-21,240.0,23.0,131.0,86.0,2.0,0.0,3.0
2020-05-22,249.0,24.0,136.0,89.0,9.0,1.0,5.0
2020-05-23,255.0,26.0,136.0,93.0,6.0,2.0,0.0
2020-05-24,265.0,26.0,139.0,100.0,10.0,0.0,3.0
2020-05-25,265.0,26.0,141.0,98.0,0.0,0.0,2.0
2020-05-26,266.0,26.0,144.0,96.0,1.0,0.0,3.0
2020-05-27,266.0,27.0,144.0,95.0,0.0,1.0,0.0
2020-05-28,269.0,27.0,144.0,98.0,3.0,0.0,0.0
2020-05-29,273.0,27.0,146.0,100.0,4.0,0.0,2.0
2020-05-30,280.0,27.0,148.0,105.0,7.0,0.0,2.0
2020-05-31,288.0,27.0,157.0,104.0,8.0,0.0,9.0
2020-06-01,296.0,27.0,159.0,110.0,8.0,0.0,2.0
2020-06-02,311.0,28.0,167.0,116.0,15.0,1.0,8.0
2020-06-03,316.0,28.0,169.0,119.0,5.0,0.0,2.0
2020-06-04,321.0,28.0,175.0,118.0,5.0,0.0,6.0
2020-06-05,334.0,30.0,176.0,128.0,13.0,2.0,1.0
2020-06-06,345.0,30.0,185.0,130.0,11.0,0.0,9.0
2020-06-07,359.0,30.0,194.0,135.0,14.0,0.0,9.0
2020-06-08,370.0,30.0,195.0,145.0,11.0,0.0,1.0
2020-06-09,383.0,31.0,199.0,153.0,13.0,1.0,4.0
2020-06-10,397.0,31.0,200.0,166.0,14.0,0.0,1.0
2020-06-11,410.0,31.0,206.0,173.0,13.0,0.0,6.0
2020-06-12,421.0,32.0,210.0,179.0,11.0,1.0,4.0
2020-06-13,446.0,32.0,214.0,200.0,25.0,0.0,4.0
2020-06-14,458.0,32.0,219.0,207.0,12.0,0.0,5.0
2020-06-15,498.0,33.0,221.0,244.0,40.0,1.0,2.0
2020-06-16,509.0,33.0,222.0,254.0,11.0,0.0,1.0
2020-06-17,516.0,33.0,240.0,243.0,7.0,0.0,18.0
2020-06-18,542.0,33.0,250.0,259.0,26.0,0.0,10.0
2020-06-19,581.0,33.0,250.0,298.0,39.0,0.0,0.0
2020-06-20,601.0,33.0,254.0,314.0,20.0,0.0,4.0
2020-06-21,626.0,34.0,254.0,338.0,25.0,1.0,0.0
2020-06-22,650.0,34.0,260.0,356.0,24.0,0.0,6.0
2020-06-23,652.0,34.0,270.0,348.0,2.0,0.0,10.0
2020-06-24,662.0,34.0,270.0,358.0,10.0,0.0,0.0
2020-06-25,681.0,34.0,278.0,369.0,19.0,0.0,8.0
2020-06-26,684.0,34.0,285.0,365.0,3.0,0.0,7.0
2020-06-27,729.0,34.0,291.0,404.0,45.0,0.0,6.0
2020-06-28,768.0,34.0,298.0,436.0,39.0,0.0,7.0
2020-06-29,770.0,36.0,312.0,422.0,2.0,2.0,14.0
2020-06-30,780.0,36.0,324.0,420.0,10.0,0.0,12.0
2020-07-01,804.0,37.0,335.0,432.0,24.0,1.0,11.0
2020-07-02,819.0,37.0,338.0,444.0,15.0,0.0,3.0
2020-07-03,833.0,37.0,346.0,450.0,14.0,0.0,8.0
2020-07-04,869.0,37.0,369.0,463.0,36.0,0.0,23.0
2020-07-05,874.0,37.0,377.0,460.0,5.0,0.0,8.0
2020-07-06,891.0,39.0,377.0,475.0,17.0,2.0,0.0
2020-07-07,917.0,41.0,394.0,482.0,26.0,2.0,17.0
2020-07-08,926.0,41.0,395.0,490.0,9.0,0.0,1.0
2020-07-09,957.0,42.0,398.0,517.0,31.0,1.0,3.0
2020-07-10,963.0,47.0,400.0,516.0,6.0,5.0,2.0
2020-07-11,998.0,47.0,420.0,531.0,35.0,0.0,20.0
2020-07-12,1010.0,51.0,423.0,536.0,12.0,4.0,3.0
2020-07-13,1024.0,51.0,439.0,534.0,14.0,0.0,16.0
2020-07-14,1024.0,51.0,439.0,534.0,0.0,0.0,0.0
2020-07-15,1056.0,51.0,447.0,558.0,32.0,0.0,8.0
2020-07-16,1070.0,68.0,486.0,516.0,14.0,17.0,39.0
2020-07-17,1085.0,69.0,496.0,520.0,15.0,1.0,10.0
2020-07-18,1088.0,70.0,519.0,499.0,3.0,1.0,23.0
2020-07-19,1091.0,70.0,534.0,487.0,3.0,0.0,15.0
2020-07-20,1107.0,70.0,547.0,490.0,16.0,0.0,13.0
2020-07-21,1108.0,70.0,575.0,463.0,1.0,0.0,28.0
2020-07-22,1114.0,70.0,592.0,452.0,6.0,0.0,17.0
2020-07-23,1117.0,71.0,613.0,433.0,3.0,1.0,21.0
2020-07-24,1135.0,71.0,621.0,443.0,18.0,0.0,8.0
2020-07-25,1155.0,71.0,631.0,453.0,20.0,0.0,10.0
2020-07-26,1162.0,72.0,641.0,449.0,7.0,1.0,10.0
2020-07-27,1167.0,72.0,646.0,449.0,5.0,0.0,5.0
2020-07-28,1177.0,72.0,646.0,459.0,10.0,0.0,0.0
2020-07-29,1179.0,72.0,664.0,443.0,2.0,0.0,18.0
2020-07-30,1181.0,73.0,667.0,441.0,2.0,1.0,3.0
2020-07-31,1186.0,75.0,670.0,441.0,5.0,2.0,3.0
2020-08-01,1189.0,75.0,673.0,441.0,3.0,0.0,3.0
2020-08-02,1207.0,77.0,673.0,457.0,18.0,2.0,0.0
2020-08-03,1214.0,78.0,696.0,440.0,7.0,1.0,23.0
2020-08-04,1216.0,78.0,698.0,440.0,2.0,0.0,2.0
2020-08-05,1221.0,78.0,699.0,444.0,5.0,0.0,1.0
2020-08-06,1224.0,78.0,705.0,441.0,3.0,0.0,6.0
2020-08-07,1230.0,78.0,705.0,447.0,6.0,0.0,0.0
2020-08-08,1234.0,79.0,714.0,441.0,4.0,1.0,9.0
2020-08-09,1237.0,79.0,723.0,435.0,3.0,0.0,9.0
2020-08-10,1240.0,79.0,725.0,436.0,3.0,0.0,2.0
2020-08-11,1250.0,81.0,736.0,433.0,10.0,2.0,11.0
2020-08-12,1252.0,82.0,738.0,432.0,2.0,1.0,2.0
2020-08-13,1252.0,82.0,738.0,432.0,0.0,0.0,0.0
2020-08-14,1252.0,82.0,738.0,432.0,0.0,0.0,0.0
2020-08-15,1257.0,82.0,788.0,387.0,5.0,0.0,50.0
2020-08-16,1257.0,82.0,788.0,387.0,0.0,0.0,0.0
2020-08-17,1277.0,82.0,803.0,392.0,20.0,0.0,15.0
2020-08-18,1282.0,82.0,803.0,397.0,5.0,0.0,0.0
2020-08-19,1282.0,82.0,803.0,397.0,0.0,0.0,0.0
2020-08-20,1284.0,82.0,803.0,399.0,2.0,0.0,0.0
2020-08-21,1285.0,82.0,803.0,400.0,1.0,0.0,0.0
2020-08-22,1286.0,82.0,816.0,388.0,1.0,0.0,13.0
2020-08-23,1286.0,82.0,816.0,388.0,0.0,0.0,0.0
2020-08-24,1290.0,82.0,819.0,389.0,4.0,0.0,3.0
2020-08-25,1295.0,82.0,821.0,392.0,5.0,0.0,2.0
2020-08-26,1298.0,82.0,832.0,384.0,3.0,0.0,11.0
2020-08-27,1298.0,82.0,832.0,384.0,0.0,0.0,0.0
2020-08-28,1298.0,82.0,832.0,384.0,0.0,0.0,0.0
2020-08-29,1304.0,82.0,872.0,350.0,6.0,0.0,40.0
2020-08-30,1304.0,82.0,872.0,350.0,0.0,0.0,0.0
2020-08-31,1304.0,82.0,872.0,350.0,0.0,0.0,0.0
2020-09-01,1305.0,82.0,1158.0,65.0,1.0,0.0,286.0
2020-09-02,1305.0,82.0,1162.0,61.0,0.0,0.0,4.0
2020-09-03,1306.0,82.0,1163.0,61.0,1.0,0.0,1.0
2020-09-04,1306.0,82.0,1163.0,61.0,0.0,0.0,0.0
2020-09-05,1306.0,82.0,1163.0,61.0,0.0,0.0,0.0
2020-09-06,1307.0,82.0,1182.0,43.0,1.0,0.0,19.0
2020-09-07,1311.0,82.0,1190.0,39.0,4.0,0.0,8.0
2020-09-08,1311.0,82.0,1194.0,35.0,0.0,0.0,4.0
2020-09-09,1313.0,82.0,1194.0,37.0,2.0,0.0,0.0
2020-09-10,1315.0,82.0,1194.0,39.0,2.0,0.0,0.0
2020-09-11,1315.0,82.0,1199.0,34.0,0.0,0.0,5.0
2020-09-12,1316.0,82.0,1210.0,24.0,1.0,0.0,11.0
2020-09-13,1319.0,82.0,1210.0,27.0,3.0,0.0,0.0
2020-09-14,1321.0,82.0,1213.0,26.0,2.0,0.0,3.0
2020-09-15,1327.0,82.0,1214.0,31.0,6.0,0.0,1.0
2020-09-16,1332.0,82.0,1214.0,36.0,5.0,0.0,0.0
2020-09-17,1333.0,82.0,1214.0,37.0,1.0,0.0,0.0
2020-09-18,1334.0,82.0,1214.0,38.0,1.0,0.0,0.0
2020-09-19,1335.0,82.0,1216.0,37.0,1.0,0.0,2.0
2020-09-20,1335.0,82.0,1216.0,37.0,0.0,0.0,0.0
2020-09-21,1336.0,82.0,1218.0,36.0,1.0,0.0,2.0
2020-09-22,1336.0,82.0,1218.0,36.0,0.0,0.0,0.0
2020-09-23,1337.0,82.0,1219.0,36.0,1.0,0.0,1.0
2020-09-24,1338.0,82.0,1221.0,35.0,1.0,0.0,2.0
2020-09-25,1338.0,82.0,1221.0,35.0,0.0,0.0,0.0
2020-09-26,1338.0,82.0,1221.0,35.0,0.0,0.0,0.0
2020-09-27,1339.0,82.0,1221.0,36.0,1.0,0.0,0.0
2020-09-28,1342.0,82.0,1221.0,39.0,3.0,0.0,0.0
2020-09-29,1343.0,82.0,1221.0,40.0,1.0,0.0,0.0
2020-09-30,1343.0,82.0,1221.0,40.0,0.0,0.0,0.0
2020-10-01,1343.0,82.0,1221.0,40.0,0.0,0.0,0.0
2020-10-02,1346.0,82.0,1221.0,43.0,3.0,0.0,0.0
2020-10-03,1347.0,82.0,1221.0,44.0,1.0,0.0,0.0
2020-10-04,1348.0,82.0,1236.0,30.0,1.0,0.0,15.0
2020-10-05,1354.0,82.0,1236.0,36.0,6.0,0.0,0.0
2020-10-06,1354.0,82.0,1240.0,32.0,0.0,0.0,4.0
2020-10-07,1355.0,82.0,1245.0,28.0,1.0,0.0,5.0
2020-10-08,1360.0,82.0,1245.0,33.0,5.0,0.0,0.0
2020-10-09,1360.0,82.0,1245.0,33.0,0.0,0.0,0.0
2020-10-10,1363.0,82.0,1245.0,36.0,3.0,0.0,0.0
2020-10-11,1363.0,82.0,1245.0,36.0,0.0,0.0,0.0
2020-10-12,1371.0,82.0,1250.0,39.0,8.0,0.0,5.0
2020-10-13,1371.0,82.0,1251.0,38.0,0.0,0.0,1.0
2020-10-14,1372.0,82.0,1254.0,36.0,1.0,0.0,3.0
2020-10-15,1374.0,82.0,1254.0,38.0,2.0,0.0,0.0
2020-10-16,1377.0,82.0,1264.0,31.0,3.0,0.0,10.0
2020-10-17,1377.0,82.0,1268.0,27.0,0.0,0.0,4.0
2020-10-18,1377.0,82.0,1268.0,27.0,0.0,0.0,0.0
2020-10-19,1381.0,82.0,1271.0,28.0,4.0,0.0,3.0
2020-10-20,1384.0,82.0,1273.0,29.0,3.0,0.0,2.0
2020-10-21,1385.0,82.0,1276.0,27.0,1.0,0.0,3.0
2020-10-22,1385.0,82.0,1278.0,25.0,0.0,0.0,2.0
2020-10-23,1393.0,82.0,1278.0,33.0,8.0,0.0,0.0
2020-10-24,1393.0,82.0,1278.0,33.0,0.0,0.0,0.0
2020-10-25,1393.0,82.0,1278.0,33.0,0.0,0.0,0.0
2020-10-26,1416.0,82.0,1278.0,56.0,23.0,0.0,0.0
2020-10-27,1419.0,82.0,1278.0,59.0,3.0,0.0,0.0
2020-10-28,1419.0,82.0,1278.0,59.0,0.0,0.0,0.0
2020-10-29,1426.0,82.0,1279.0,65.0,7.0,0.0,1.0
2020-10-30,1426.0,82.0,1279.0,65.0,0.0,0.0,0.0
2020-10-31,1426.0,82.0,1279.0,65.0,0.0,0.0,0.0
2020-11-01,1426.0,82.0,1279.0,65.0,0.0,0.0,0.0
2020-11-02,1436.0,82.0,1283.0,71.0,10.0,0.0,4.0
2020-11-03,1436.0,82.0,1294.0,60.0,0.0,0.0,11.0
2020-11-04,1438.0,82.0,1301.0,55.0,2.0,0.0,7.0
2020-11-05,1440.0,82.0,1305.0,53.0,2.0,0.0,4.0
2020-11-06,1442.0,82.0,1310.0,50.0,2.0,0.0,5.0
2020-11-07,1442.0,82.0,1310.0,50.0,0.0,0.0,0.0
2020-11-08,1442.0,82.0,1310.0,50.0,0.0,0.0,0.0
2020-11-09,1452.0,82.0,1310.0,60.0,10.0,0.0,0.0
2020-11-10,1461.0,82.0,1310.0,69.0,9.0,0.0,0.0
2020-11-11,1461.0,82.0,1311.0,68.0,0.0,0.0,1.0
2020-11-12,1468.0,82.0,1312.0,74.0,7.0,0.0,1.0
2020-11-13,1491.0,82.0,1314.0,95.0,23.0,0.0,2.0
2020-11-14,1498.0,82.0,1314.0,102.0,7.0,0.0,0.0
2020-11-15,1507.0,82.0,1314.0,111.0,9.0,0.0,0.0
2020-11-16,1512.0,82.0,1318.0,112.0,5.0,0.0,4.0
2020-11-17,1512.0,82.0,1318.0,112.0,0.0,0.0,0.0
2020-11-18,1528.0,82.0,1328.0,118.0,16.0,0.0,10.0
2020-11-19,1539.0,82.0,1331.0,126.0,11.0,0.0,3.0
2020-11-20,1551.0,82.0,1331.0,138.0,12.0,0.0,0.0
2020-11-21,1551.0,82.0,1331.0,138.0,0.0,0.0,0.0
2020-11-22,1551.0,82.0,1331.0,138.0,0.0,0.0,0.0
2020-11-23,1551.0,82.0,1331.0,138.0,0.0,0.0,0.0
2020-11-24,1551.0,82.0,1331.0,138.0,0.0,0.0,0.0
2020-11-25,1578.0,83.0,1340.0,155.0,27.0,1.0,9.0
2020-11-26,1591.0,83.0,1340.0,168.0,13.0,0.0,0.0
2020-11-27,1595.0,83.0,1343.0,169.0,4.0,0.0,3.0
2020-11-28,1595.0,83.0,1343.0,169.0,0.0,0.0,0.0
2020-11-29,1595.0,83.0,1343.0,169.0,0.0,0.0,0.0
2020-11-30,1595.0,83.0,1343.0,169.0,0.0,0.0,0.0
2020-12-01,1595.0,83.0,1343.0,169.0,0.0,0.0,0.0
2020-12-02,1595.0,83.0,1343.0,169.0,0.0,0.0,0.0
2020-12-03,1663.0,83.0,1358.0,222.0,68.0,0.0,15.0
2020-12-04,1676.0,83.0,1358.0,235.0,13.0,0.0,0.0
2020-12-05,1676.0,83.0,1358.0,235.0,0.0,0.0,0.0
2020-12-06,1676.0,83.0,1358.0,235.0,0.0,0.0,0.0
