date,confirmed,deaths,recovered,active,new_confirmed,new_deaths,new_recovered
2020-03-24,1.0,0.0,0.0,1.0,,,
2020-03-25,1.0,0.0,0.0,1.0,0.0,0.0,0.0
2020-03-26,1.0,0.0,0.0,1.0,0.0,0.0,0.0
2020-03-27,1.0,0.0,0.0,1.0,0.0,0.0,0.0
2020-03-28,3.0,0.0,0.0,3.0,2.0,0.0,0.0
2020-03-29,8.0,0.0,0.0,8.0,5.0,0.0,0.0
2020-03-30,8.0,0.0,0.0,8.0,0.0,0.0,0.0
2020-03-31,10.0,0.0,1.0,9.0,2.0,0.0,1.0
2020-04-01,10.0,0.0,0.0,10.0,0.0,0.0,-1.0
2020-04-02,11.0,1.0,0.0,10.0,1.0,1.0,0.0
2020-04-03,11.0,1.0,0.0,10.0,0.0,0.0,0.0
2020-04-04,18.0,1.0,0.0,17.0,7.0,0.0,0.0
2020-04-05,18.0,1.0,0.0,17.0,0.0,0.0,0.0
2020-04-06,19.0,1.0,1.0,17.0,1.0,0.0,1.0
2020-04-07,20.0,1.0,1.0,18.0,1.0,0.0,0.0
2020-04-08,21.0,1.0,8.0,12.0,1.0,0.0,7.0
2020-04-09,24.0,1.0,8.0,15.0,3.0,0.0,0.0
2020-04-10,24.0,1.0,8.0,15.0,0.0,0.0,0.0
2020-04-11,24.0,1.0,8.0,15.0,0.0,0.0,0.0
2020-04-12,25.0,1.0,9.0,15.0,1.0,0.0,1.0
2020-04-13,26.0,1.0,9.0,16.0,1.0,0.0,0.0
2020-04-14,35.0,1.0,9.0,25.0,9.0,0.0,0.0
2020-04-15,48.0,1.0,9.0,38.0,13.0,0.0,0.0
2020-04-16,49.0,1.0,11.0,37.0,1.0,0.0,2.0
2020-04-17,49.0,1.0,11.0,37.0,0.0,0.0,0.0
2020-04-18,49.0,1.0,11.0,37.0,0.0,0.0,0.0
2020-04-19,51.0,1.0,11.0,39.0,2.0,0.0,0.0
2020-04-20,51.0,1.0,15.0,35.0,0.0,0.0,4.0
2020-04-21,51.0,1.0,15.0,35.0,0.0,0.0,0.0
2020-04-22,59.0,1.0,15.0,43.0,8.0,0.0,0.0
2020-04-23,60.0,2.0,15.0,43.0,1.0,1.0,0.0
2020-04-24,61.0,2.0,18.0,41.0,1.0,0.0,3.0
2020-04-25,61.0,2.0,18.0,41.0,0.0,0.0,0.0
2020-04-26,61.0,2.0,18.0,41.0,0.0,0.0,0.0
2020-04-27,61.0,2.0,18.0,41.0,0.0,0.0,0.0
2020-04-28,61.0,2.0,18.0,41.0,0.0,0.0,0.0
2020-04-29,61.0,2.0,18.0,41.0,0.0,0.0,0.0
2020-04-30,61.0,3.0,18.0,40.0,0.0,1.0,0.0
2020-05-01,63.0,3.0,18.0,42.0,2.0,0.0,0.0
2020-05-02,63.0,3.0,22.0,38.0,0.0,0.0,4.0
2020-05-03,63.0,3.0,22.0,38.0,0.0,0.0,0.0
2020-05-04,63.0,3.0,23.0,37.0,0.0,0.0,1.0
2020-05-05,63.0,3.0,23.0,37.0,0.0,0.0,0.0
2020-05-06,64.0,3.0,24.0,37.0,1.0,0.0,1.0
2020-05-07,64.0,3.0,24.0,37.0,0.0,0.0,0.0
2020-05-08,64.0,3.0,24.0,37.0,0.0,0.0,0.0
2020-05-09,64.0,3.0,24.0,37.0,0.0,0.0,0.0
2020-05-10,64.0,3.0,24.0,37.0,0.0,0.0,0.0
2020-05-11,64.0,3.0,28.0,33.0,0.0,0.0,4.0
2020-05-12,64.0,3.0,28.0,33.0,0.0,0.0,0.0
2020-05-13,64.0,3.0,28.0,33.0,0.0,0.0,0.0
2020-05-14,64.0,3.0,28.0,33.0,0.0,0.0,0.0
2020-05-15,64.0,3.0,28.0,33.0,0.0,0.0,0.0
2020-05-16,65.0,3.0,28.0,34.0,1.0,0.0,0.0
2020-05-17,65.0,3.0,35.0,27.0,0.0,0.0,7.0
2020-05-18,65.0,3.0,35.0,27.0,0.0,0.0,0.0
2020-05-19,68.0,3.0,35.0,30.0,3.0,0.0,0.0
2020-05-20,69.0,3.0,35.0,31.0,1.0,0.0,0.0
2020-05-21,71.0,3.0,35.0,33.0,2.0,0.0,0.0
2020-05-22,72.0,3.0,38.0,31.0,1.0,0.0,3.0
2020-05-23,75.0,3.0,39.0,33.0,3.0,0.0,1.0
2020-05-24,75.0,3.0,39.0,33.0,0.0,0.0,0.0
2020-05-25,75.0,3.0,40.0,32.0,0.0,0.0,1.0
2020-05-26,77.0,3.0,40.0,34.0,2.0,0.0,0.0
2020-05-27,99.0,4.0,40.0,55.0,22.0,1.0,0.0
2020-05-28,105.0,5.0,41.0,59.0,6.0,1.0,1.0
2020-05-29,118.0,5.0,41.0,72.0,13.0,0.0,0.0
2020-05-30,130.0,5.0,50.0,75.0,12.0,0.0,9.0
2020-05-31,156.0,5.0,52.0,99.0,26.0,0.0,2.0
2020-06-01,168.0,5.0,52.0,111.0,12.0,0.0,0.0
2020-06-02,182.0,5.0,52.0,125.0,14.0,0.0,0.0
2020-06-03,196.0,5.0,52.0,139.0,14.0,0.0,0.0
2020-06-04,209.0,5.0,52.0,152.0,13.0,0.0,0.0
2020-06-05,239.0,5.0,52.0,182.0,30.0,0.0,0.0
2020-06-06,256.0,5.0,52.0,199.0,17.0,0.0,0.0
2020-06-07,256.0,5.0,52.0,199.0,0.0,0.0,0.0
2020-06-08,332.0,5.0,57.0,270.0,76.0,0.0,5.0
2020-06-09,359.0,5.0,58.0,296.0,27.0,0.0,1.0
2020-06-10,378.0,5.0,59.0,314.0,19.0,0.0,1.0
2020-06-11,393.0,5.0,59.0,329.0,15.0,0.0,0.0
2020-06-12,409.0,6.0,59.0,344.0,16.0,1.0,0.0
2020-06-13,418.0,8.0,62.0,348.0,9.0,2.0,3.0
2020-06-14,454.0,10.0,63.0,381.0,36.0,2.0,1.0
2020-06-15,467.0,10.0,70.0,387.0,13.0,0.0,7.0
2020-06-16,484.0,10.0,76.0,398.0,17.0,0.0,6.0
2020-06-17,500.0,10.0,78.0,412.0,16.0,0.0,2.0
2020-06-18,510.0,10.0,81.0,419.0,10.0,0.0,3.0
2020-06-19,520.0,10.0,83.0,427.0,10.0,0.0,2.0
2020-06-20,544.0,10.0,98.0,436.0,24.0,0.0,15.0
2020-06-21,571.0,10.0,103.0,458.0,27.0,0.0,5.0
2020-06-22,595.0,10.0,116.0,469.0,24.0,0.0,13.0
2020-06-23,639.0,17.0,132.0,490.0,44.0,7.0,16.0
2020-06-24,670.0,18.0,138.0,514.0,31.0,1.0,6.0
2020-06-25,698.0,18.0,140.0,540.0,28.0,0.0,2.0
2020-06-26,713.0,18.0,142.0,553.0,15.0,0.0,2.0
2020-06-27,727.0,18.0,171.0,538.0,14.0,0.0,29.0
2020-06-28,762.0,21.0,196.0,545.0,35.0,3.0,25.0
2020-06-29,802.0,23.0,206.0,573.0,40.0,2.0,10.0
2020-06-30,824.0,24.0,209.0,591.0,22.0,1.0,3.0
2020-07-01,874.0,25.0,223.0,626.0,50.0,1.0,14.0
2020-07-02,891.0,26.0,224.0,641.0,17.0,1.0,1.0
2020-07-03,918.0,27.0,230.0,661.0,27.0,1.0,6.0
2020-07-04,989.0,27.0,258.0,704.0,71.0,0.0,28.0
2020-07-05,1046.0,32.0,261.0,753.0,57.0,5.0,3.0
2020-07-06,1117.0,34.0,269.0,814.0,71.0,2.0,8.0
2020-07-07,1182.0,35.0,295.0,852.0,65.0,1.0,26.0
2020-07-08,1268.0,36.0,306.0,926.0,86.0,1.0,11.0
2020-07-09,1342.0,38.0,307.0,997.0,74.0,2.0,1.0
2020-07-10,1342.0,38.0,307.0,997.0,0.0,0.0,0.0
2020-07-11,1389.0,38.0,340.0,1011.0,47.0,0.0,33.0
2020-07-12,1433.0,39.0,341.0,1053.0,44.0,1.0,1.0
2020-07-13,1512.0,40.0,367.0,1105.0,79.0,1.0,26.0
2020-07-14,1563.0,42.0,370.0,1151.0,51.0,2.0,3.0
2020-07-15,1589.0,43.0,373.0,1173.0,26.0,1.0,3.0
2020-07-16,1652.0,46.0,379.0,1227.0,63.0,3.0,6.0
2020-07-17,1704.0,47.0,380.0,1277.0,52.0,1.0,1.0
2020-07-18,1791.0,48.0,385.0,1358.0,87.0,1.0,5.0
2020-07-19,1866.0,48.0,418.0,1400.0,75.0,0.0,33.0
2020-07-20,1980.0,49.0,441.0,1490.0,114.0,1.0,23.0
2020-07-21,2088.0,50.0,479.0,1559.0,108.0,1.0,38.0
2020-07-22,2176.0,53.0,489.0,1634.0,88.0,3.0,10.0
2020-07-23,2314.0,56.0,501.0,1757.0,138.0,3.0,12.0
2020-07-24,2424.0,57.0,504.0,1863.0,110.0,1.0,3.0
2020-07-25,2547.0,58.0,510.0,1979.0,123.0,1.0,6.0
2020-07-26,2669.0,60.0,553.0,2056.0,122.0,2.0,43.0
2020-07-27,2827.0,64.0,577.0,2186.0,158.0,4.0,24.0
2020-07-28,3017.0,67.0,579.0,2371.0,190.0,3.0,2.0
2020-07-29,3222.0,76.0,596.0,2550.0,205.0,9.0,17.0
2020-07-30,3438.0,73.0,604.0,2761.0,216.0,-3.0,8.0
2020-07-31,3621.0,74.0,618.0,2929.0,183.0,1.0,14.0
2020-08-01,3691.0,80.0,619.0,2992.0,70.0,6.0,1.0
2020-08-02,3837.0,83.0,623.0,3131.0,146.0,3.0,4.0
2020-08-03,4063.0,93.0,625.0,3345.0,226.0,10.0,2.0
2020-08-04,4224.0,96.0,633.0,3495.0,161.0,3.0,8.0
2020-08-05,4475.0,99.0,640.0,3736.0,251.0,3.0,7.0
2020-08-06,4879.0,107.0,652.0,4120.0,404.0,8.0,12.0
2020-08-07,5079.0,108.0,660.0,4311.0,200.0,1.0,8.0
2020-08-08,5232.0,113.0,691.0,4428.0,153.0,5.0,31.0
2020-08-09,5451.0,119.0,701.0,4631.0,219.0,6.0,10.0
2020-08-10,5929.0,125.0,724.0,5080.0,478.0,6.0,23.0
2020-08-11,6302.0,132.0,740.0,5430.0,373.0,7.0,16.0
2020-08-12,6611.0,132.0,778.0,5701.0,309.0,0.0,38.0
2020-08-13,7050.0,135.0,816.0,6099.0,439.0,3.0,38.0
2020-08-14,7327.0,139.0,848.0,6340.0,277.0,4.0,32.0
2020-08-15,7738.0,145.0,894.0,6699.0,411.0,6.0,46.0
2020-08-16,8172.0,153.0,933.0,7086.0,434.0,8.0,39.0
2020-08-17,8579.0,157.0,969.0,7453.0,407.0,4.0,36.0
2020-08-18,9068.0,164.0,1003.0,7901.0,489.0,7.0,34.0
2020-08-19,9463.0,169.0,1018.0,8276.0,395.0,5.0,15.0
2020-08-20,9707.0,173.0,1047.0,8487.0,244.0,4.0,29.0
2020-08-21,10121.0,180.0,1053.0,8888.0,414.0,7.0,6.0
2020-08-22,10437.0,188.0,1085.0,9164.0,316.0,8.0,32.0
2020-08-23,10437.0,188.0,1085.0,9164.0,0.0,0.0,0.0
2020-08-24,11009.0,199.0,1096.0,9714.0,572.0,11.0,11.0
2020-08-25,11281.0,203.0,1112.0,9966.0,272.0,4.0,16.0
2020-08-26,11834.0,210.0,1152.0,10472.0,553.0,7.0,40.0
2020-08-27,12274.0,219.0,1209.0,10846.0,440.0,9.0,57.0
2020-08-28,12629.0,226.0,1310.0,11093.0,355.0,7.0,101.0
2020-08-29,12958.0,231.0,1333.0,11394.0,329.0,5.0,23.0
2020-08-30,13423.0,232.0,1410.0,11781.0,465.0,1.0,77.0
2020-08-31,13966.0,237.0,1459.0,12270.0,543.0,5.0,49.0
2020-09-01,14624.0,242.0,1676.0,12706.0,658.0,5.0,217.0
2020-09-02,15156.0,250.0,1746.0,13160.0,532.0,8.0,70.0
2020-09-03,15773.0,254.0,1856.0,13663.0,617.0,4.0,110.0
2020-09-04,16445.0,262.0,1910.0,14273.0,672.0,8.0,54.0
2020-09-05,17094.0,272.0,2025.0,14797.0,649.0,10.0,115.0
2020-09-06,17749.0,285.0,2081.0,15383.0,655.0,13.0,56.0
2020-09-07,18834.0,296.0,2126.0,16412.0,1085.0,11.0,45.0
2020-09-08,19583.0,314.0,2247.0,17022.0,749.0,18.0,121.0
2020-09-09,20462.0,324.0,2329.0,17809.0,879.0,10.0,82.0
2020-09-10,20939.0,339.0,2420.0,18180.0,477.0,15.0,91.0
2020-09-11,21908.0,352.0,2506.0,19050.0,969.0,13.0,86.0
2020-09-12,22348.0,354.0,12100.0,9894.0,440.0,2.0,9594.0
2020-09-13,22781.0,362.0,12183.0,10236.0,433.0,8.0,83.0
2020-09-14,23515.0,368.0,12762.0,10385.0,734.0,6.0,579.0
2020-09-15,24144.0,383.0,13252.0,10509.0,629.0,15.0,490.0
2020-09-16,24936.0,394.0,13498.0,11044.0,792.0,11.0,246.0
2020-09-17,25822.0,409.0,13908.0,11505.0,886.0,15.0,410.0
2020-09-18,26438.0,418.0,14207.0,11813.0,616.0,9.0,299.0
2020-09-19,27234.0,436.0,14679.0,12119.0,796.0,18.0,472.0
2020-09-20,27949.0,444.0,15068.0,12437.0,715.0,8.0,389.0
2020-09-21,28796.0,450.0,15384.0,12962.0,847.0,6.0,316.0
2020-09-22,29446.0,460.0,15913.0,13073.0,650.0,10.0,529.0
2020-09-23,30097.0,469.0,16430.0,13198.0,651.0,9.0,517.0
2020-09-24,30632.0,474.0,16842.0,13316.0,535.0,5.0,412.0
2020-09-25,31290.0,491.0,17508.0,13291.0,658.0,17.0,666.0
2020-09-26,31828.0,499.0,17832.0,13497.0,538.0,8.0,324.0
2020-09-27,32364.0,520.0,18128.0,13716.0,536.0,21.0,296.0
2020-09-28,33213.0,527.0,18518.0,14168.0,849.0,7.0,390.0
2020-09-29,34014.0,540.0,18902.0,14572.0,801.0,13.0,384.0
2020-09-30,34525.0,551.0,19361.0,14613.0,511.0,11.0,459.0
2020-10-01,35208.0,559.0,19894.0,14755.0,683.0,8.0,533.0
2020-10-02,35717.0,570.0,20334.0,14813.0,509.0,11.0,440.0
2020-10-03,36087.0,578.0,20889.0,14620.0,370.0,8.0,555.0
2020-10-04,36809.0,592.0,21429.0,14788.0,722.0,14.0,540.0
2020-10-05,37437.0,596.0,22076.0,14765.0,628.0,4.0,647.0
2020-10-06,38468.0,602.0,22410.0,15456.0,1031.0,6.0,334.0
2020-10-07,39513.0,608.0,22831.0,16074.0,1045.0,6.0,421.0
2020-10-08,40292.0,616.0,23130.0,16546.0,779.0,8.0,299.0
2020-10-09,41368.0,621.0,23453.0,17294.0,1076.0,5.0,323.0
2020-10-10,41686.0,623.0,23791.0,17272.0,318.0,2.0,338.0
2020-10-11,42712.0,631.0,24038.0,18043.0,1026.0,8.0,247.0
2020-10-12,43821.0,644.0,24466.0,18711.0,1109.0,13.0,428.0
2020-10-13,44985.0,656.0,25007.0,19322.0,1164.0,12.0,541.0
2020-10-14,45821.0,669.0,25301.0,19851.0,836.0,13.0,294.0
2020-10-15,46676.0,681.0,25685.0,20310.0,855.0,12.0,384.0
2020-10-16,47845.0,699.0,26062.0,21084.0,1169.0,18.0,377.0
2020-10-17,47845.0,699.0,26062.0,21084.0,0.0,0.0,0.0
2020-10-18,48790.0,725.0,26889.0,21176.0,945.0,26.0,827.0
2020-10-19,49949.0,732.0,27262.0,21955.0,1159.0,7.0,373.0
2020-10-20,50906.0,746.0,27832.0,22328.0,957.0,14.0,570.0
2020-10-21,51625.0,765.0,28440.0,22420.0,719.0,19.0,608.0
2020-10-22,52620.0,768.0,29057.0,22795.0,995.0,3.0,617.0
2020-10-23,53384.0,774.0,29619.0,22991.0,764.0,6.0,562.0
2020-10-24,54374.0,790.0,29965.0,23619.0,990.0,16.0,346.0
2020-10-25,56013.0,795.0,30731.0,24487.0,1639.0,5.0,766.0
2020-10-26,57223.0,801.0,31515.0,24907.0,1210.0,6.0,784.0
2020-10-27,57975.0,812.0,32253.0,24910.0,752.0,11.0,738.0
2020-10-28,58874.0,823.0,32962.0,25089.0,899.0,11.0,709.0
2020-10-29,59656.0,831.0,33550.0,25275.0,782.0,8.0,588.0
2020-10-30,60628.0,847.0,34369.0,25412.0,972.0,16.0,819.0
2020-10-31,61095.0,857.0,35030.0,25208.0,467.0,10.0,661.0
2020-11-01,62045.0,871.0,35853.0,25321.0,950.0,14.0,823.0
2020-11-02,62907.0,880.0,36608.0,25419.0,862.0,9.0,755.0
2020-11-03,63688.0,893.0,36995.0,25800.0,781.0,13.0,387.0
2020-11-04,64587.0,900.0,37610.0,26077.0,899.0,7.0,615.0
2020-11-05,65440.0,907.0,38110.0,26423.0,853.0,7.0,500.0
2020-11-06,66444.0,915.0,38624.0,26905.0,1004.0,8.0,514.0
2020-11-07,67039.0,920.0,39243.0,26876.0,595.0,5.0,619.0
2020-11-08,68117.0,929.0,40119.0,27069.0,1078.0,9.0,876.0
2020-11-09,69040.0,944.0,40780.0,27316.0,923.0,15.0,661.0
2020-11-10,70010.0,957.0,41512.0,27541.0,970.0,13.0,732.0
2020-11-11,70885.0,970.0,42098.0,27817.0,875.0,13.0,586.0
2020-11-12,71804.0,985.0,42703.0,28116.0,919.0,15.0,605.0
2020-11-13,72628.0,995.0,43259.0,28374.0,824.0,10.0,556.0
2020-11-14,72628.0,995.0,43259.0,28374.0,0.0,0.0,0.0
2020-11-15,73602.0,1017.0,44133.0,28452.0,974.0,22.0,874.0
2020-11-16,74324.0,1025.0,44733.0,28566.0,722.0,8.0,600.0
2020-11-17,74936.0,1041.0,45371.0,28524.0,612.0,16.0,638.0
2020-11-18,75465.0,1053.0,46127.0,28285.0,529.0,12.0,756.0
2020-11-19,76006.0,1062.0,46793.0,28151.0,541.0,9.0,666.0
2020-11-20,76808.0,1068.0,47587.0,28153.0,802.0,6.0,794.0
2020-11-21,76808.0,1068.0,47587.0,28153.0,0.0,0.0,0.0
2020-11-22,77823.0,1089.0,48914.0,27820.0,1015.0,21.0,1327.0
2020-11-23,78473.0,1102.0,49592.0,27779.0,650.0,13.0,678.0
