date,confirmed,deaths,recovered,active,new_confirmed,new_deaths,new_recovered
2020-02-29,1.0,0.0,0.0,1.0,,,
2020-03-01,1.0,0.0,0.0,1.0,0.0,0.0,0.0
2020-03-02,1.0,0.0,0.0,1.0,0.0,0.0,0.0
2020-03-03,1.0,0.0,0.0,1.0,0.0,0.0,0.0
2020-03-04,1.0,0.0,0.0,1.0,0.0,0.0,0.0
2020-03-05,1.0,0.0,0.0,1.0,0.0,0.0,0.0
2020-03-06,2.0,0.0,0.0,2.0,1.0,0.0,0.0
2020-03-07,2.0,0.0,0.0,2.0,0.0,0.0,0.0
2020-03-08,3.0,0.0,0.0,3.0,1.0,0.0,0.0
2020-03-09,3.0,0.0,0.0,3.0,0.0,0.0,0.0
2020-03-10,5.0,0.0,0.0,5.0,2.0,0.0,0.0
2020-03-11,7.0,0.0,0.0,7.0,2.0,0.0,0.0
2020-03-12,19.0,0.0,0.0,19.0,12.0,0.0,0.0
2020-03-13,34.0,0.0,0.0,34.0,15.0,0.0,0.0
2020-03-14,51.0,1.0,0.0,50.0,17.0,1.0,0.0
2020-03-15,59.0,1.0,0.0,58.0,8.0,0.0,0.0
2020-03-16,77.0,1.0,0.0,76.0,18.0,0.0,0.0
2020-03-17,140.0,1.0,0.0,139.0,63.0,0.0,0.0
2020-03-18,203.0,2.0,0.0,201.0,63.0,1.0,0.0
2020-03-19,335.0,4.0,0.0,331.0,132.0,2.0,0.0
2020-03-20,484.0,4.0,0.0,480.0,149.0,0.0,0.0
2020-03-21,670.0,8.0,0.0,662.0,186.0,4.0,0.0
2020-03-22,798.0,8.0,6.0,784.0,128.0,0.0,6.0
2020-03-23,875.0,8.0,6.0,861.0,77.0,0.0,0.0
2020-03-24,1099.0,8.0,6.0,1085.0,224.0,0.0,0.0
2020-03-25,1333.0,8.0,6.0,1319.0,234.0,0.0,0.0
2020-03-26,1453.0,9.0,6.0,1438.0,120.0,1.0,0.0
2020-03-27,1605.0,15.0,40.0,1550.0,152.0,6.0,34.0
2020-03-28,1831.0,18.0,40.0,1773.0,226.0,3.0,0.0
2020-03-29,1950.0,21.0,40.0,1889.0,119.0,3.0,0.0
2020-03-30,1988.0,22.0,40.0,1926.0,38.0,1.0,0.0
2020-03-31,2178.0,23.0,80.0,2075.0,190.0,1.0,40.0
2020-04-01,2319.0,29.0,80.0,2210.0,141.0,6.0,0.0
2020-04-02,2487.0,30.0,80.0,2377.0,168.0,1.0,0.0
2020-04-03,2612.0,31.0,500.0,2081.0,125.0,1.0,420.0
2020-04-04,2729.0,31.0,500.0,2198.0,117.0,0.0,0.0
2020-04-05,2804.0,36.0,500.0,2268.0,75.0,5.0,0.0
2020-04-06,2843.0,41.0,500.0,2302.0,39.0,5.0,0.0
2020-04-07,2970.0,44.0,500.0,2426.0,127.0,3.0,0.0
2020-04-08,3034.0,46.0,500.0,2488.0,64.0,2.0,0.0
2020-04-09,3115.0,52.0,500.0,2563.0,81.0,6.0,0.0
2020-04-10,3223.0,54.0,500.0,2669.0,108.0,2.0,0.0
2020-04-11,3270.0,62.0,500.0,2708.0,47.0,8.0,0.0
2020-04-12,3281.0,66.0,500.0,2715.0,11.0,4.0,0.0
2020-04-13,3292.0,69.0,500.0,2723.0,11.0,3.0,0.0
2020-04-14,3307.0,67.0,500.0,2740.0,15.0,-2.0,0.0
2020-04-15,3373.0,69.0,526.0,2778.0,66.0,2.0,26.0
2020-04-16,3444.0,69.0,552.0,2823.0,71.0,0.0,26.0
2020-04-17,3480.0,72.0,579.0,2829.0,36.0,3.0,27.0
2020-04-18,3537.0,72.0,601.0,2864.0,57.0,0.0,22.0
2020-04-19,3550.0,73.0,627.0,2850.0,13.0,1.0,26.0
2020-04-20,3558.0,75.0,637.0,2846.0,8.0,2.0,10.0
2020-04-21,3618.0,78.0,670.0,2870.0,60.0,3.0,33.0
2020-04-22,3654.0,80.0,711.0,2863.0,36.0,2.0,41.0
2020-04-23,3665.0,83.0,728.0,2854.0,11.0,3.0,17.0
2020-04-24,3695.0,85.0,3007.0,603.0,30.0,2.0,2279.0
2020-04-25,3711.0,85.0,3088.0,538.0,16.0,0.0,81.0
2020-04-26,3723.0,88.0,3104.0,531.0,12.0,3.0,16.0
2020-04-27,3729.0,88.0,3123.0,518.0,6.0,0.0,19.0
2020-04-28,3741.0,89.0,3123.0,529.0,12.0,1.0,0.0
2020-04-29,3769.0,89.0,3134.0,546.0,28.0,0.0,11.0
2020-04-30,3784.0,90.0,3213.0,481.0,15.0,1.0,79.0
2020-05-01,3802.0,92.0,3213.0,497.0,18.0,2.0,0.0
2020-05-02,3812.0,92.0,3318.0,402.0,10.0,0.0,105.0
2020-05-03,3824.0,96.0,3379.0,349.0,12.0,4.0,61.0
2020-05-04,3828.0,96.0,3405.0,327.0,4.0,0.0,26.0
2020-05-05,3840.0,96.0,3412.0,332.0,12.0,0.0,7.0
2020-05-06,3851.0,98.0,3452.0,301.0,11.0,2.0,40.0
2020-05-07,3859.0,100.0,3505.0,254.0,8.0,2.0,53.0
2020-05-08,3871.0,100.0,3526.0,245.0,12.0,0.0,21.0
2020-05-09,3877.0,101.0,3550.0,226.0,6.0,1.0,24.0
2020-05-10,3886.0,101.0,3586.0,199.0,9.0,0.0,36.0
2020-05-11,3888.0,101.0,3602.0,185.0,2.0,0.0,16.0
2020-05-12,3894.0,102.0,3610.0,182.0,6.0,1.0,8.0
2020-05-13,3904.0,103.0,3629.0,172.0,10.0,1.0,19.0
2020-05-14,3915.0,103.0,3665.0,147.0,11.0,0.0,36.0
2020-05-15,3923.0,104.0,3682.0,137.0,8.0,1.0,17.0
2020-05-16,3930.0,104.0,3699.0,127.0,7.0,0.0,17.0
2020-05-17,3945.0,107.0,3702.0,136.0,15.0,3.0,3.0
2020-05-18,3947.0,107.0,3715.0,125.0,2.0,0.0,13.0
2020-05-19,3958.0,109.0,3718.0,131.0,11.0,2.0,3.0
2020-05-20,3971.0,109.0,3728.0,134.0,13.0,0.0,10.0
2020-05-21,3980.0,109.0,3741.0,130.0,9.0,0.0,13.0
2020-05-22,3981.0,109.0,3748.0,124.0,1.0,0.0,7.0
2020-05-23,3990.0,109.0,3758.0,123.0,9.0,0.0,10.0
2020-05-24,3992.0,110.0,3767.0,115.0,2.0,1.0,9.0
2020-05-25,3993.0,110.0,3781.0,102.0,1.0,0.0,14.0
2020-05-26,3995.0,110.0,3783.0,102.0,2.0,0.0,2.0
2020-05-27,4001.0,110.0,3791.0,100.0,6.0,0.0,8.0
2020-05-28,4008.0,110.0,3803.0,95.0,7.0,0.0,12.0
2020-05-29,4012.0,110.0,3815.0,87.0,4.0,0.0,12.0
2020-05-30,4016.0,110.0,3815.0,91.0,4.0,0.0,0.0
2020-05-31,4018.0,110.0,3833.0,75.0,2.0,0.0,18.0
2020-06-01,4019.0,110.0,3845.0,64.0,1.0,0.0,12.0
2020-06-02,4020.0,110.0,3848.0,62.0,1.0,0.0,3.0
2020-06-03,4024.0,110.0,3861.0,53.0,4.0,0.0,13.0
2020-06-04,4027.0,110.0,3874.0,43.0,3.0,0.0,13.0
2020-06-05,4032.0,110.0,3885.0,37.0,5.0,0.0,11.0
2020-06-06,4035.0,110.0,3888.0,37.0,3.0,0.0,3.0
2020-06-07,4039.0,110.0,3899.0,30.0,4.0,0.0,11.0
2020-06-08,4040.0,110.0,3901.0,29.0,1.0,0.0,2.0
2020-06-09,4046.0,110.0,3902.0,34.0,6.0,0.0,1.0
2020-06-10,4049.0,110.0,3904.0,35.0,3.0,0.0,2.0
2020-06-11,4052.0,110.0,3910.0,32.0,3.0,0.0,6.0
2020-06-12,4055.0,110.0,3918.0,27.0,3.0,0.0,8.0
2020-06-13,4063.0,110.0,3922.0,31.0,8.0,0.0,4.0
2020-06-14,4070.0,110.0,3929.0,31.0,7.0,0.0,7.0
2020-06-15,4072.0,110.0,3931.0,31.0,2.0,0.0,2.0
2020-06-16,4075.0,110.0,3933.0,32.0,3.0,0.0,2.0
2020-06-17,4085.0,110.0,3935.0,40.0,10.0,0.0,2.0
2020-06-18,4091.0,110.0,3940.0,41.0,6.0,0.0,5.0
2020-06-19,4099.0,110.0,3944.0,45.0,8.0,0.0,4.0
2020-06-20,4105.0,110.0,3951.0,44.0,6.0,0.0,7.0
2020-06-21,4120.0,110.0,3956.0,54.0,15.0,0.0,5.0
2020-06-22,4121.0,110.0,3959.0,52.0,1.0,0.0,3.0
2020-06-23,4133.0,110.0,3959.0,64.0,12.0,0.0,0.0
2020-06-24,4140.0,110.0,3965.0,65.0,7.0,0.0,6.0
2020-06-25,4151.0,110.0,3968.0,73.0,11.0,0.0,3.0
2020-06-26,4173.0,110.0,3968.0,95.0,22.0,0.0,0.0
2020-06-27,4217.0,110.0,3978.0,129.0,44.0,0.0,10.0
2020-06-28,4242.0,110.0,3978.0,154.0,25.0,0.0,0.0
2020-06-29,4256.0,110.0,3997.0,149.0,14.0,0.0,19.0
2020-06-30,4299.0,110.0,3998.0,191.0,43.0,0.0,1.0
2020-07-01,4345.0,110.0,4003.0,232.0,46.0,0.0,5.0
2020-07-02,4395.0,110.0,4012.0,273.0,50.0,0.0,9.0
2020-07-03,4447.0,110.0,4016.0,321.0,52.0,0.0,4.0
2020-07-04,4476.0,110.0,4016.0,350.0,29.0,0.0,0.0
2020-07-05,4522.0,110.0,4016.0,396.0,46.0,0.0,0.0
2020-07-06,4542.0,110.0,4016.0,416.0,20.0,0.0,0.0
2020-07-07,4603.0,110.0,4056.0,437.0,61.0,0.0,40.0
2020-07-08,4650.0,110.0,4056.0,484.0,47.0,0.0,0.0
2020-07-09,4719.0,110.0,4056.0,553.0,69.0,0.0,0.0
2020-07-10,4777.0,110.0,4086.0,581.0,58.0,0.0,30.0
2020-07-11,4842.0,110.0,4086.0,646.0,65.0,0.0,0.0
2020-07-12,4925.0,111.0,4086.0,728.0,83.0,1.0,0.0
2020-07-13,4956.0,111.0,4183.0,662.0,31.0,0.0,97.0
2020-07-14,5056.0,111.0,4195.0,750.0,100.0,0.0,12.0
2020-07-15,5122.0,111.0,4247.0,764.0,66.0,0.0,52.0
2020-07-16,5285.0,111.0,4275.0,899.0,163.0,0.0,28.0
2020-07-17,5409.0,111.0,4333.0,965.0,124.0,0.0,58.0
2020-07-18,5483.0,111.0,4333.0,1039.0,74.0,0.0,0.0
2020-07-19,5605.0,111.0,4333.0,1161.0,122.0,0.0,0.0
2020-07-20,5639.0,111.0,4464.0,1064.0,34.0,0.0,131.0
2020-07-21,5725.0,111.0,4479.0,1135.0,86.0,0.0,15.0
2020-07-22,5854.0,111.0,4530.0,1213.0,129.0,0.0,51.0
2020-07-23,5952.0,112.0,4591.0,1249.0,98.0,1.0,61.0
2020-07-24,6056.0,112.0,4647.0,1297.0,104.0,0.0,56.0
2020-07-25,6189.0,112.0,4647.0,1430.0,133.0,0.0,0.0
2020-07-26,6272.0,112.0,4647.0,1513.0,83.0,0.0,0.0
2020-07-27,6321.0,112.0,4825.0,1384.0,49.0,0.0,178.0
2020-07-28,6375.0,113.0,4855.0,1407.0,54.0,1.0,30.0
2020-07-29,6533.0,114.0,4959.0,1460.0,158.0,1.0,104.0
2020-07-30,6616.0,114.0,5027.0,1475.0,83.0,0.0,68.0
2020-07-31,6695.0,114.0,5192.0,1389.0,79.0,0.0,165.0
2020-08-01,6793.0,116.0,5192.0,1485.0,98.0,2.0,0.0
2020-08-02,6855.0,117.0,5192.0,1546.0,62.0,1.0,0.0
2020-08-03,6864.0,118.0,5498.0,1248.0,9.0,1.0,306.0
2020-08-04,6917.0,118.0,5537.0,1262.0,53.0,0.0,39.0
2020-08-05,7007.0,118.0,5623.0,1266.0,90.0,0.0,86.0
2020-08-06,7073.0,119.0,5750.0,1204.0,66.0,1.0,127.0
2020-08-07,7113.0,119.0,5848.0,1146.0,40.0,0.0,98.0
2020-08-08,7169.0,120.0,5848.0,1201.0,56.0,1.0,0.0
2020-08-09,7205.0,120.0,5848.0,1237.0,36.0,0.0,0.0
2020-08-10,7216.0,121.0,6170.0,925.0,11.0,1.0,322.0
2020-08-11,7242.0,122.0,6222.0,898.0,26.0,1.0,52.0
2020-08-12,7300.0,122.0,6262.0,916.0,58.0,0.0,40.0
2020-08-13,7368.0,122.0,6414.0,832.0,68.0,0.0,152.0
2020-08-14,7405.0,122.0,6500.0,783.0,37.0,0.0,86.0
2020-08-15,7439.0,123.0,6500.0,816.0,34.0,1.0,0.0
2020-08-16,7458.0,123.0,6500.0,835.0,19.0,0.0,0.0
2020-08-17,7469.0,124.0,6739.0,606.0,11.0,1.0,239.0
2020-08-18,7499.0,124.0,6753.0,622.0,30.0,0.0,14.0
2020-08-19,7566.0,124.0,6813.0,629.0,67.0,0.0,60.0
2020-08-20,7637.0,124.0,6903.0,610.0,71.0,0.0,90.0
2020-08-21,7704.0,124.0,6969.0,611.0,67.0,0.0,66.0
2020-08-22,7762.0,124.0,6969.0,669.0,58.0,0.0,0.0
2020-08-23,7775.0,124.0,6969.0,682.0,13.0,0.0,0.0
2020-08-24,7794.0,124.0,7106.0,564.0,19.0,0.0,137.0
2020-08-25,7838.0,124.0,7114.0,600.0,44.0,0.0,8.0
2020-08-26,7928.0,124.0,7140.0,664.0,90.0,0.0,26.0
2020-08-27,7928.0,124.0,7140.0,664.0,0.0,0.0,0.0
2020-08-28,6580.0,124.0,7140.0,-684.0,-1348.0,0.0,0.0
2020-08-29,6625.0,124.0,7140.0,-639.0,45.0,0.0,0.0
2020-08-30,6625.0,124.0,7140.0,-639.0,0.0,0.0,0.0
2020-08-31,6625.0,124.0,7140.0,-639.0,0.0,0.0,0.0
2020-09-01,6625.0,124.0,7140.0,-639.0,0.0,0.0,0.0
2020-09-02,6745.0,124.0,6015.0,606.0,120.0,0.0,-1125.0
2020-09-03,6811.0,124.0,6074.0,613.0,66.0,0.0,59.0
2020-09-04,6854.0,124.0,6126.0,604.0,43.0,0.0,52.0
2020-09-05,6896.0,124.0,6126.0,646.0,42.0,0.0,0.0
2020-09-06,6950.0,124.0,6126.0,700.0,54.0,0.0,0.0
2020-09-07,6960.0,124.0,6126.0,710.0,10.0,0.0,0.0
2020-09-08,6974.0,124.0,6266.0,584.0,14.0,0.0,140.0
2020-09-09,7023.0,124.0,6292.0,607.0,49.0,0.0,26.0
2020-09-10,7088.0,124.0,6367.0,597.0,65.0,0.0,75.0
2020-09-11,7088.0,124.0,6367.0,597.0,0.0,0.0,0.0
2020-09-12,7159.0,124.0,6421.0,614.0,71.0,0.0,54.0
2020-09-13,7159.0,124.0,6421.0,614.0,0.0,0.0,0.0
2020-09-14,7244.0,124.0,6555.0,565.0,85.0,0.0,134.0
2020-09-15,7284.0,124.0,6561.0,599.0,40.0,0.0,6.0
2020-09-16,7394.0,124.0,6593.0,677.0,110.0,0.0,32.0
2020-09-17,7541.0,124.0,6641.0,776.0,147.0,0.0,48.0
2020-09-18,7718.0,124.0,6703.0,891.0,177.0,0.0,62.0
2020-09-19,7718.0,124.0,6703.0,891.0,0.0,0.0,0.0
2020-09-20,7718.0,124.0,6703.0,891.0,0.0,0.0,0.0
2020-09-21,7916.0,124.0,6839.0,953.0,198.0,0.0,136.0
2020-09-22,8016.0,124.0,6848.0,1044.0,100.0,0.0,9.0
2020-09-23,8090.0,124.0,6862.0,1104.0,74.0,0.0,14.0
2020-09-24,8158.0,124.0,6910.0,1124.0,68.0,0.0,48.0
2020-09-25,8233.0,124.0,6976.0,1133.0,75.0,0.0,66.0
2020-09-26,8233.0,124.0,6976.0,1133.0,0.0,0.0,0.0
2020-09-27,8233.0,124.0,6976.0,1133.0,0.0,0.0,0.0
2020-09-28,8376.0,124.0,7128.0,1124.0,143.0,0.0,152.0
2020-09-29,8431.0,124.0,7136.0,1171.0,55.0,0.0,8.0
2020-09-30,8509.0,124.0,7174.0,1211.0,78.0,0.0,38.0
2020-10-01,8595.0,125.0,7280.0,1190.0,86.0,1.0,106.0
2020-10-02,8709.0,125.0,7428.0,1156.0,114.0,0.0,148.0
2020-10-03,8709.0,125.0,7428.0,1156.0,0.0,0.0,0.0
2020-10-04,8709.0,125.0,7428.0,1156.0,0.0,0.0,0.0
2020-10-05,8925.0,127.0,7793.0,1005.0,216.0,2.0,365.0
2020-10-06,8979.0,128.0,7793.0,1058.0,54.0,1.0,0.0
2020-10-07,9119.0,128.0,7900.0,1091.0,140.0,0.0,107.0
2020-10-08,9119.0,128.0,7900.0,1091.0,0.0,0.0,0.0
2020-10-09,9119.0,128.0,7900.0,1091.0,0.0,0.0,0.0
2020-10-10,9119.0,128.0,7900.0,1091.0,0.0,0.0,0.0
