date,confirmed,deaths,recovered,active,new_confirmed,new_deaths,new_recovered
2020-04-02,3.0,0.0,0.0,3.0,,,
2020-04-03,3.0,0.0,0.0,3.0,0.0,0.0,0.0
2020-04-04,4.0,0.0,0.0,4.0,1.0,0.0,0.0
2020-04-05,4.0,0.0,0.0,4.0,0.0,0.0,0.0
2020-04-06,5.0,0.0,0.0,5.0,1.0,0.0,0.0
2020-04-07,8.0,1.0,0.0,7.0,3.0,1.0,0.0
2020-04-08,8.0,1.0,0.0,7.0,0.0,0.0,0.0
2020-04-09,8.0,1.0,0.0,7.0,0.0,0.0,0.0
2020-04-10,9.0,1.0,0.0,8.0,1.0,0.0,0.0
2020-04-11,12.0,2.0,0.0,10.0,3.0,1.0,0.0
2020-04-12,13.0,2.0,0.0,11.0,1.0,0.0,0.0
2020-04-13,16.0,2.0,0.0,14.0,3.0,0.0,0.0
2020-04-14,16.0,2.0,0.0,14.0,0.0,0.0,0.0
2020-04-15,16.0,2.0,0.0,14.0,0.0,0.0,0.0
2020-04-16,16.0,2.0,0.0,14.0,0.0,0.0,0.0
2020-04-17,17.0,2.0,3.0,12.0,1.0,0.0,3.0
2020-04-18,17.0,2.0,3.0,12.0,0.0,0.0,0.0
2020-04-19,17.0,2.0,3.0,12.0,0.0,0.0,0.0
2020-04-20,17.0,2.0,3.0,12.0,0.0,0.0,0.0
2020-04-21,18.0,2.0,3.0,13.0,1.0,0.0,0.0
2020-04-22,23.0,3.0,3.0,17.0,5.0,1.0,0.0
2020-04-23,33.0,3.0,3.0,27.0,10.0,0.0,0.0
2020-04-24,33.0,3.0,4.0,26.0,0.0,0.0,1.0
2020-04-25,33.0,3.0,4.0,26.0,0.0,0.0,0.0
2020-04-26,34.0,3.0,4.0,27.0,1.0,0.0,0.0
2020-04-27,36.0,3.0,4.0,29.0,2.0,0.0,0.0
2020-04-28,36.0,3.0,5.0,28.0,0.0,0.0,1.0
2020-04-29,36.0,3.0,7.0,26.0,0.0,0.0,2.0
2020-04-30,37.0,3.0,7.0,27.0,1.0,0.0,0.0
2020-05-01,37.0,3.0,9.0,25.0,0.0,0.0,2.0
2020-05-02,38.0,3.0,9.0,26.0,1.0,0.0,0.0
2020-05-03,39.0,3.0,9.0,27.0,1.0,0.0,0.0
2020-05-04,41.0,3.0,9.0,29.0,2.0,0.0,0.0
2020-05-05,41.0,3.0,9.0,29.0,0.0,0.0,0.0
2020-05-06,43.0,3.0,9.0,31.0,2.0,0.0,0.0
2020-05-07,43.0,3.0,14.0,26.0,0.0,0.0,5.0
2020-05-08,43.0,3.0,14.0,26.0,0.0,0.0,0.0
2020-05-09,56.0,3.0,14.0,39.0,13.0,0.0,0.0
2020-05-10,56.0,3.0,14.0,39.0,0.0,0.0,0.0
2020-05-11,57.0,3.0,24.0,30.0,1.0,0.0,10.0
2020-05-12,57.0,3.0,24.0,30.0,0.0,0.0,0.0
2020-05-13,63.0,3.0,24.0,36.0,6.0,0.0,0.0
2020-05-14,63.0,3.0,24.0,36.0,0.0,0.0,0.0
2020-05-15,63.0,3.0,24.0,36.0,0.0,0.0,0.0
2020-05-16,65.0,3.0,24.0,38.0,2.0,0.0,0.0
2020-05-17,70.0,3.0,27.0,40.0,5.0,0.0,3.0
2020-05-18,70.0,3.0,27.0,40.0,0.0,0.0,0.0
2020-05-19,70.0,3.0,27.0,40.0,0.0,0.0,0.0
2020-05-20,71.0,3.0,27.0,41.0,1.0,0.0,0.0
2020-05-21,72.0,3.0,27.0,42.0,1.0,0.0,0.0
2020-05-22,82.0,3.0,28.0,51.0,10.0,0.0,1.0
2020-05-23,82.0,3.0,28.0,51.0,0.0,0.0,0.0
2020-05-24,83.0,4.0,33.0,46.0,1.0,1.0,5.0
2020-05-25,101.0,4.0,33.0,64.0,18.0,0.0,0.0
2020-05-26,101.0,4.0,37.0,60.0,0.0,0.0,4.0
2020-05-27,101.0,4.0,37.0,60.0,0.0,0.0,0.0
2020-05-28,203.0,4.0,37.0,162.0,102.0,0.0,0.0
2020-05-29,273.0,4.0,42.0,227.0,70.0,0.0,5.0
2020-05-30,279.0,4.0,42.0,233.0,6.0,0.0,0.0
2020-05-31,284.0,4.0,42.0,238.0,5.0,0.0,0.0
2020-06-01,336.0,4.0,42.0,290.0,52.0,0.0,0.0
2020-06-02,358.0,4.0,42.0,312.0,22.0,0.0,0.0
2020-06-03,369.0,4.0,51.0,314.0,11.0,0.0,9.0
2020-06-04,393.0,4.0,51.0,338.0,24.0,0.0,0.0
2020-06-05,409.0,4.0,55.0,350.0,16.0,0.0,4.0
2020-06-06,409.0,4.0,55.0,350.0,0.0,0.0,0.0
2020-06-07,438.0,4.0,55.0,379.0,29.0,0.0,0.0
2020-06-08,443.0,4.0,55.0,384.0,5.0,0.0,0.0
2020-06-09,455.0,4.0,55.0,396.0,12.0,0.0,0.0
2020-06-10,455.0,4.0,55.0,396.0,0.0,0.0,0.0
2020-06-11,481.0,4.0,55.0,422.0,26.0,0.0,0.0
2020-06-12,481.0,4.0,65.0,412.0,0.0,0.0,10.0
2020-06-13,529.0,5.0,66.0,458.0,48.0,1.0,1.0
2020-06-14,547.0,6.0,69.0,472.0,18.0,1.0,3.0
2020-06-15,555.0,6.0,69.0,480.0,8.0,0.0,0.0
2020-06-16,564.0,6.0,73.0,485.0,9.0,0.0,4.0
2020-06-17,572.0,6.0,73.0,493.0,8.0,0.0,0.0
2020-06-18,592.0,8.0,74.0,510.0,20.0,2.0,1.0
2020-06-19,620.0,8.0,91.0,521.0,28.0,0.0,17.0
2020-06-20,620.0,8.0,91.0,521.0,0.0,0.0,0.0
2020-06-21,730.0,11.0,258.0,461.0,110.0,3.0,167.0
2020-06-22,749.0,11.0,258.0,480.0,19.0,0.0,0.0
2020-06-23,803.0,11.0,258.0,534.0,54.0,0.0,0.0
2020-06-24,941.0,11.0,259.0,671.0,138.0,0.0,1.0
2020-06-25,960.0,12.0,260.0,688.0,19.0,1.0,1.0
2020-06-26,1005.0,13.0,260.0,732.0,45.0,1.0,0.0
2020-06-27,1038.0,13.0,260.0,765.0,33.0,0.0,0.0
2020-06-28,1146.0,13.0,260.0,873.0,108.0,0.0,0.0
2020-06-29,1152.0,13.0,260.0,879.0,6.0,0.0,0.0
2020-06-30,1224.0,14.0,260.0,950.0,72.0,1.0,0.0
2020-07-01,1265.0,16.0,260.0,989.0,41.0,2.0,0.0
2020-07-02,1342.0,16.0,271.0,1055.0,77.0,0.0,11.0
2020-07-03,1498.0,16.0,317.0,1165.0,156.0,0.0,46.0
2020-07-04,1613.0,17.0,317.0,1279.0,115.0,1.0,0.0
2020-07-05,1613.0,17.0,317.0,1279.0,0.0,0.0,0.0
2020-07-06,1742.0,19.0,317.0,1406.0,129.0,2.0,0.0
2020-07-07,1818.0,19.0,317.0,1482.0,76.0,0.0,0.0
2020-07-08,1864.0,24.0,345.0,1495.0,46.0,5.0,28.0
2020-07-09,1942.0,25.0,369.0,1548.0,78.0,1.0,24.0
2020-07-10,2069.0,31.0,379.0,1659.0,127.0,6.0,10.0
2020-07-11,2261.0,33.0,517.0,1711.0,192.0,2.0,138.0
2020-07-12,2364.0,38.0,557.0,1769.0,103.0,5.0,40.0
2020-07-13,2430.0,39.0,747.0,1644.0,66.0,1.0,190.0
2020-07-14,2497.0,40.0,795.0,1662.0,67.0,1.0,48.0
2020-07-15,2614.0,43.0,1005.0,1566.0,117.0,3.0,210.0
2020-07-16,2712.0,51.0,1073.0,1588.0,98.0,8.0,68.0
2020-07-17,2805.0,55.0,1107.0,1643.0,93.0,4.0,34.0
2020-07-18,2810.0,55.0,1111.0,1644.0,5.0,0.0,4.0
2020-07-19,2907.0,59.0,1135.0,1713.0,97.0,4.0,24.0
2020-07-20,2992.0,62.0,1153.0,1777.0,85.0,3.0,18.0
2020-07-21,3045.0,64.0,1180.0,1801.0,53.0,2.0,27.0
2020-07-22,3302.0,76.0,1282.0,1944.0,257.0,12.0,102.0
2020-07-23,3302.0,76.0,1282.0,1944.0,0.0,0.0,0.0
2020-07-24,3453.0,87.0,1373.0,1993.0,151.0,11.0,91.0
2020-07-25,3453.0,87.0,1373.0,1993.0,0.0,0.0,0.0
2020-07-26,3640.0,99.0,1639.0,1902.0,187.0,12.0,266.0
2020-07-27,3664.0,99.0,1645.0,1920.0,24.0,0.0,6.0
2020-07-28,3709.0,103.0,1667.0,1939.0,45.0,4.0,22.0
2020-07-29,3738.0,103.0,1728.0,1907.0,29.0,0.0,61.0
2020-07-30,3858.0,107.0,1760.0,1991.0,120.0,4.0,32.0
2020-07-31,4078.0,114.0,1875.0,2089.0,220.0,7.0,115.0
2020-08-01,4186.0,120.0,1914.0,2152.0,108.0,6.0,39.0
2020-08-02,4231.0,123.0,1919.0,2189.0,45.0,3.0,5.0
2020-08-03,4272.0,123.0,1945.0,2204.0,41.0,0.0,26.0
2020-08-04,4361.0,128.0,2047.0,2186.0,89.0,5.0,102.0
2020-08-05,4426.0,136.0,2078.0,2212.0,65.0,8.0,31.0
2020-08-06,4491.0,137.0,2137.0,2217.0,65.0,1.0,59.0
2020-08-07,4575.0,137.0,2184.0,2254.0,84.0,0.0,47.0
2020-08-08,4624.0,143.0,2329.0,2152.0,49.0,6.0,145.0
2020-08-09,4658.0,146.0,2375.0,2137.0,34.0,3.0,46.0
2020-08-10,4674.0,146.0,2430.0,2098.0,16.0,0.0,55.0
2020-08-11,4714.0,152.0,2477.0,2085.0,40.0,6.0,47.0
2020-08-12,4752.0,152.0,2529.0,2071.0,38.0,0.0,52.0
2020-08-13,4912.0,153.0,2550.0,2209.0,160.0,1.0,21.0
2020-08-14,4988.0,156.0,2576.0,2256.0,76.0,3.0,26.0
2020-08-15,5026.0,157.0,2623.0,2246.0,38.0,1.0,47.0
2020-08-16,5072.0,161.0,2626.0,2285.0,46.0,4.0,3.0
2020-08-17,5125.0,162.0,2690.0,2273.0,53.0,1.0,64.0
2020-08-18,5193.0,163.0,2716.0,2314.0,68.0,1.0,26.0
2020-08-19,5240.0,164.0,2857.0,2219.0,47.0,1.0,141.0
2020-08-20,5282.0,165.0,2883.0,2234.0,42.0,1.0,26.0
2020-08-21,5322.0,166.0,2929.0,2227.0,40.0,1.0,46.0
2020-08-22,5382.0,168.0,2998.0,2216.0,60.0,2.0,69.0
2020-08-23,5414.0,168.0,3012.0,2234.0,32.0,0.0,14.0
2020-08-24,5419.0,169.0,3059.0,2191.0,5.0,1.0,47.0
2020-08-25,5423.0,170.0,3066.0,2187.0,4.0,1.0,7.0
2020-08-26,5474.0,173.0,3085.0,2216.0,51.0,3.0,19.0
2020-08-27,5496.0,173.0,3121.0,2202.0,22.0,0.0,36.0
2020-08-28,5523.0,174.0,3143.0,2206.0,27.0,1.0,22.0
2020-08-29,5528.0,174.0,3143.0,2211.0,5.0,0.0,0.0
2020-08-30,5536.0,174.0,3147.0,2215.0,8.0,0.0,4.0
2020-08-31,5566.0,175.0,3160.0,2231.0,30.0,1.0,13.0
2020-09-01,5576.0,175.0,3420.0,1981.0,10.0,0.0,260.0
2020-09-02,5579.0,175.0,3500.0,1904.0,3.0,0.0,80.0
2020-09-03,5593.0,175.0,3516.0,1902.0,14.0,0.0,16.0
2020-09-04,5608.0,175.0,3533.0,1900.0,15.0,0.0,17.0
2020-09-05,5611.0,175.0,3551.0,1885.0,3.0,0.0,18.0
2020-09-06,5614.0,175.0,3551.0,1888.0,3.0,0.0,0.0
2020-09-07,5621.0,176.0,3590.0,1855.0,7.0,1.0,39.0
2020-09-08,5630.0,176.0,3630.0,1824.0,9.0,0.0,40.0
2020-09-09,5653.0,176.0,3630.0,1847.0,23.0,0.0,0.0
2020-09-10,5655.0,176.0,3683.0,1796.0,2.0,0.0,53.0
2020-09-11,5669.0,177.0,3720.0,1772.0,14.0,1.0,37.0
2020-09-12,5678.0,177.0,3724.0,1777.0,9.0,0.0,4.0
2020-09-13,5690.0,177.0,3731.0,1782.0,12.0,0.0,7.0
2020-09-14,5697.0,178.0,3742.0,1777.0,7.0,1.0,11.0
2020-09-15,5701.0,178.0,3762.0,1761.0,4.0,0.0,20.0
2020-09-16,5704.0,178.0,3764.0,1762.0,3.0,0.0,2.0
2020-09-17,5711.0,179.0,4000.0,1532.0,7.0,1.0,236.0
2020-09-18,5716.0,179.0,4026.0,1511.0,5.0,0.0,26.0
2020-09-19,5718.0,179.0,4030.0,1509.0,2.0,0.0,4.0
2020-09-20,5731.0,179.0,4040.0,1512.0,13.0,0.0,10.0
2020-09-21,5733.0,179.0,4053.0,1501.0,2.0,0.0,13.0
2020-09-22,5739.0,179.0,4065.0,1495.0,6.0,0.0,12.0
2020-09-23,5746.0,179.0,4140.0,1427.0,7.0,0.0,75.0
2020-09-24,5747.0,179.0,4163.0,1405.0,1.0,0.0,23.0
2020-09-25,5764.0,179.0,4178.0,1407.0,17.0,0.0,15.0
2020-09-26,5766.0,179.0,4185.0,1402.0,2.0,0.0,7.0
2020-09-27,5768.0,179.0,4206.0,1383.0,2.0,0.0,21.0
2020-09-28,5770.0,179.0,4243.0,1348.0,2.0,0.0,37.0
2020-09-29,5772.0,179.0,4245.0,1348.0,2.0,0.0,2.0
2020-09-30,5773.0,179.0,4263.0,1331.0,1.0,0.0,18.0
2020-10-01,5779.0,179.0,4514.0,1086.0,6.0,0.0,251.0
2020-10-02,5783.0,179.0,4535.0,1069.0,4.0,0.0,21.0
