date,confirmed,deaths,recovered,active,new_confirmed,new_deaths,new_recovered
2020-01-23,0.0,0.0,0.0,0.0,,,
2020-01-25,3.0,0.0,0.0,0.0,3.0,0.0,0.0
2020-01-26,4.0,0.0,0.0,0.0,1.0,0.0,0.0
2020-01-27,4.0,0.0,0.0,0.0,0.0,0.0,0.0
2020-01-28,4.0,0.0,0.0,0.0,0.0,0.0,0.0
2020-01-29,7.0,0.0,0.0,0.0,3.0,0.0,0.0
2020-01-30,8.0,0.0,0.0,0.0,1.0,0.0,0.0
2020-01-31,8.0,0.0,0.0,0.0,0.0,0.0,0.0
2020-02-01,8.0,0.0,0.0,8.0,0.0,0.0,0.0
2020-02-02,8.0,0.0,0.0,8.0,0.0,0.0,0.0
2020-02-03,8.0,0.0,0.0,8.0,0.0,0.0,0.0
2020-02-04,10.0,0.0,0.0,10.0,2.0,0.0,0.0
2020-02-05,12.0,0.0,0.0,12.0,2.0,0.0,0.0
2020-02-06,12.0,0.0,0.0,12.0,0.0,0.0,0.0
2020-02-07,12.0,0.0,1.0,11.0,0.0,0.0,1.0
2020-02-08,16.0,0.0,1.0,15.0,4.0,0.0,0.0
2020-02-09,16.0,0.0,1.0,15.0,0.0,0.0,0.0
2020-02-10,18.0,0.0,1.0,17.0,2.0,0.0,0.0
2020-02-11,18.0,0.0,3.0,15.0,0.0,0.0,2.0
2020-02-12,18.0,0.0,3.0,15.0,0.0,0.0,0.0
2020-02-13,19.0,0.0,3.0,16.0,1.0,0.0,0.0
2020-02-14,19.0,0.0,3.0,16.0,0.0,0.0,0.0
2020-02-15,22.0,0.0,7.0,15.0,3.0,0.0,4.0
2020-02-16,22.0,0.0,7.0,15.0,0.0,0.0,0.0
2020-02-17,22.0,0.0,7.0,15.0,0.0,0.0,0.0
2020-02-18,22.0,0.0,13.0,9.0,0.0,0.0,6.0
2020-02-19,22.0,0.0,15.0,7.0,0.0,0.0,2.0
2020-02-20,22.0,0.0,15.0,7.0,0.0,0.0,0.0
2020-02-21,22.0,0.0,15.0,7.0,0.0,0.0,0.0
2020-02-22,22.0,0.0,15.0,7.0,0.0,0.0,0.0
2020-02-23,22.0,0.0,15.0,7.0,0.0,0.0,0.0
2020-02-24,22.0,0.0,18.0,4.0,0.0,0.0,3.0
2020-02-25,22.0,0.0,18.0,4.0,0.0,0.0,0.0
2020-02-26,22.0,0.0,18.0,4.0,0.0,0.0,0.0
2020-02-27,23.0,0.0,18.0,5.0,1.0,0.0,0.0
2020-02-28,23.0,0.0,18.0,5.0,0.0,0.0,0.0
2020-02-29,25.0,0.0,18.0,7.0,2.0,0.0,0.0
2020-03-01,29.0,0.0,18.0,11.0,4.0,0.0,0.0
2020-03-02,29.0,0.0,18.0,11.0,0.0,0.0,0.0
2020-03-03,36.0,0.0,22.0,14.0,7.0,0.0,4.0
2020-03-04,50.0,0.0,22.0,28.0,14.0,0.0,0.0
2020-03-05,50.0,0.0,22.0,28.0,0.0,0.0,0.0
2020-03-06,83.0,0.0,22.0,61.0,33.0,0.0,0.0
2020-03-07,93.0,0.0,23.0,70.0,10.0,0.0,1.0
2020-03-08,99.0,0.0,24.0,75.0,6.0,0.0,1.0
2020-03-09,117.0,0.0,24.0,93.0,18.0,0.0,0.0
2020-03-10,129.0,0.0,24.0,105.0,12.0,0.0,0.0
2020-03-11,149.0,0.0,26.0,123.0,20.0,0.0,2.0
2020-03-12,149.0,0.0,26.0,123.0,0.0,0.0,0.0
2020-03-13,197.0,0.0,26.0,171.0,48.0,0.0,0.0
2020-03-14,238.0,0.0,35.0,203.0,41.0,0.0,9.0
2020-03-15,428.0,0.0,42.0,386.0,190.0,0.0,7.0
2020-03-16,566.0,0.0,42.0,524.0,138.0,0.0,0.0
2020-03-17,673.0,2.0,49.0,622.0,107.0,2.0,7.0
2020-03-18,790.0,2.0,60.0,728.0,117.0,0.0,11.0
2020-03-19,900.0,2.0,75.0,823.0,110.0,0.0,15.0
2020-03-20,1030.0,3.0,87.0,940.0,130.0,1.0,12.0
2020-03-21,1183.0,4.0,114.0,1065.0,153.0,1.0,27.0
2020-03-22,1306.0,10.0,139.0,1157.0,123.0,6.0,25.0
2020-03-23,1518.0,14.0,159.0,1345.0,212.0,4.0,20.0
2020-03-24,1624.0,16.0,183.0,1425.0,106.0,2.0,24.0
2020-03-25,1796.0,20.0,199.0,1577.0,172.0,4.0,16.0
2020-03-26,2031.0,23.0,215.0,1793.0,235.0,3.0,16.0
2020-03-27,2161.0,26.0,259.0,1876.0,130.0,3.0,44.0
2020-03-28,2320.0,27.0,320.0,1973.0,159.0,1.0,61.0
2020-03-29,2470.0,35.0,388.0,2047.0,150.0,8.0,68.0
2020-03-30,2626.0,37.0,479.0,2110.0,156.0,2.0,91.0
2020-03-31,2766.0,43.0,537.0,2186.0,140.0,6.0,58.0
2020-04-01,2908.0,45.0,645.0,2218.0,142.0,2.0,108.0
2020-04-02,3116.0,50.0,767.0,2299.0,208.0,5.0,122.0
2020-04-03,3333.0,53.0,827.0,2453.0,217.0,3.0,60.0
2020-04-04,3483.0,57.0,915.0,2511.0,150.0,4.0,88.0
2020-04-05,3662.0,61.0,1005.0,2596.0,179.0,4.0,90.0
2020-04-06,3793.0,62.0,1241.0,2490.0,131.0,1.0,236.0
2020-04-07,3963.0,63.0,1321.0,2579.0,170.0,1.0,80.0
2020-04-08,4119.0,65.0,1487.0,2567.0,156.0,2.0,166.0
2020-04-09,4228.0,67.0,1608.0,2553.0,109.0,2.0,121.0
2020-04-10,4346.0,70.0,1830.0,2446.0,118.0,3.0,222.0
2020-04-11,4530.0,73.0,1995.0,2462.0,184.0,3.0,165.0
2020-04-12,4683.0,76.0,2108.0,2499.0,153.0,3.0,113.0
2020-04-13,4817.0,77.0,2276.0,2464.0,134.0,1.0,168.0
2020-04-14,4987.0,82.0,2478.0,2427.0,170.0,5.0,202.0
2020-04-15,5072.0,83.0,2647.0,2342.0,85.0,1.0,169.0
2020-04-16,5182.0,84.0,2766.0,2332.0,110.0,1.0,119.0
2020-04-17,5251.0,86.0,2967.0,2198.0,69.0,2.0,201.0
2020-04-18,5305.0,88.0,3102.0,2115.0,54.0,2.0,135.0
2020-04-19,5389.0,89.0,3197.0,2103.0,84.0,1.0,95.0
2020-04-20,5425.0,89.0,3295.0,2041.0,36.0,0.0,98.0
2020-04-21,5482.0,92.0,3349.0,2041.0,57.0,3.0,54.0
2020-04-22,5532.0,93.0,3452.0,1987.0,50.0,1.0,103.0
2020-04-23,5603.0,95.0,3542.0,1966.0,71.0,2.0,90.0
2020-04-24,5691.0,96.0,3663.0,1932.0,88.0,1.0,121.0
2020-04-25,5742.0,98.0,3762.0,1882.0,51.0,2.0,99.0
2020-04-26,5780.0,98.0,3862.0,1820.0,38.0,0.0,100.0
2020-04-27,5820.0,99.0,3957.0,1764.0,40.0,1.0,95.0
2020-04-28,5851.0,100.0,4032.0,1719.0,31.0,1.0,75.0
2020-04-29,5945.0,100.0,4087.0,1758.0,94.0,0.0,55.0
2020-04-30,6002.0,102.0,4171.0,1729.0,57.0,2.0,84.0
2020-05-01,6071.0,103.0,4210.0,1758.0,69.0,1.0,39.0
2020-05-02,6176.0,103.0,4326.0,1747.0,105.0,0.0,116.0
2020-05-03,6298.0,105.0,4413.0,1780.0,122.0,2.0,87.0
2020-05-04,6353.0,105.0,4484.0,1764.0,55.0,0.0,71.0
2020-05-05,6383.0,106.0,4567.0,1710.0,30.0,1.0,83.0
2020-05-06,6428.0,107.0,4702.0,1619.0,45.0,1.0,135.0
2020-05-07,6467.0,107.0,4776.0,1584.0,39.0,0.0,74.0
2020-05-08,6535.0,107.0,4864.0,1564.0,68.0,0.0,88.0
2020-05-09,6589.0,108.0,4929.0,1552.0,54.0,1.0,65.0
2020-05-10,6656.0,108.0,5025.0,1523.0,67.0,0.0,96.0
2020-05-11,6726.0,109.0,5113.0,1504.0,70.0,1.0,88.0
2020-05-12,6742.0,109.0,5223.0,1410.0,16.0,0.0,110.0
2020-05-13,6779.0,111.0,5281.0,1387.0,37.0,2.0,58.0
2020-05-14,6819.0,112.0,5351.0,1356.0,40.0,1.0,70.0
2020-05-15,6855.0,112.0,5439.0,1304.0,36.0,0.0,88.0
2020-05-16,6872.0,113.0,5512.0,1247.0,17.0,1.0,73.0
2020-05-17,6894.0,113.0,5571.0,1210.0,22.0,0.0,59.0
2020-05-18,6941.0,113.0,5615.0,1213.0,47.0,0.0,44.0
2020-05-19,6978.0,114.0,5646.0,1218.0,37.0,1.0,31.0
2020-05-20,7009.0,114.0,5706.0,1189.0,31.0,0.0,60.0
2020-05-21,7059.0,114.0,5796.0,1149.0,50.0,0.0,90.0
2020-05-22,7137.0,115.0,5859.0,1163.0,78.0,1.0,63.0
2020-05-23,7185.0,115.0,5912.0,1158.0,48.0,0.0,53.0
2020-05-24,7245.0,115.0,5945.0,1185.0,60.0,0.0,33.0
2020-05-25,7417.0,115.0,5979.0,1323.0,172.0,0.0,34.0
2020-05-26,7604.0,115.0,6041.0,1448.0,187.0,0.0,62.0
2020-05-27,7619.0,115.0,6083.0,1421.0,15.0,0.0,42.0
2020-05-28,7629.0,115.0,6169.0,1345.0,10.0,0.0,86.0
2020-05-29,7732.0,115.0,6235.0,1382.0,103.0,0.0,66.0
2020-05-30,7762.0,115.0,6330.0,1317.0,30.0,0.0,95.0
2020-05-31,7819.0,115.0,6353.0,1351.0,57.0,0.0,23.0
2020-06-01,7857.0,115.0,6404.0,1338.0,38.0,0.0,51.0
2020-06-02,7877.0,115.0,6470.0,1292.0,20.0,0.0,66.0
2020-06-03,7970.0,115.0,6531.0,1324.0,93.0,0.0,61.0
2020-06-04,8247.0,115.0,6559.0,1573.0,277.0,0.0,28.0
2020-06-05,8266.0,116.0,6610.0,1540.0,19.0,1.0,51.0
2020-06-06,8303.0,117.0,6635.0,1551.0,37.0,1.0,25.0
2020-06-07,8322.0,117.0,6674.0,1531.0,19.0,0.0,39.0
2020-06-08,8329.0,117.0,6694.0,1518.0,7.0,0.0,20.0
2020-06-09,8336.0,117.0,6975.0,1244.0,7.0,0.0,281.0
2020-06-10,8338.0,118.0,7014.0,1206.0,2.0,1.0,39.0
2020-06-11,8369.0,118.0,7065.0,1186.0,31.0,0.0,51.0
2020-06-12,8402.0,119.0,7168.0,1115.0,33.0,1.0,103.0
2020-06-13,8445.0,120.0,7311.0,1014.0,43.0,1.0,143.0
2020-06-14,8453.0,121.0,7346.0,986.0,8.0,1.0,35.0
2020-06-15,8494.0,121.0,7400.0,973.0,41.0,0.0,54.0
2020-06-16,8505.0,121.0,7733.0,651.0,11.0,0.0,333.0
2020-06-17,8515.0,121.0,7873.0,521.0,10.0,0.0,140.0
2020-06-18,8529.0,121.0,8000.0,408.0,14.0,0.0,127.0
2020-06-19,8535.0,121.0,8070.0,344.0,6.0,0.0,70.0
2020-06-20,8556.0,121.0,8146.0,289.0,21.0,0.0,76.0
2020-06-21,8572.0,121.0,8156.0,295.0,16.0,0.0,10.0
2020-06-22,8587.0,121.0,8177.0,289.0,15.0,0.0,21.0
2020-06-23,8590.0,121.0,8186.0,283.0,3.0,0.0,9.0
2020-06-24,8596.0,121.0,8231.0,244.0,6.0,0.0,45.0
2020-06-25,8600.0,121.0,8271.0,208.0,4.0,0.0,40.0
2020-06-26,8606.0,121.0,8294.0,191.0,6.0,0.0,23.0
2020-06-27,8616.0,121.0,8308.0,187.0,10.0,0.0,14.0
2020-06-28,8634.0,121.0,8318.0,195.0,18.0,0.0,10.0
2020-06-29,8637.0,121.0,8334.0,182.0,3.0,0.0,16.0
2020-06-30,8639.0,121.0,8354.0,164.0,2.0,0.0,20.0
2020-07-01,8640.0,121.0,8375.0,144.0,1.0,0.0,21.0
2020-07-02,8643.0,121.0,8437.0,85.0,3.0,0.0,62.0
2020-07-03,8648.0,121.0,8446.0,81.0,5.0,0.0,9.0
2020-07-04,8658.0,121.0,8461.0,76.0,10.0,0.0,15.0
2020-07-05,8663.0,121.0,8465.0,77.0,5.0,0.0,4.0
2020-07-06,8668.0,121.0,8476.0,71.0,5.0,0.0,11.0
2020-07-07,8674.0,121.0,8481.0,72.0,6.0,0.0,5.0
2020-07-08,8677.0,121.0,8486.0,70.0,3.0,0.0,5.0
2020-07-09,8683.0,121.0,8499.0,63.0,6.0,0.0,13.0
2020-07-10,8696.0,121.0,8511.0,64.0,13.0,0.0,12.0
2020-07-11,8704.0,122.0,8515.0,67.0,8.0,1.0,4.0
2020-07-12,8718.0,122.0,8519.0,77.0,14.0,0.0,4.0
2020-07-13,8725.0,122.0,8520.0,83.0,7.0,0.0,1.0
2020-07-14,8729.0,122.0,8524.0,83.0,4.0,0.0,4.0
2020-07-15,8734.0,122.0,8526.0,86.0,5.0,0.0,2.0
2020-07-16,8737.0,122.0,8538.0,77.0,3.0,0.0,12.0
2020-07-17,8755.0,122.0,8541.0,92.0,18.0,0.0,3.0
2020-07-18,8764.0,122.0,8546.0,96.0,9.0,0.0,5.0
2020-07-19,8779.0,123.0,8553.0,103.0,15.0,1.0,7.0
2020-07-20,8800.0,123.0,8555.0,122.0,21.0,0.0,2.0
2020-07-21,8815.0,123.0,8562.0,130.0,15.0,0.0,7.0
2020-07-22,8831.0,123.0,8566.0,142.0,16.0,0.0,4.0
2020-07-23,8840.0,123.0,8574.0,143.0,9.0,0.0,8.0
2020-07-24,8861.0,123.0,8577.0,161.0,21.0,0.0,3.0
2020-07-25,8884.0,123.0,8594.0,167.0,23.0,0.0,17.0
2020-07-26,8897.0,124.0,8600.0,173.0,13.0,1.0,6.0
2020-07-27,8904.0,124.0,8601.0,179.0,7.0,0.0,1.0
2020-07-28,8943.0,124.0,8607.0,212.0,39.0,0.0,6.0
2020-07-29,8956.0,124.0,8612.0,220.0,13.0,0.0,5.0
2020-07-30,8964.0,124.0,8617.0,223.0,8.0,0.0,5.0
2020-07-31,8976.0,125.0,8644.0,207.0,12.0,1.0,27.0
2020-08-01,8985.0,125.0,8647.0,213.0,9.0,0.0,3.0
2020-08-02,8999.0,125.0,8664.0,210.0,14.0,0.0,17.0
2020-08-03,9001.0,125.0,8668.0,208.0,2.0,0.0,4.0
2020-08-04,9002.0,125.0,8684.0,193.0,1.0,0.0,16.0
2020-08-05,9023.0,125.0,8702.0,196.0,21.0,0.0,18.0
2020-08-06,9038.0,125.0,8713.0,200.0,15.0,0.0,11.0
2020-08-07,9063.0,125.0,8728.0,210.0,25.0,0.0,15.0
2020-08-08,9070.0,125.0,8775.0,170.0,7.0,0.0,47.0
2020-08-09,9083.0,125.0,8784.0,174.0,13.0,0.0,9.0
2020-08-10,9094.0,125.0,8803.0,166.0,11.0,0.0,19.0
2020-08-11,9103.0,125.0,8809.0,169.0,9.0,0.0,6.0
2020-08-12,9114.0,125.0,8817.0,172.0,11.0,0.0,8.0
2020-08-13,9129.0,125.0,8821.0,183.0,15.0,0.0,4.0
2020-08-14,9149.0,125.0,8828.0,196.0,20.0,0.0,7.0
2020-08-15,9175.0,125.0,8831.0,219.0,26.0,0.0,3.0
2020-08-16,9200.0,125.0,8859.0,216.0,25.0,0.0,28.0
2020-08-17,9212.0,125.0,8876.0,211.0,12.0,0.0,17.0
2020-08-18,9219.0,125.0,8902.0,192.0,7.0,0.0,26.0
2020-08-19,9235.0,125.0,8925.0,185.0,16.0,0.0,23.0
2020-08-20,9240.0,125.0,8932.0,183.0,5.0,0.0,7.0
2020-08-21,9249.0,125.0,8945.0,179.0,9.0,0.0,13.0
2020-08-22,9257.0,125.0,8949.0,183.0,8.0,0.0,4.0
2020-08-23,9267.0,125.0,8959.0,183.0,10.0,0.0,10.0
2020-08-24,9274.0,125.0,8965.0,184.0,7.0,0.0,6.0
2020-08-25,9285.0,125.0,8971.0,189.0,11.0,0.0,6.0
2020-08-26,9291.0,125.0,8978.0,188.0,6.0,0.0,7.0
2020-08-27,9296.0,125.0,8994.0,177.0,5.0,0.0,16.0
2020-08-28,9306.0,125.0,9030.0,151.0,10.0,0.0,36.0
2020-08-29,9317.0,125.0,9038.0,154.0,11.0,0.0,8.0
2020-08-30,9334.0,126.0,9048.0,160.0,17.0,1.0,10.0
2020-08-31,9340.0,127.0,9054.0,159.0,6.0,1.0,6.0
2020-09-01,9354.0,128.0,9075.0,151.0,14.0,1.0,21.0
2020-09-02,9360.0,128.0,9079.0,153.0,6.0,0.0,4.0
2020-09-03,9374.0,128.0,9083.0,163.0,14.0,0.0,4.0
2020-09-04,9385.0,128.0,9092.0,165.0,11.0,0.0,9.0
2020-09-05,9391.0,128.0,9113.0,150.0,6.0,0.0,21.0
2020-09-06,9397.0,128.0,9115.0,154.0,6.0,0.0,2.0
2020-09-07,9459.0,128.0,9124.0,207.0,62.0,0.0,9.0
2020-09-08,9559.0,128.0,9136.0,295.0,100.0,0.0,12.0
2020-09-09,9583.0,128.0,9143.0,312.0,24.0,0.0,7.0
2020-09-10,9628.0,128.0,9167.0,333.0,45.0,0.0,24.0
2020-09-11,9810.0,128.0,9181.0,501.0,182.0,0.0,14.0
2020-09-12,9868.0,128.0,9189.0,551.0,58.0,0.0,8.0
2020-09-13,9915.0,128.0,9196.0,591.0,47.0,0.0,7.0
