date,confirmed,deaths,recovered,active,new_confirmed,new_deaths,new_recovered
2020-03-08,4.0,0.0,0.0,4.0,,,
2020-03-09,4.0,0.0,0.0,4.0,0.0,0.0,0.0
2020-03-10,6.0,0.0,0.0,6.0,2.0,0.0,0.0
2020-03-11,8.0,0.0,0.0,8.0,2.0,0.0,0.0
2020-03-12,8.0,0.0,0.0,8.0,0.0,0.0,0.0
2020-03-13,9.0,0.0,0.0,9.0,1.0,0.0,0.0
2020-03-14,10.0,0.0,0.0,10.0,1.0,0.0,0.0
2020-03-15,13.0,0.0,0.0,13.0,3.0,0.0,0.0
2020-03-16,13.0,0.0,0.0,13.0,0.0,0.0,0.0
2020-03-17,13.0,0.0,0.0,13.0,0.0,0.0,0.0
2020-03-18,13.0,0.0,0.0,13.0,0.0,0.0,0.0
2020-03-19,13.0,0.0,0.0,13.0,0.0,0.0,0.0
2020-03-20,13.0,0.0,0.0,13.0,0.0,0.0,0.0
2020-03-21,13.0,0.0,0.0,13.0,0.0,0.0,0.0
2020-03-22,13.0,0.0,3.0,10.0,0.0,0.0,3.0
2020-03-23,13.0,0.0,5.0,8.0,0.0,0.0,2.0
2020-03-24,13.0,0.0,5.0,8.0,0.0,0.0,0.0
2020-03-25,13.0,0.0,8.0,5.0,0.0,0.0,3.0
2020-03-26,13.0,0.0,8.0,5.0,0.0,0.0,0.0
2020-03-27,16.0,0.0,9.0,7.0,3.0,0.0,1.0
2020-03-28,16.0,0.0,9.0,7.0,0.0,0.0,0.0
2020-03-29,17.0,0.0,13.0,4.0,1.0,0.0,4.0
2020-03-30,17.0,0.0,13.0,4.0,0.0,0.0,0.0
2020-03-31,18.0,0.0,13.0,5.0,1.0,0.0,0.0
2020-04-01,19.0,0.0,13.0,6.0,1.0,0.0,0.0
2020-04-02,19.0,0.0,13.0,6.0,0.0,0.0,0.0
2020-04-03,19.0,0.0,13.0,6.0,0.0,0.0,0.0
2020-04-04,19.0,0.0,13.0,6.0,0.0,0.0,0.0
2020-04-05,19.0,0.0,13.0,6.0,0.0,0.0,0.0
2020-04-06,19.0,0.0,13.0,6.0,0.0,0.0,0.0
2020-04-07,19.0,0.0,13.0,6.0,0.0,0.0,0.0
2020-04-08,19.0,0.0,13.0,6.0,0.0,0.0,0.0
2020-04-09,19.0,0.0,13.0,6.0,0.0,0.0,0.0
2020-04-10,19.0,0.0,13.0,6.0,0.0,0.0,0.0
2020-04-11,19.0,0.0,13.0,6.0,0.0,0.0,0.0
2020-04-12,20.0,0.0,14.0,6.0,1.0,0.0,1.0
2020-04-13,20.0,0.0,14.0,6.0,0.0,0.0,0.0
2020-04-14,20.0,0.0,16.0,4.0,0.0,0.0,2.0
2020-04-15,22.0,0.0,16.0,6.0,2.0,0.0,0.0
2020-04-16,25.0,0.0,16.0,9.0,3.0,0.0,0.0
2020-04-17,28.0,0.0,16.0,12.0,3.0,0.0,0.0
2020-04-18,35.0,0.0,16.0,19.0,7.0,0.0,0.0
2020-04-19,52.0,0.0,16.0,36.0,17.0,0.0,0.0
2020-04-20,69.0,0.0,16.0,53.0,17.0,0.0,0.0
2020-04-21,83.0,0.0,16.0,67.0,14.0,0.0,0.0
2020-04-22,86.0,0.0,16.0,70.0,3.0,0.0,0.0
2020-04-23,108.0,0.0,16.0,92.0,22.0,0.0,0.0
2020-04-24,129.0,0.0,16.0,113.0,21.0,0.0,0.0
2020-04-25,177.0,0.0,17.0,160.0,48.0,0.0,1.0
2020-04-26,214.0,0.0,17.0,197.0,37.0,0.0,0.0
2020-04-27,226.0,0.0,17.0,209.0,12.0,0.0,0.0
2020-04-28,250.0,0.0,17.0,233.0,24.0,0.0,0.0
2020-04-29,278.0,1.0,17.0,260.0,28.0,1.0,0.0
2020-04-30,468.0,1.0,17.0,450.0,190.0,0.0,0.0
2020-05-01,491.0,1.0,17.0,473.0,23.0,0.0,0.0
2020-05-02,519.0,1.0,18.0,500.0,28.0,0.0,1.0
2020-05-03,527.0,1.0,18.0,508.0,8.0,0.0,0.0
2020-05-04,541.0,1.0,18.0,522.0,14.0,0.0,0.0
2020-05-05,573.0,2.0,20.0,551.0,32.0,1.0,2.0
2020-05-06,617.0,2.0,20.0,595.0,44.0,0.0,0.0
2020-05-07,648.0,3.0,20.0,625.0,31.0,1.0,0.0
2020-05-08,744.0,3.0,20.0,721.0,96.0,0.0,0.0
2020-05-09,790.0,3.0,29.0,758.0,46.0,0.0,9.0
2020-05-10,835.0,3.0,29.0,803.0,45.0,0.0,0.0
2020-05-11,897.0,3.0,29.0,865.0,62.0,0.0,0.0
2020-05-12,904.0,3.0,29.0,872.0,7.0,0.0,0.0
2020-05-13,955.0,4.0,40.0,911.0,51.0,1.0,11.0
2020-05-14,982.0,4.0,45.0,933.0,27.0,0.0,5.0
2020-05-15,1031.0,4.0,49.0,978.0,49.0,0.0,4.0
2020-05-16,1078.0,4.0,58.0,1016.0,47.0,0.0,9.0
2020-05-17,1094.0,4.0,58.0,1032.0,16.0,0.0,0.0
2020-05-18,1106.0,4.0,58.0,1044.0,12.0,0.0,0.0
2020-05-19,1143.0,4.0,91.0,1048.0,37.0,0.0,33.0
2020-05-20,1186.0,4.0,91.0,1091.0,43.0,0.0,0.0
2020-05-21,1216.0,4.0,91.0,1121.0,30.0,0.0,0.0
2020-05-22,1274.0,4.0,109.0,1161.0,58.0,0.0,18.0
2020-05-23,1313.0,4.0,128.0,1181.0,39.0,0.0,19.0
2020-05-24,1371.0,4.0,144.0,1223.0,58.0,0.0,16.0
2020-05-25,1395.0,4.0,155.0,1236.0,24.0,0.0,11.0
2020-05-26,1438.0,5.0,197.0,1236.0,43.0,1.0,42.0
2020-05-27,1457.0,5.0,197.0,1255.0,19.0,0.0,0.0
2020-05-28,1513.0,5.0,197.0,1311.0,56.0,0.0,0.0
2020-05-29,1591.0,5.0,197.0,1389.0,78.0,0.0,0.0
2020-05-30,1672.0,5.0,406.0,1261.0,81.0,0.0,209.0
2020-05-31,1773.0,5.0,453.0,1315.0,101.0,0.0,47.0
2020-06-01,1829.0,6.0,488.0,1335.0,56.0,1.0,35.0
2020-06-02,1841.0,7.0,608.0,1226.0,12.0,1.0,120.0
2020-06-03,1850.0,7.0,644.0,1199.0,9.0,0.0,36.0
2020-06-04,1872.0,7.0,648.0,1217.0,22.0,0.0,4.0
2020-06-05,1883.0,7.0,717.0,1159.0,11.0,0.0,69.0
2020-06-06,1901.0,8.0,763.0,1130.0,18.0,1.0,46.0
2020-06-07,1903.0,8.0,827.0,1068.0,2.0,0.0,64.0
2020-06-08,1916.0,8.0,925.0,983.0,13.0,0.0,98.0
2020-06-09,1942.0,8.0,1010.0,924.0,26.0,0.0,85.0
2020-06-10,1962.0,8.0,1121.0,833.0,20.0,0.0,111.0
2020-06-11,1976.0,8.0,1153.0,815.0,14.0,0.0,32.0
2020-06-12,2003.0,8.0,1193.0,802.0,27.0,0.0,40.0
2020-06-13,2013.0,8.0,1217.0,788.0,10.0,0.0,24.0
2020-06-14,2035.0,8.0,1311.0,716.0,22.0,0.0,94.0
2020-06-15,2065.0,8.0,1540.0,517.0,30.0,0.0,229.0
2020-06-16,2094.0,8.0,1670.0,416.0,29.0,0.0,130.0
2020-06-17,2120.0,8.0,1677.0,435.0,26.0,0.0,7.0
2020-06-18,2137.0,8.0,1677.0,452.0,17.0,0.0,0.0
2020-06-19,2150.0,8.0,1769.0,373.0,13.0,0.0,92.0
2020-06-20,2187.0,8.0,1788.0,391.0,37.0,0.0,19.0
2020-06-21,2203.0,8.0,1803.0,392.0,16.0,0.0,15.0
2020-06-22,2217.0,8.0,1813.0,396.0,14.0,0.0,10.0
2020-06-23,2238.0,8.0,1813.0,417.0,21.0,0.0,0.0
2020-06-24,2261.0,8.0,1839.0,414.0,23.0,0.0,26.0
2020-06-25,2277.0,8.0,1848.0,421.0,16.0,0.0,9.0
2020-06-26,2283.0,8.0,1863.0,412.0,6.0,0.0,15.0
2020-06-27,2305.0,8.0,1875.0,422.0,22.0,0.0,12.0
2020-06-28,2324.0,8.0,1911.0,405.0,19.0,0.0,36.0
2020-06-29,2337.0,8.0,1927.0,402.0,13.0,0.0,16.0
2020-06-30,2361.0,9.0,1944.0,408.0,24.0,1.0,17.0
2020-07-01,2382.0,9.0,1954.0,419.0,21.0,0.0,10.0
2020-07-02,2400.0,10.0,1969.0,421.0,18.0,1.0,15.0
2020-07-03,2410.0,10.0,1976.0,424.0,10.0,0.0,7.0
2020-07-04,2435.0,10.0,1976.0,449.0,25.0,0.0,0.0
2020-07-05,2468.0,11.0,2049.0,408.0,33.0,1.0,73.0
2020-07-06,2491.0,12.0,2113.0,366.0,23.0,1.0,64.0
2020-07-07,2501.0,12.0,2158.0,331.0,10.0,0.0,45.0
2020-07-08,2517.0,13.0,2180.0,324.0,16.0,1.0,22.0
2020-07-09,2553.0,13.0,2227.0,313.0,36.0,0.0,47.0
2020-07-10,2617.0,13.0,2238.0,366.0,64.0,0.0,11.0
2020-07-11,2664.0,13.0,2268.0,383.0,47.0,0.0,30.0
2020-07-12,2731.0,13.0,2284.0,434.0,67.0,0.0,16.0
2020-07-13,2762.0,13.0,2290.0,459.0,31.0,0.0,6.0
2020-07-14,2801.0,14.0,2302.0,485.0,39.0,1.0,12.0
2020-07-15,2831.0,14.0,2321.0,496.0,30.0,0.0,19.0
2020-07-16,2899.0,15.0,2339.0,545.0,68.0,1.0,18.0
2020-07-17,2913.0,15.0,2340.0,558.0,14.0,0.0,1.0
2020-07-18,2930.0,15.0,2354.0,561.0,17.0,0.0,14.0
2020-07-19,2966.0,15.0,2362.0,589.0,36.0,0.0,8.0
2020-07-20,2999.0,15.0,2369.0,615.0,33.0,0.0,7.0
2020-07-21,3044.0,15.0,2397.0,632.0,45.0,0.0,28.0
2020-07-22,3103.0,15.0,2397.0,691.0,59.0,0.0,0.0
2020-07-23,3120.0,15.0,2428.0,677.0,17.0,0.0,31.0
2020-07-24,3175.0,15.0,2498.0,662.0,55.0,0.0,70.0
2020-07-25,3252.0,15.0,2498.0,739.0,77.0,0.0,0.0
2020-07-26,3302.0,15.0,2528.0,759.0,50.0,0.0,30.0
2020-07-27,3369.0,15.0,2547.0,807.0,67.0,0.0,19.0
2020-07-28,3506.0,15.0,2547.0,944.0,137.0,0.0,0.0
2020-07-29,3567.0,15.0,2554.0,998.0,61.0,0.0,7.0
2020-07-30,3719.0,16.0,2568.0,1135.0,152.0,1.0,14.0
2020-07-31,3793.0,16.0,2607.0,1170.0,74.0,0.0,39.0
2020-08-01,3949.0,17.0,2613.0,1319.0,156.0,1.0,6.0
2020-08-02,4164.0,18.0,2643.0,1503.0,215.0,1.0,30.0
2020-08-03,4293.0,18.0,2670.0,1605.0,129.0,0.0,27.0
2020-08-04,4446.0,19.0,2693.0,1734.0,153.0,1.0,23.0
2020-08-05,4594.0,19.0,2703.0,1872.0,148.0,0.0,10.0
2020-08-06,4680.0,19.0,2725.0,1936.0,86.0,0.0,22.0
2020-08-07,4769.0,19.0,2754.0,1996.0,89.0,0.0,29.0
2020-08-08,4898.0,19.0,2791.0,2088.0,129.0,0.0,37.0
2020-08-09,5041.0,19.0,2804.0,2218.0,143.0,0.0,13.0
2020-08-10,5157.0,19.0,2835.0,2303.0,116.0,0.0,31.0
2020-08-11,5223.0,20.0,2849.0,2354.0,66.0,1.0,14.0
2020-08-12,5366.0,21.0,2884.0,2461.0,143.0,1.0,35.0
2020-08-13,5494.0,21.0,2920.0,2553.0,128.0,0.0,36.0
2020-08-14,5572.0,22.0,3010.0,2540.0,78.0,1.0,90.0
2020-08-15,5679.0,22.0,3208.0,2449.0,107.0,0.0,198.0
2020-08-16,5785.0,22.0,3349.0,2414.0,106.0,0.0,141.0
2020-08-17,5909.0,23.0,3488.0,2398.0,124.0,1.0,139.0
2020-08-18,6079.0,24.0,3648.0,2407.0,170.0,1.0,160.0
2020-08-19,6225.0,24.0,3788.0,2413.0,146.0,0.0,140.0
2020-08-20,6370.0,24.0,3915.0,2431.0,145.0,0.0,127.0
2020-08-21,6564.0,26.0,4012.0,2526.0,194.0,2.0,97.0
2020-08-22,6660.0,26.0,4113.0,2521.0,96.0,0.0,101.0
2020-08-23,6779.0,26.0,4222.0,2531.0,119.0,0.0,109.0
2020-08-24,6912.0,27.0,4297.0,2588.0,133.0,1.0,75.0
2020-08-25,7047.0,28.0,4439.0,2580.0,135.0,1.0,142.0
2020-08-26,7225.0,28.0,4561.0,2636.0,178.0,0.0,122.0
2020-08-27,7329.0,28.0,4691.0,2610.0,104.0,0.0,130.0
2020-08-28,7469.0,28.0,4873.0,2568.0,140.0,0.0,182.0
2020-08-29,7578.0,28.0,4925.0,2625.0,109.0,0.0,52.0
2020-08-30,7667.0,28.0,5036.0,2603.0,89.0,0.0,111.0
2020-08-31,7804.0,28.0,5155.0,2621.0,137.0,0.0,119.0
2020-09-01,8003.0,29.0,5265.0,2709.0,199.0,1.0,110.0
2020-09-02,8140.0,29.0,5338.0,2773.0,137.0,0.0,73.0
2020-09-03,8281.0,29.0,5483.0,2769.0,141.0,0.0,145.0
2020-09-04,8361.0,29.0,5642.0,2690.0,80.0,0.0,159.0
2020-09-05,8486.0,29.0,5822.0,2635.0,125.0,0.0,180.0
2020-09-06,8584.0,29.0,5936.0,2619.0,98.0,0.0,114.0
2020-09-07,8667.0,29.0,6052.0,2586.0,83.0,0.0,116.0
2020-09-08,8741.0,29.0,6157.0,2555.0,74.0,0.0,105.0
2020-09-09,8834.0,31.0,6288.0,2515.0,93.0,2.0,131.0
2020-09-10,8900.0,31.0,6559.0,2310.0,66.0,0.0,271.0
2020-09-11,8990.0,31.0,6846.0,2113.0,90.0,0.0,287.0
2020-09-12,9052.0,31.0,7055.0,1966.0,62.0,0.0,209.0
2020-09-13,9173.0,32.0,7326.0,1815.0,121.0,1.0,271.0
2020-09-14,9243.0,33.0,7536.0,1674.0,70.0,1.0,210.0
2020-09-15,9328.0,33.0,7729.0,1566.0,85.0,0.0,193.0
2020-09-16,9427.0,33.0,7903.0,1491.0,99.0,0.0,174.0
2020-09-17,9494.0,33.0,8033.0,1428.0,67.0,0.0,130.0
2020-09-18,9568.0,33.0,8077.0,1458.0,74.0,0.0,44.0
2020-09-19,9649.0,33.0,8188.0,1428.0,81.0,0.0,111.0
2020-09-20,9724.0,33.0,8261.0,1430.0,75.0,0.0,73.0
2020-09-21,9770.0,34.0,8390.0,1346.0,46.0,1.0,129.0
2020-09-22,9818.0,34.0,8438.0,1346.0,48.0,0.0,48.0
2020-09-23,9885.0,34.0,8530.0,1321.0,67.0,0.0,92.0
2020-09-24,9939.0,34.0,8597.0,1308.0,54.0,0.0,67.0
2020-09-25,10014.0,34.0,8673.0,1307.0,75.0,0.0,76.0
2020-09-26,10045.0,34.0,8754.0,1257.0,31.0,0.0,81.0
2020-09-27,10098.0,34.0,8847.0,1217.0,53.0,0.0,93.0
2020-09-28,10157.0,34.0,8950.0,1173.0,59.0,0.0,103.0
2020-09-29,10194.0,34.0,9037.0,1123.0,37.0,0.0,87.0
2020-09-30,10291.0,34.0,9108.0,1149.0,97.0,0.0,71.0
2020-10-01,10354.0,34.0,9187.0,1133.0,63.0,0.0,79.0
2020-10-02,10398.0,34.0,9213.0,1151.0,44.0,0.0,26.0
2020-10-03,10465.0,34.0,9310.0,1121.0,67.0,0.0,97.0
2020-10-04,10530.0,34.0,9364.0,1132.0,65.0,0.0,54.0
2020-10-05,10567.0,34.0,9427.0,1106.0,37.0,0.0,63.0
2020-10-06,10621.0,34.0,9466.0,1121.0,54.0,0.0,39.0
2020-10-07,10656.0,34.0,9547.0,1075.0,35.0,0.0,81.0
2020-10-08,10742.0,34.0,9589.0,1119.0,86.0,0.0,42.0
2020-10-09,10808.0,34.0,9654.0,1120.0,66.0,0.0,65.0
2020-10-10,10859.0,34.0,9683.0,1142.0,51.0,0.0,29.0
2020-10-11,10894.0,35.0,9742.0,1117.0,35.0,1.0,59.0
2020-10-12,10943.0,35.0,9783.0,1125.0,49.0,0.0,41.0
2020-10-13,10993.0,35.0,9833.0,1125.0,50.0,0.0,50.0
2020-10-14,11062.0,35.0,9880.0,1147.0,69.0,0.0,47.0
2020-10-15,11113.0,35.0,9931.0,1147.0,51.0,0.0,51.0
2020-10-16,11154.0,35.0,9995.0,1124.0,41.0,0.0,64.0
2020-10-17,11178.0,36.0,10097.0,1045.0,24.0,1.0,102.0
2020-10-18,11210.0,37.0,10164.0,1009.0,32.0,1.0,67.0
2020-10-19,11232.0,37.0,10201.0,994.0,22.0,0.0,37.0
2020-10-20,11271.0,37.0,10234.0,1000.0,39.0,0.0,33.0
2020-10-21,11316.0,37.0,10284.0,995.0,45.0,0.0,50.0
2020-10-22,11358.0,37.0,10383.0,938.0,42.0,0.0,99.0
2020-10-23,11391.0,37.0,10428.0,926.0,33.0,0.0,45.0
