date,confirmed,deaths,recovered,active,new_confirmed,new_deaths,new_recovered
2020-03-18,3.0,0.0,0.0,3.0,,,
2020-03-19,3.0,0.0,0.0,3.0,0.0,0.0,0.0
2020-03-20,12.0,0.0,0.0,12.0,9.0,0.0,0.0
2020-03-21,14.0,1.0,0.0,13.0,2.0,1.0,0.0
2020-03-22,28.0,2.0,0.0,26.0,14.0,1.0,0.0
2020-03-23,36.0,2.0,0.0,34.0,8.0,0.0,0.0
2020-03-24,42.0,2.0,0.0,40.0,6.0,0.0,0.0
2020-03-25,48.0,2.0,0.0,46.0,6.0,0.0,0.0
2020-03-26,81.0,2.0,0.0,79.0,33.0,0.0,0.0
2020-03-27,94.0,2.0,0.0,92.0,13.0,0.0,0.0
2020-03-28,102.0,2.0,0.0,100.0,8.0,0.0,0.0
2020-03-29,107.0,3.0,0.0,104.0,5.0,1.0,0.0
2020-03-30,128.0,3.0,0.0,125.0,21.0,0.0,0.0
2020-03-31,143.0,5.0,0.0,138.0,15.0,2.0,0.0
2020-04-01,161.0,6.0,0.0,155.0,18.0,1.0,0.0
2020-04-02,169.0,7.0,0.0,162.0,8.0,1.0,0.0
2020-04-03,186.0,7.0,0.0,179.0,17.0,0.0,0.0
2020-04-04,196.0,7.0,7.0,182.0,10.0,0.0,7.0
2020-04-05,227.0,7.0,7.0,213.0,31.0,0.0,0.0
2020-04-06,244.0,7.0,7.0,230.0,17.0,0.0,0.0
2020-04-07,268.0,7.0,8.0,253.0,24.0,0.0,1.0
2020-04-08,273.0,7.0,19.0,247.0,5.0,0.0,11.0
2020-04-09,314.0,7.0,23.0,284.0,41.0,0.0,4.0
2020-04-10,318.0,9.0,23.0,286.0,4.0,2.0,0.0
2020-04-11,319.0,9.0,28.0,282.0,1.0,0.0,5.0
2020-04-12,324.0,9.0,42.0,273.0,5.0,0.0,14.0
2020-04-13,324.0,9.0,42.0,273.0,0.0,0.0,0.0
2020-04-14,324.0,9.0,51.0,264.0,0.0,0.0,9.0
2020-04-15,324.0,9.0,65.0,250.0,0.0,0.0,14.0
2020-04-16,324.0,9.0,81.0,234.0,0.0,0.0,16.0
2020-04-17,324.0,9.0,108.0,207.0,0.0,0.0,27.0
2020-04-18,325.0,9.0,180.0,136.0,1.0,0.0,72.0
2020-04-19,328.0,9.0,208.0,111.0,3.0,0.0,28.0
2020-04-20,328.0,9.0,224.0,95.0,0.0,0.0,16.0
2020-04-21,328.0,9.0,243.0,76.0,0.0,0.0,19.0
2020-04-22,329.0,9.0,261.0,59.0,1.0,0.0,18.0
2020-04-23,331.0,9.0,266.0,56.0,2.0,0.0,5.0
2020-04-24,331.0,9.0,285.0,37.0,0.0,0.0,19.0
2020-04-25,331.0,9.0,295.0,27.0,0.0,0.0,10.0
2020-04-26,332.0,9.0,299.0,24.0,1.0,0.0,4.0
2020-04-27,334.0,10.0,302.0,22.0,2.0,1.0,3.0
2020-04-28,334.0,10.0,303.0,21.0,0.0,0.0,1.0
2020-04-29,332.0,10.0,306.0,16.0,-2.0,0.0,3.0
2020-04-30,332.0,10.0,310.0,12.0,0.0,0.0,4.0
2020-05-01,332.0,10.0,312.0,10.0,0.0,0.0,2.0
2020-05-02,332.0,10.0,314.0,8.0,0.0,0.0,2.0
2020-05-03,332.0,10.0,315.0,7.0,0.0,0.0,1.0
2020-05-04,332.0,10.0,316.0,6.0,0.0,0.0,1.0
2020-05-05,332.0,10.0,319.0,3.0,0.0,0.0,3.0
2020-05-06,332.0,10.0,320.0,2.0,0.0,0.0,1.0
2020-05-07,332.0,10.0,320.0,2.0,0.0,0.0,0.0
2020-05-08,332.0,10.0,320.0,2.0,0.0,0.0,0.0
2020-05-09,332.0,10.0,320.0,2.0,0.0,0.0,0.0
2020-05-10,332.0,10.0,320.0,2.0,0.0,0.0,0.0
2020-05-11,332.0,10.0,322.0,0.0,0.0,0.0,2.0
2020-05-12,332.0,10.0,322.0,0.0,0.0,0.0,0.0
2020-05-13,332.0,10.0,322.0,0.0,0.0,0.0,0.0
2020-05-14,332.0,10.0,322.0,0.0,0.0,0.0,0.0
2020-05-15,332.0,10.0,322.0,0.0,0.0,0.0,0.0
2020-05-16,332.0,10.0,322.0,0.0,0.0,0.0,0.0
2020-05-17,332.0,10.0,322.0,0.0,0.0,0.0,0.0
2020-05-18,332.0,10.0,322.0,0.0,0.0,0.0,0.0
2020-05-19,332.0,10.0,322.0,0.0,0.0,0.0,0.0
2020-05-20,332.0,10.0,322.0,0.0,0.0,0.0,0.0
2020-05-21,332.0,10.0,322.0,0.0,0.0,0.0,0.0
2020-05-22,332.0,10.0,322.0,0.0,0.0,0.0,0.0
2020-05-23,332.0,10.0,322.0,0.0,0.0,0.0,0.0
2020-05-24,334.0,10.0,322.0,2.0,2.0,0.0,0.0
2020-05-25,334.0,10.0,322.0,2.0,0.0,0.0,0.0
2020-05-26,334.0,10.0,322.0,2.0,0.0,0.0,0.0
2020-05-27,334.0,10.0,322.0,2.0,0.0,0.0,0.0
2020-05-28,334.0,10.0,322.0,2.0,0.0,0.0,0.0
2020-05-29,335.0,10.0,322.0,3.0,1.0,0.0,0.0
2020-05-30,335.0,10.0,322.0,3.0,0.0,0.0,0.0
2020-05-31,335.0,10.0,322.0,3.0,0.0,0.0,0.0
2020-06-01,335.0,10.0,322.0,3.0,0.0,0.0,0.0
2020-06-02,335.0,10.0,322.0,3.0,0.0,0.0,0.0
2020-06-03,335.0,10.0,322.0,3.0,0.0,0.0,0.0
2020-06-04,335.0,10.0,322.0,3.0,0.0,0.0,0.0
2020-06-05,337.0,10.0,324.0,3.0,2.0,0.0,2.0
2020-06-06,337.0,10.0,324.0,3.0,0.0,0.0,0.0
2020-06-07,337.0,10.0,324.0,3.0,0.0,0.0,0.0
2020-06-08,337.0,10.0,324.0,3.0,0.0,0.0,0.0
2020-06-09,337.0,10.0,324.0,3.0,0.0,0.0,0.0
2020-06-10,337.0,10.0,325.0,2.0,0.0,0.0,1.0
2020-06-11,337.0,10.0,325.0,2.0,0.0,0.0,0.0
2020-06-12,337.0,10.0,325.0,2.0,0.0,0.0,0.0
2020-06-13,337.0,10.0,325.0,2.0,0.0,0.0,0.0
2020-06-14,337.0,10.0,325.0,2.0,0.0,0.0,0.0
2020-06-15,337.0,10.0,325.0,2.0,0.0,0.0,0.0
2020-06-16,337.0,10.0,325.0,2.0,0.0,0.0,0.0
2020-06-17,337.0,10.0,325.0,2.0,0.0,0.0,0.0
2020-06-18,337.0,10.0,325.0,2.0,0.0,0.0,0.0
2020-06-19,337.0,10.0,325.0,2.0,0.0,0.0,0.0
2020-06-20,337.0,10.0,326.0,1.0,0.0,0.0,1.0
2020-06-21,337.0,10.0,326.0,1.0,0.0,0.0,0.0
2020-06-22,340.0,10.0,326.0,4.0,3.0,0.0,0.0
2020-06-23,340.0,10.0,326.0,4.0,0.0,0.0,0.0
2020-06-24,341.0,10.0,326.0,5.0,1.0,0.0,0.0
2020-06-25,341.0,10.0,326.0,5.0,0.0,0.0,0.0
2020-06-26,341.0,10.0,326.0,5.0,0.0,0.0,0.0
2020-06-27,341.0,10.0,326.0,5.0,0.0,0.0,0.0
2020-06-28,341.0,10.0,326.0,5.0,0.0,0.0,0.0
2020-06-29,341.0,10.0,326.0,5.0,0.0,0.0,0.0
2020-06-30,341.0,10.0,326.0,5.0,0.0,0.0,0.0
2020-07-01,341.0,10.0,326.0,5.0,0.0,0.0,0.0
2020-07-02,341.0,10.0,330.0,1.0,0.0,0.0,4.0
2020-07-03,341.0,10.0,330.0,1.0,0.0,0.0,0.0
2020-07-04,341.0,10.0,330.0,1.0,0.0,0.0,0.0
2020-07-05,341.0,10.0,330.0,1.0,0.0,0.0,0.0
2020-07-06,342.0,10.0,330.0,2.0,1.0,0.0,0.0
2020-07-07,342.0,10.0,330.0,2.0,0.0,0.0,0.0
2020-07-08,342.0,10.0,330.0,2.0,0.0,0.0,0.0
2020-07-09,342.0,10.0,330.0,2.0,0.0,0.0,0.0
2020-07-10,342.0,10.0,330.0,2.0,0.0,0.0,0.0
2020-07-11,342.0,10.0,330.0,2.0,0.0,0.0,0.0
2020-07-12,342.0,10.0,330.0,2.0,0.0,0.0,0.0
2020-07-13,342.0,10.0,330.0,2.0,0.0,0.0,0.0
2020-07-14,342.0,10.0,330.0,2.0,0.0,0.0,0.0
2020-07-15,343.0,10.0,331.0,2.0,1.0,0.0,1.0
2020-07-16,343.0,10.0,331.0,2.0,0.0,0.0,0.0
2020-07-17,343.0,10.0,331.0,2.0,0.0,0.0,0.0
2020-07-18,343.0,10.0,331.0,2.0,0.0,0.0,0.0
2020-07-19,343.0,10.0,331.0,2.0,0.0,0.0,0.0
2020-07-20,343.0,10.0,332.0,1.0,0.0,0.0,1.0
2020-07-21,343.0,10.0,332.0,1.0,0.0,0.0,0.0
2020-07-22,343.0,10.0,332.0,1.0,0.0,0.0,0.0
2020-07-23,343.0,10.0,332.0,1.0,0.0,0.0,0.0
2020-07-24,344.0,10.0,332.0,2.0,1.0,0.0,0.0
2020-07-25,344.0,10.0,332.0,2.0,0.0,0.0,0.0
2020-07-26,344.0,10.0,332.0,2.0,0.0,0.0,0.0
2020-07-27,344.0,10.0,332.0,2.0,0.0,0.0,0.0
2020-07-28,344.0,10.0,332.0,2.0,0.0,0.0,0.0
2020-07-29,344.0,10.0,332.0,2.0,0.0,0.0,0.0
2020-07-30,344.0,10.0,332.0,2.0,0.0,0.0,0.0
2020-07-31,344.0,10.0,332.0,2.0,0.0,0.0,0.0
2020-08-01,344.0,10.0,332.0,2.0,0.0,0.0,0.0
2020-08-02,344.0,10.0,332.0,2.0,0.0,0.0,0.0
2020-08-03,344.0,10.0,334.0,0.0,0.0,0.0,2.0
2020-08-04,344.0,10.0,334.0,0.0,0.0,0.0,0.0
2020-08-05,344.0,10.0,334.0,0.0,0.0,0.0,0.0
2020-08-06,344.0,10.0,334.0,0.0,0.0,0.0,0.0
2020-08-07,344.0,10.0,334.0,0.0,0.0,0.0,0.0
2020-08-08,344.0,10.0,334.0,0.0,0.0,0.0,0.0
2020-08-09,344.0,10.0,334.0,0.0,0.0,0.0,0.0
2020-08-10,344.0,10.0,334.0,0.0,0.0,0.0,0.0
2020-08-11,344.0,10.0,334.0,0.0,0.0,0.0,0.0
2020-08-12,344.0,10.0,334.0,0.0,0.0,0.0,0.0
2020-08-13,344.0,10.0,334.0,0.0,0.0,0.0,0.0
2020-08-14,345.0,10.0,334.0,1.0,1.0,0.0,0.0
2020-08-15,346.0,10.0,334.0,2.0,1.0,0.0,0.0
2020-08-16,346.0,10.0,334.0,2.0,0.0,0.0,0.0
2020-08-17,346.0,10.0,334.0,2.0,0.0,0.0,0.0
2020-08-18,346.0,10.0,334.0,2.0,0.0,0.0,0.0
2020-08-19,346.0,10.0,334.0,2.0,0.0,0.0,0.0
2020-08-20,346.0,10.0,334.0,2.0,0.0,0.0,0.0
2020-08-21,346.0,10.0,334.0,2.0,0.0,0.0,0.0
2020-08-22,346.0,10.0,334.0,2.0,0.0,0.0,0.0
2020-08-23,346.0,10.0,335.0,1.0,0.0,0.0,1.0
2020-08-24,347.0,10.0,335.0,2.0,1.0,0.0,0.0
2020-08-25,348.0,10.0,335.0,3.0,1.0,0.0,0.0
2020-08-26,348.0,10.0,335.0,3.0,0.0,0.0,0.0
2020-08-27,355.0,10.0,335.0,10.0,7.0,0.0,0.0
2020-08-28,355.0,10.0,335.0,10.0,0.0,0.0,0.0
2020-08-29,355.0,10.0,335.0,10.0,0.0,0.0,0.0
2020-08-30,355.0,10.0,335.0,10.0,0.0,0.0,0.0
2020-08-31,356.0,10.0,335.0,11.0,1.0,0.0,0.0
2020-09-01,356.0,10.0,335.0,11.0,0.0,0.0,0.0
2020-09-02,356.0,10.0,335.0,11.0,0.0,0.0,0.0
2020-09-03,356.0,10.0,335.0,11.0,0.0,0.0,0.0
2020-09-04,356.0,10.0,335.0,11.0,0.0,0.0,0.0
2020-09-05,356.0,10.0,335.0,11.0,0.0,0.0,0.0
2020-09-06,356.0,10.0,335.0,11.0,0.0,0.0,0.0
2020-09-07,356.0,10.0,335.0,11.0,0.0,0.0,0.0
2020-09-08,361.0,10.0,335.0,16.0,5.0,0.0,0.0
2020-09-09,361.0,10.0,335.0,16.0,0.0,0.0,0.0
2020-09-10,361.0,10.0,335.0,16.0,0.0,0.0,0.0
2020-09-11,361.0,10.0,335.0,16.0,0.0,0.0,0.0
2020-09-12,361.0,10.0,335.0,16.0,0.0,0.0,0.0
2020-09-13,361.0,10.0,335.0,16.0,0.0,0.0,0.0
2020-09-14,361.0,10.0,335.0,16.0,0.0,0.0,0.0
2020-09-15,365.0,10.0,338.0,17.0,4.0,0.0,3.0
2020-09-16,365.0,10.0,338.0,17.0,0.0,0.0,0.0
2020-09-17,366.0,10.0,338.0,18.0,1.0,0.0,0.0
2020-09-18,366.0,10.0,338.0,18.0,0.0,0.0,0.0
2020-09-19,366.0,10.0,338.0,18.0,0.0,0.0,0.0
2020-09-20,366.0,10.0,338.0,18.0,0.0,0.0,0.0
2020-09-21,366.0,10.0,338.0,18.0,0.0,0.0,0.0
2020-09-22,367.0,10.0,339.0,18.0,1.0,0.0,1.0
2020-09-23,367.0,10.0,339.0,18.0,0.0,0.0,0.0
2020-09-24,367.0,10.0,343.0,14.0,0.0,0.0,4.0
2020-09-25,367.0,10.0,343.0,14.0,0.0,0.0,0.0
2020-09-26,367.0,10.0,343.0,14.0,0.0,0.0,0.0
2020-09-27,367.0,10.0,343.0,14.0,0.0,0.0,0.0
2020-09-28,367.0,10.0,343.0,14.0,0.0,0.0,0.0
2020-09-29,367.0,10.0,343.0,14.0,0.0,0.0,0.0
2020-09-30,381.0,10.0,344.0,27.0,14.0,0.0,1.0
2020-10-01,381.0,10.0,344.0,27.0,0.0,0.0,0.0
2020-10-02,385.0,10.0,344.0,31.0,4.0,0.0,0.0
2020-10-03,385.0,10.0,357.0,18.0,0.0,0.0,13.0
2020-10-04,385.0,10.0,357.0,18.0,0.0,0.0,0.0
2020-10-05,387.0,10.0,357.0,20.0,2.0,0.0,0.0
2020-10-06,395.0,10.0,357.0,28.0,8.0,0.0,0.0
2020-10-07,395.0,10.0,358.0,27.0,0.0,0.0,1.0
2020-10-08,395.0,10.0,358.0,27.0,0.0,0.0,0.0
2020-10-09,395.0,10.0,358.0,27.0,0.0,0.0,0.0
2020-10-10,395.0,10.0,358.0,27.0,0.0,0.0,0.0
2020-10-11,395.0,10.0,358.0,27.0,0.0,0.0,0.0
2020-10-12,404.0,10.0,359.0,35.0,9.0,0.0,1.0
2020-10-13,407.0,10.0,361.0,36.0,3.0,0.0,2.0
2020-10-14,407.0,10.0,361.0,36.0,0.0,0.0,0.0
2020-10-15,415.0,10.0,364.0,41.0,8.0,0.0,3.0
2020-10-16,417.0,10.0,364.0,43.0,2.0,0.0,0.0
2020-10-17,417.0,10.0,364.0,43.0,0.0,0.0,0.0
2020-10-18,417.0,10.0,364.0,43.0,0.0,0.0,0.0
2020-10-19,419.0,10.0,379.0,30.0,2.0,0.0,15.0
2020-10-20,419.0,10.0,379.0,30.0,0.0,0.0,0.0
2020-10-21,419.0,10.0,379.0,30.0,0.0,0.0,0.0
2020-10-22,425.0,10.0,386.0,29.0,6.0,0.0,7.0
2020-10-23,435.0,10.0,386.0,39.0,10.0,0.0,0.0
2020-10-24,435.0,10.0,386.0,39.0,0.0,0.0,0.0
2020-10-25,435.0,10.0,386.0,39.0,0.0,0.0,0.0
2020-10-26,439.0,10.0,389.0,40.0,4.0,0.0,3.0
2020-10-27,439.0,10.0,389.0,40.0,0.0,0.0,0.0
2020-10-28,439.0,10.0,389.0,40.0,0.0,0.0,0.0
2020-10-29,439.0,10.0,389.0,40.0,0.0,0.0,0.0
2020-10-30,441.0,10.0,398.0,33.0,2.0,0.0,9.0
2020-10-31,441.0,10.0,398.0,33.0,0.0,0.0,0.0
2020-11-01,446.0,10.0,407.0,29.0,5.0,0.0,9.0
2020-11-02,451.0,10.0,413.0,28.0,5.0,0.0,6.0
2020-11-03,451.0,10.0,413.0,28.0,0.0,0.0,0.0
2020-11-04,452.0,10.0,416.0,26.0,1.0,0.0,3.0
2020-11-05,453.0,10.0,416.0,27.0,1.0,0.0,0.0
2020-11-06,453.0,10.0,416.0,27.0,0.0,0.0,0.0
2020-11-07,453.0,10.0,416.0,27.0,0.0,0.0,0.0
2020-11-08,453.0,10.0,416.0,27.0,0.0,0.0,0.0
2020-11-09,453.0,10.0,416.0,27.0,0.0,0.0,0.0
2020-11-10,453.0,10.0,416.0,27.0,0.0,0.0,0.0
2020-11-11,453.0,10.0,416.0,27.0,0.0,0.0,0.0
2020-11-12,468.0,10.0,427.0,31.0,15.0,0.0,11.0
2020-11-13,470.0,10.0,428.0,32.0,2.0,0.0,1.0
2020-11-14,470.0,10.0,428.0,32.0,0.0,0.0,0.0
2020-11-15,478.0,10.0,431.0,37.0,8.0,0.0,3.0
2020-11-16,491.0,10.0,431.0,50.0,13.0,0.0,0.0
2020-11-17,491.0,10.0,431.0,50.0,0.0,0.0,0.0
2020-11-18,494.0,10.0,433.0,51.0,3.0,0.0,2.0
2020-11-19,494.0,10.0,433.0,51.0,0.0,0.0,0.0
2020-11-20,494.0,10.0,433.0,51.0,0.0,0.0,0.0
2020-11-21,494.0,10.0,433.0,51.0,0.0,0.0,0.0
2020-11-22,494.0,10.0,433.0,51.0,0.0,0.0,0.0
2020-11-23,494.0,10.0,433.0,51.0,0.0,0.0,0.0
2020-11-24,494.0,10.0,433.0,51.0,0.0,0.0,0.0
2020-11-25,497.0,10.0,440.0,47.0,3.0,0.0,7.0
2020-11-26,498.0,10.0,440.0,48.0,1.0,0.0,0.0
2020-11-27,501.0,10.0,443.0,48.0,3.0,0.0,3.0
2020-11-28,501.0,10.0,443.0,48.0,0.0,0.0,0.0
2020-11-29,501.0,10.0,443.0,48.0,0.0,0.0,0.0
2020-11-30,504.0,10.0,456.0,38.0,3.0,0.0,13.0
2020-12-01,505.0,10.0,463.0,32.0,1.0,0.0,7.0
