date,confirmed,deaths,recovered,active,new_confirmed,new_deaths,new_recovered
2020-03-14,1.0,0.0,0.0,1.0,,,
2020-03-15,1.0,0.0,0.0,1.0,0.0,0.0,0.0
2020-03-16,1.0,0.0,0.0,1.0,0.0,0.0,0.0
2020-03-17,1.0,0.0,0.0,1.0,0.0,0.0,0.0
2020-03-18,1.0,0.0,0.0,1.0,0.0,0.0,0.0
2020-03-19,2.0,0.0,0.0,2.0,1.0,0.0,0.0
2020-03-20,2.0,0.0,0.0,2.0,0.0,0.0,0.0
2020-03-21,2.0,0.0,0.0,2.0,0.0,0.0,0.0
2020-03-22,2.0,0.0,0.0,2.0,0.0,0.0,0.0
2020-03-23,2.0,0.0,0.0,2.0,0.0,0.0,0.0
2020-03-24,2.0,0.0,0.0,2.0,0.0,0.0,0.0
2020-03-25,2.0,0.0,0.0,2.0,0.0,0.0,0.0
2020-03-26,3.0,0.0,0.0,3.0,1.0,0.0,0.0
2020-03-27,3.0,0.0,0.0,3.0,0.0,0.0,0.0
2020-03-28,5.0,0.0,0.0,5.0,2.0,0.0,0.0
2020-03-29,5.0,0.0,2.0,3.0,0.0,0.0,2.0
2020-03-30,5.0,1.0,2.0,2.0,0.0,1.0,0.0
2020-03-31,6.0,1.0,2.0,3.0,1.0,0.0,0.0
2020-04-01,6.0,1.0,2.0,3.0,0.0,0.0,0.0
2020-04-02,6.0,1.0,2.0,3.0,0.0,0.0,0.0
2020-04-03,6.0,1.0,2.0,3.0,0.0,0.0,0.0
2020-04-04,6.0,1.0,2.0,3.0,0.0,0.0,0.0
2020-04-05,6.0,1.0,2.0,3.0,0.0,0.0,0.0
2020-04-06,6.0,1.0,2.0,3.0,0.0,0.0,0.0
2020-04-07,6.0,1.0,2.0,3.0,0.0,0.0,0.0
2020-04-08,6.0,1.0,2.0,3.0,0.0,0.0,0.0
2020-04-09,7.0,1.0,2.0,4.0,1.0,0.0,0.0
2020-04-10,7.0,1.0,2.0,4.0,0.0,0.0,0.0
2020-04-11,7.0,1.0,2.0,4.0,0.0,0.0,0.0
2020-04-12,7.0,1.0,2.0,4.0,0.0,0.0,0.0
2020-04-13,7.0,1.0,2.0,4.0,0.0,0.0,0.0
2020-04-14,7.0,1.0,2.0,4.0,0.0,0.0,0.0
2020-04-15,7.0,1.0,2.0,4.0,0.0,0.0,0.0
2020-04-16,7.0,1.0,2.0,4.0,0.0,0.0,0.0
2020-04-17,7.0,1.0,2.0,4.0,0.0,0.0,0.0
2020-04-18,7.0,1.0,2.0,4.0,0.0,0.0,0.0
2020-04-19,7.0,1.0,6.0,0.0,0.0,0.0,4.0
2020-04-20,7.0,1.0,6.0,0.0,0.0,0.0,0.0
2020-04-21,7.0,1.0,6.0,0.0,0.0,0.0,0.0
2020-04-22,7.0,1.0,6.0,0.0,0.0,0.0,0.0
2020-04-23,7.0,1.0,6.0,0.0,0.0,0.0,0.0
2020-04-24,7.0,1.0,6.0,0.0,0.0,0.0,0.0
2020-04-25,7.0,1.0,6.0,0.0,0.0,0.0,0.0
2020-04-26,7.0,1.0,6.0,0.0,0.0,0.0,0.0
2020-04-27,7.0,1.0,6.0,0.0,0.0,0.0,0.0
2020-04-28,7.0,1.0,6.0,0.0,0.0,0.0,0.0
2020-04-29,8.0,1.0,6.0,1.0,1.0,0.0,0.0
2020-04-30,8.0,1.0,6.0,1.0,0.0,0.0,0.0
2020-05-01,8.0,1.0,6.0,1.0,0.0,0.0,0.0
2020-05-02,8.0,1.0,6.0,1.0,0.0,0.0,0.0
2020-05-03,8.0,1.0,6.0,1.0,0.0,0.0,0.0
2020-05-04,8.0,1.0,6.0,1.0,0.0,0.0,0.0
2020-05-05,8.0,1.0,6.0,1.0,0.0,0.0,0.0
2020-05-06,8.0,1.0,6.0,1.0,0.0,0.0,0.0
2020-05-07,8.0,1.0,6.0,1.0,0.0,0.0,0.0
2020-05-08,8.0,1.0,6.0,1.0,0.0,0.0,0.0
2020-05-09,8.0,1.0,6.0,1.0,0.0,0.0,0.0
2020-05-10,8.0,1.0,6.0,1.0,0.0,0.0,0.0
2020-05-11,8.0,1.0,6.0,1.0,0.0,0.0,0.0
2020-05-12,9.0,1.0,6.0,2.0,1.0,0.0,0.0
2020-05-13,15.0,2.0,6.0,7.0,6.0,1.0,0.0
2020-05-14,20.0,2.0,7.0,11.0,5.0,0.0,1.0
2020-05-15,29.0,3.0,7.0,19.0,9.0,1.0,0.0
2020-05-16,40.0,4.0,7.0,29.0,11.0,1.0,0.0
2020-05-17,62.0,4.0,7.0,51.0,22.0,0.0,0.0
2020-05-18,81.0,4.0,7.0,70.0,19.0,0.0,0.0
2020-05-19,131.0,4.0,7.0,120.0,50.0,0.0,0.0
2020-05-20,141.0,4.0,7.0,130.0,10.0,0.0,0.0
2020-05-21,173.0,5.0,7.0,161.0,32.0,1.0,0.0
2020-05-22,200.0,6.0,7.0,187.0,27.0,1.0,0.0
2020-05-23,227.0,6.0,7.0,214.0,27.0,0.0,0.0
2020-05-24,237.0,6.0,15.0,216.0,10.0,0.0,8.0
2020-05-25,262.0,9.0,15.0,238.0,25.0,3.0,0.0
2020-05-26,268.0,13.0,15.0,240.0,6.0,4.0,0.0
2020-05-27,292.0,16.0,15.0,261.0,24.0,3.0,0.0
2020-05-28,346.0,19.0,15.0,312.0,54.0,3.0,0.0
2020-05-29,423.0,20.0,21.0,382.0,77.0,1.0,6.0
2020-05-30,483.0,20.0,21.0,442.0,60.0,0.0,0.0
2020-05-31,530.0,23.0,27.0,480.0,47.0,3.0,6.0
2020-06-01,588.0,23.0,27.0,538.0,58.0,0.0,0.0
2020-06-02,668.0,31.0,55.0,582.0,80.0,8.0,28.0
2020-06-03,745.0,34.0,57.0,654.0,77.0,3.0,2.0
2020-06-04,784.0,39.0,65.0,680.0,39.0,5.0,8.0
2020-06-05,883.0,43.0,69.0,771.0,99.0,4.0,4.0
2020-06-06,947.0,49.0,104.0,794.0,64.0,6.0,35.0
2020-06-07,1049.0,55.0,108.0,886.0,102.0,6.0,4.0
2020-06-08,1104.0,59.0,119.0,926.0,55.0,4.0,11.0
2020-06-09,1162.0,61.0,139.0,962.0,58.0,2.0,20.0
2020-06-10,1283.0,71.0,142.0,1070.0,121.0,10.0,3.0
2020-06-11,1439.0,74.0,250.0,1115.0,156.0,3.0,108.0
2020-06-12,1572.0,81.0,278.0,1213.0,133.0,7.0,28.0
2020-06-13,1682.0,83.0,311.0,1288.0,110.0,2.0,33.0
2020-06-14,1783.0,87.0,332.0,1364.0,101.0,4.0,21.0
2020-06-15,1887.0,91.0,360.0,1436.0,104.0,4.0,28.0
2020-06-16,2057.0,93.0,373.0,1591.0,170.0,2.0,13.0
2020-06-17,2223.0,95.0,427.0,1701.0,166.0,2.0,54.0
2020-06-18,2424.0,97.0,550.0,1777.0,201.0,2.0,123.0
2020-06-19,2621.0,102.0,653.0,1866.0,197.0,5.0,103.0
2020-06-20,2813.0,108.0,696.0,2009.0,192.0,6.0,43.0
2020-06-21,2984.0,111.0,811.0,2062.0,171.0,3.0,115.0
2020-06-22,3121.0,112.0,905.0,2104.0,137.0,1.0,94.0
2020-06-23,3292.0,114.0,963.0,2215.0,171.0,2.0,58.0
2020-06-24,3519.0,116.0,1074.0,2329.0,227.0,2.0,111.0
2020-06-25,3739.0,119.0,1225.0,2395.0,220.0,3.0,151.0
2020-06-26,3907.0,120.0,1280.0,2507.0,168.0,1.0,55.0
2020-06-27,4025.0,121.0,1344.0,2560.0,118.0,1.0,64.0
2020-06-28,4149.0,126.0,1419.0,2604.0,124.0,5.0,75.0
2020-06-29,4237.0,128.0,1497.0,2612.0,88.0,2.0,78.0
2020-06-30,4363.0,129.0,1622.0,2612.0,126.0,1.0,125.0
2020-07-01,4472.0,129.0,1677.0,2666.0,109.0,0.0,55.0
2020-07-02,4606.0,129.0,1727.0,2750.0,134.0,0.0,50.0
2020-07-03,4705.0,129.0,1765.0,2811.0,99.0,0.0,38.0
2020-07-04,4827.0,129.0,1805.0,2893.0,122.0,0.0,40.0
2020-07-05,4879.0,130.0,1844.0,2905.0,52.0,1.0,39.0
2020-07-06,4948.0,133.0,1896.0,2919.0,69.0,3.0,52.0
2020-07-07,5024.0,135.0,1944.0,2945.0,76.0,2.0,48.0
2020-07-08,5087.0,139.0,1994.0,2954.0,63.0,4.0,50.0
2020-07-09,5126.0,144.0,2026.0,2956.0,39.0,5.0,32.0
2020-07-10,5203.0,146.0,2111.0,2946.0,77.0,2.0,85.0
2020-07-11,5275.0,147.0,2160.0,2968.0,72.0,1.0,49.0
2020-07-12,5355.0,147.0,2363.0,2845.0,80.0,0.0,203.0
2020-07-13,5446.0,147.0,2501.0,2798.0,91.0,0.0,138.0
2020-07-14,5518.0,147.0,2664.0,2707.0,72.0,0.0,163.0
2020-07-15,5564.0,149.0,2830.0,2585.0,46.0,2.0,166.0
2020-07-16,5659.0,150.0,2993.0,2516.0,95.0,1.0,163.0
2020-07-17,5710.0,151.0,3153.0,2406.0,51.0,1.0,160.0
2020-07-18,5813.0,153.0,3279.0,2381.0,103.0,2.0,126.0
2020-07-19,5873.0,155.0,3436.0,2282.0,60.0,2.0,157.0
2020-07-20,5923.0,155.0,3632.0,2136.0,50.0,0.0,196.0
2020-07-21,5985.0,155.0,3826.0,2004.0,62.0,0.0,194.0
2020-07-22,6027.0,155.0,3977.0,1895.0,42.0,0.0,151.0
2020-07-23,6067.0,156.0,4086.0,1825.0,40.0,1.0,109.0
2020-07-24,6116.0,156.0,4206.0,1754.0,49.0,0.0,120.0
2020-07-25,6151.0,156.0,4299.0,1696.0,35.0,0.0,93.0
2020-07-26,6171.0,156.0,4430.0,1585.0,20.0,0.0,131.0
2020-07-27,6208.0,156.0,4653.0,1399.0,37.0,0.0,223.0
2020-07-28,6249.0,156.0,4683.0,1410.0,41.0,0.0,30.0
2020-07-29,6273.0,156.0,4776.0,1341.0,24.0,0.0,93.0
2020-07-30,6295.0,157.0,4889.0,1249.0,22.0,1.0,113.0
2020-07-31,6310.0,157.0,4962.0,1191.0,15.0,0.0,73.0
2020-08-01,6319.0,157.0,5043.0,1119.0,9.0,0.0,81.0
2020-08-02,6323.0,157.0,5115.0,1051.0,4.0,0.0,72.0
2020-08-03,6382.0,157.0,5174.0,1051.0,59.0,0.0,59.0
2020-08-04,6418.0,157.0,5209.0,1052.0,36.0,0.0,35.0
2020-08-05,6444.0,157.0,5291.0,996.0,26.0,0.0,82.0
2020-08-06,6444.0,157.0,5291.0,996.0,0.0,0.0,0.0
2020-08-07,6498.0,157.0,5443.0,898.0,54.0,0.0,152.0
2020-08-08,6510.0,157.0,5527.0,826.0,12.0,0.0,84.0
2020-08-09,6523.0,157.0,5527.0,839.0,13.0,0.0,0.0
2020-08-10,6555.0,157.0,5570.0,828.0,32.0,0.0,43.0
2020-08-11,6598.0,157.0,5704.0,737.0,43.0,0.0,134.0
2020-08-12,6622.0,157.0,5741.0,724.0,24.0,0.0,37.0
2020-08-13,6653.0,157.0,5843.0,653.0,31.0,0.0,102.0
2020-08-14,6676.0,157.0,5889.0,630.0,23.0,0.0,46.0
2020-08-15,6693.0,157.0,5928.0,608.0,17.0,0.0,39.0
2020-08-16,6701.0,157.0,5985.0,559.0,8.0,0.0,57.0
2020-08-17,6762.0,157.0,6018.0,587.0,61.0,0.0,33.0
2020-08-18,6789.0,157.0,6051.0,581.0,27.0,0.0,33.0
2020-08-19,6829.0,158.0,6094.0,577.0,40.0,1.0,43.0
2020-08-20,6848.0,158.0,6123.0,567.0,19.0,0.0,29.0
2020-08-21,6885.0,158.0,6186.0,541.0,37.0,0.0,63.0
2020-08-22,6894.0,158.0,6203.0,533.0,9.0,0.0,17.0
2020-08-23,6905.0,158.0,6232.0,515.0,11.0,0.0,29.0
2020-08-24,6928.0,158.0,6282.0,488.0,23.0,0.0,50.0
2020-08-25,6960.0,158.0,6321.0,481.0,32.0,0.0,39.0
2020-08-26,6977.0,158.0,6356.0,463.0,17.0,0.0,35.0
2020-08-27,6993.0,158.0,6381.0,454.0,16.0,0.0,25.0
2020-08-28,7012.0,158.0,6407.0,447.0,19.0,0.0,26.0
2020-08-29,7012.0,158.0,6407.0,447.0,0.0,0.0,0.0
2020-08-30,7016.0,159.0,6430.0,427.0,4.0,1.0,23.0
2020-08-31,7048.0,159.0,6464.0,425.0,32.0,0.0,34.0
2020-09-01,7075.0,159.0,6464.0,452.0,27.0,0.0,0.0
2020-09-02,7089.0,160.0,6548.0,381.0,14.0,1.0,84.0
2020-09-03,7106.0,160.0,6588.0,358.0,17.0,0.0,40.0
2020-09-04,7126.0,160.0,6623.0,343.0,20.0,0.0,35.0
2020-09-05,7134.0,160.0,6658.0,316.0,8.0,0.0,35.0
2020-09-06,7142.0,160.0,6669.0,313.0,8.0,0.0,11.0
2020-09-07,7165.0,160.0,6681.0,324.0,23.0,0.0,12.0
2020-09-08,7165.0,160.0,6681.0,324.0,0.0,0.0,0.0
2020-09-09,7191.0,161.0,6701.0,329.0,26.0,1.0,20.0
2020-09-10,7222.0,161.0,6758.0,303.0,31.0,0.0,57.0
2020-09-11,7266.0,161.0,6786.0,319.0,44.0,0.0,28.0
2020-09-12,7274.0,161.0,6804.0,309.0,8.0,0.0,18.0
2020-09-13,7276.0,161.0,6825.0,290.0,2.0,0.0,21.0
2020-09-14,7295.0,161.0,6835.0,299.0,19.0,0.0,10.0
2020-09-15,7319.0,161.0,6839.0,319.0,24.0,0.0,4.0
2020-09-16,7332.0,161.0,6844.0,327.0,13.0,0.0,5.0
2020-09-17,7346.0,161.0,6865.0,320.0,14.0,0.0,21.0
2020-09-18,7361.0,161.0,6882.0,318.0,15.0,0.0,17.0
2020-09-19,7365.0,161.0,6927.0,277.0,4.0,0.0,45.0
2020-09-20,7368.0,161.0,6951.0,256.0,3.0,0.0,24.0
2020-09-21,7384.0,161.0,6977.0,246.0,16.0,0.0,26.0
2020-09-22,7403.0,161.0,7011.0,231.0,19.0,0.0,34.0
2020-09-23,7425.0,161.0,7028.0,236.0,22.0,0.0,17.0
2020-09-24,7433.0,161.0,7052.0,220.0,8.0,0.0,24.0
2020-09-25,7457.0,161.0,7070.0,226.0,24.0,0.0,18.0
2020-09-26,7462.0,161.0,7070.0,231.0,5.0,0.0,0.0
2020-09-27,7464.0,161.0,7070.0,233.0,2.0,0.0,0.0
2020-09-28,7474.0,161.0,7091.0,222.0,10.0,0.0,21.0
2020-09-29,7488.0,161.0,7111.0,216.0,14.0,0.0,20.0
2020-09-30,7502.0,161.0,7120.0,221.0,14.0,0.0,9.0
2020-10-01,7505.0,161.0,7138.0,206.0,3.0,0.0,18.0
2020-10-02,7511.0,162.0,7163.0,186.0,6.0,1.0,25.0
2020-10-03,7517.0,162.0,7174.0,181.0,6.0,0.0,11.0
2020-10-04,7520.0,162.0,7188.0,170.0,3.0,0.0,14.0
2020-10-05,7523.0,162.0,7204.0,157.0,3.0,0.0,16.0
2020-10-06,7529.0,162.0,7208.0,159.0,6.0,0.0,4.0
2020-10-07,7535.0,162.0,7212.0,161.0,6.0,0.0,4.0
2020-10-08,7540.0,162.0,7227.0,151.0,5.0,0.0,15.0
2020-10-09,7548.0,163.0,7245.0,140.0,8.0,1.0,18.0
2020-10-10,7550.0,163.0,7266.0,121.0,2.0,0.0,21.0
2020-10-11,7550.0,163.0,7274.0,113.0,0.0,0.0,8.0
2020-10-12,7554.0,163.0,7297.0,94.0,4.0,0.0,23.0
2020-10-13,7565.0,163.0,7301.0,101.0,11.0,0.0,4.0
2020-10-14,7572.0,163.0,7314.0,95.0,7.0,0.0,13.0
2020-10-15,7585.0,163.0,7326.0,96.0,13.0,0.0,12.0
2020-10-16,7603.0,163.0,7339.0,101.0,18.0,0.0,13.0
2020-10-17,7607.0,163.0,7342.0,102.0,4.0,0.0,3.0
2020-10-18,7608.0,163.0,7347.0,98.0,1.0,0.0,5.0
2020-10-19,7621.0,163.0,7355.0,103.0,13.0,0.0,8.0
2020-10-20,7634.0,163.0,7359.0,112.0,13.0,0.0,4.0
2020-10-21,7638.0,163.0,7363.0,112.0,4.0,0.0,4.0
2020-10-22,7650.0,163.0,7369.0,118.0,12.0,0.0,6.0
2020-10-23,7662.0,163.0,7374.0,125.0,12.0,0.0,5.0
2020-10-24,7663.0,163.0,7378.0,122.0,1.0,0.0,4.0
2020-10-25,7664.0,163.0,7385.0,116.0,1.0,0.0,7.0
2020-10-26,7677.0,163.0,7387.0,127.0,13.0,0.0,2.0
2020-10-27,7680.0,163.0,7392.0,125.0,3.0,0.0,5.0
2020-10-28,7688.0,163.0,7401.0,124.0,8.0,0.0,9.0
2020-10-29,7700.0,163.0,7416.0,121.0,12.0,0.0,15.0
2020-10-30,7700.0,163.0,7416.0,121.0,0.0,0.0,0.0
2020-10-31,7703.0,163.0,7433.0,107.0,3.0,0.0,17.0
2020-11-01,7704.0,163.0,7437.0,104.0,1.0,0.0,4.0
2020-11-02,7704.0,163.0,7437.0,104.0,0.0,0.0,0.0
2020-11-03,7724.0,164.0,7437.0,123.0,20.0,1.0,0.0
2020-11-04,7744.0,164.0,7443.0,137.0,20.0,0.0,6.0
2020-11-05,7777.0,165.0,7463.0,149.0,33.0,1.0,20.0
2020-11-06,7804.0,165.0,7469.0,170.0,27.0,0.0,6.0
2020-11-07,7814.0,165.0,7473.0,176.0,10.0,0.0,4.0
2020-11-08,7820.0,165.0,7479.0,176.0,6.0,0.0,6.0
2020-11-09,7833.0,165.0,7485.0,183.0,13.0,0.0,6.0
2020-11-10,7848.0,165.0,7498.0,185.0,15.0,0.0,13.0
2020-11-11,7885.0,165.0,7499.0,221.0,37.0,0.0,1.0
2020-11-12,7900.0,165.0,7500.0,235.0,15.0,0.0,1.0
2020-11-13,7932.0,165.0,7513.0,254.0,32.0,0.0,13.0
2020-11-14,7948.0,165.0,7516.0,267.0,16.0,0.0,3.0
2020-11-15,7952.0,165.0,7524.0,263.0,4.0,0.0,8.0
2020-11-16,7979.0,165.0,7536.0,278.0,27.0,0.0,12.0
2020-11-17,7994.0,165.0,7550.0,279.0,15.0,0.0,14.0
2020-11-18,8010.0,167.0,7553.0,290.0,16.0,2.0,3.0
2020-11-19,8034.0,168.0,7554.0,312.0,24.0,1.0,1.0
2020-11-20,8075.0,169.0,7560.0,346.0,41.0,1.0,6.0
