date,confirmed,deaths,recovered,active,new_confirmed,new_deaths,new_recovered
2020-03-08,1.0,0.0,0.0,1.0,,,
2020-03-09,1.0,0.0,0.0,1.0,0.0,0.0,0.0
2020-03-10,3.0,0.0,0.0,3.0,2.0,0.0,0.0
2020-03-11,3.0,0.0,0.0,3.0,0.0,0.0,0.0
2020-03-12,3.0,0.0,0.0,3.0,0.0,0.0,0.0
2020-03-13,6.0,0.0,0.0,6.0,3.0,0.0,0.0
2020-03-14,12.0,0.0,0.0,12.0,6.0,0.0,0.0
2020-03-15,23.0,0.0,0.0,23.0,11.0,0.0,0.0
2020-03-16,23.0,0.0,0.0,23.0,0.0,0.0,0.0
2020-03-17,30.0,0.0,1.0,29.0,7.0,0.0,1.0
2020-03-18,30.0,1.0,1.0,28.0,0.0,1.0,0.0
2020-03-19,49.0,1.0,1.0,47.0,19.0,0.0,0.0
2020-03-20,66.0,1.0,1.0,64.0,17.0,0.0,0.0
2020-03-21,80.0,1.0,1.0,78.0,14.0,0.0,0.0
2020-03-22,94.0,1.0,1.0,92.0,14.0,0.0,0.0
2020-03-23,109.0,1.0,2.0,106.0,15.0,0.0,1.0
2020-03-24,125.0,1.0,2.0,122.0,16.0,0.0,0.0
2020-03-25,149.0,1.0,2.0,146.0,24.0,0.0,0.0
2020-03-26,177.0,1.0,2.0,174.0,28.0,0.0,0.0
2020-03-27,199.0,2.0,2.0,195.0,22.0,1.0,0.0
2020-03-28,231.0,2.0,2.0,227.0,32.0,0.0,0.0
2020-03-29,263.0,2.0,2.0,259.0,32.0,0.0,0.0
2020-03-30,298.0,2.0,15.0,281.0,35.0,0.0,13.0
2020-03-31,353.0,4.0,18.0,331.0,55.0,2.0,3.0
2020-04-01,423.0,5.0,23.0,395.0,70.0,1.0,5.0
2020-04-02,505.0,6.0,23.0,476.0,82.0,1.0,0.0
2020-04-03,591.0,8.0,26.0,557.0,86.0,2.0,3.0
2020-04-04,752.0,12.0,29.0,711.0,161.0,4.0,3.0
2020-04-05,864.0,15.0,30.0,819.0,112.0,3.0,1.0
2020-04-06,965.0,19.0,37.0,909.0,101.0,4.0,7.0
2020-04-07,1056.0,22.0,40.0,994.0,91.0,3.0,3.0
2020-04-08,1174.0,27.0,40.0,1107.0,118.0,5.0,0.0
2020-04-09,1289.0,29.0,50.0,1210.0,115.0,2.0,10.0
2020-04-10,1438.0,29.0,56.0,1353.0,149.0,0.0,6.0
2020-04-11,1560.0,30.0,75.0,1455.0,122.0,1.0,19.0
2020-04-12,1662.0,31.0,94.0,1537.0,102.0,1.0,19.0
2020-04-13,1712.0,35.0,107.0,1570.0,50.0,4.0,13.0
2020-04-14,1934.0,40.0,134.0,1760.0,222.0,5.0,27.0
2020-04-15,2049.0,46.0,171.0,1832.0,115.0,6.0,37.0
2020-04-16,2154.0,54.0,235.0,1865.0,105.0,8.0,64.0
2020-04-17,2264.0,56.0,276.0,1932.0,110.0,2.0,41.0
2020-04-18,2378.0,57.0,391.0,1930.0,114.0,1.0,115.0
2020-04-19,2472.0,67.0,457.0,1948.0,94.0,10.0,66.0
2020-04-20,2548.0,70.0,457.0,2021.0,76.0,3.0,0.0
2020-04-21,2614.0,72.0,505.0,2037.0,66.0,2.0,48.0
2020-04-22,2778.0,75.0,560.0,2143.0,164.0,3.0,55.0
2020-04-23,2926.0,80.0,661.0,2185.0,148.0,5.0,101.0
2020-04-24,3110.0,84.0,755.0,2271.0,184.0,4.0,94.0
2020-04-25,3304.0,94.0,825.0,2385.0,194.0,10.0,70.0
2020-04-26,3408.0,96.0,895.0,2417.0,104.0,2.0,70.0
2020-04-27,3481.0,102.0,925.0,2454.0,73.0,6.0,30.0
2020-04-28,3638.0,103.0,975.0,2560.0,157.0,1.0,50.0
2020-04-29,3771.0,111.0,1114.0,2546.0,133.0,8.0,139.0
2020-04-30,3897.0,116.0,1182.0,2599.0,126.0,5.0,68.0
2020-05-01,3980.0,122.0,1272.0,2586.0,83.0,6.0,90.0
2020-05-02,4052.0,124.0,1334.0,2594.0,72.0,2.0,62.0
2020-05-03,4121.0,125.0,1382.0,2614.0,69.0,1.0,48.0
2020-05-04,4248.0,132.0,1423.0,2693.0,127.0,7.0,41.0
2020-05-05,4363.0,136.0,1544.0,2683.0,115.0,4.0,121.0
2020-05-06,4476.0,143.0,1658.0,2675.0,113.0,7.0,114.0
2020-05-07,4605.0,145.0,1747.0,2713.0,129.0,2.0,89.0
2020-05-08,4728.0,150.0,1826.0,2752.0,123.0,5.0,79.0
2020-05-09,4867.0,161.0,1925.0,2781.0,139.0,11.0,99.0
2020-05-10,4927.0,169.0,1958.0,2800.0,60.0,8.0,33.0
2020-05-11,4995.0,175.0,1980.0,2840.0,68.0,6.0,22.0
2020-05-12,5154.0,182.0,2069.0,2903.0,159.0,7.0,89.0
2020-05-13,5406.0,185.0,2176.0,3045.0,252.0,3.0,107.0
2020-05-14,5553.0,194.0,2228.0,3131.0,147.0,9.0,52.0
2020-05-15,5745.0,202.0,2228.0,3315.0,192.0,8.0,0.0
2020-05-16,5934.0,207.0,2344.0,3383.0,189.0,5.0,116.0
2020-05-17,6060.0,211.0,2344.0,3505.0,126.0,4.0,0.0
2020-05-18,6138.0,217.0,2425.0,3496.0,78.0,6.0,81.0
2020-05-19,6340.0,221.0,2508.0,3611.0,202.0,4.0,83.0
2020-05-20,6553.0,228.0,2953.0,3372.0,213.0,7.0,445.0
2020-05-21,6704.0,233.0,2953.0,3518.0,151.0,5.0,0.0
2020-05-22,6847.0,237.0,3369.0,3241.0,143.0,4.0,416.0
2020-05-23,6994.0,242.0,3452.0,3300.0,147.0,5.0,83.0
2020-05-24,7093.0,250.0,3713.0,3130.0,99.0,8.0,261.0
2020-05-25,7147.0,261.0,3802.0,3084.0,54.0,11.0,89.0
2020-05-26,7305.0,267.0,3884.0,3154.0,158.0,6.0,82.0
2020-05-27,7537.0,274.0,3884.0,3379.0,232.0,7.0,0.0
2020-05-28,7725.0,282.0,4123.0,3320.0,188.0,8.0,239.0
2020-05-29,7896.0,288.0,4278.0,3330.0,171.0,6.0,155.0
2020-05-30,8098.0,291.0,4455.0,3352.0,202.0,3.0,177.0
2020-05-31,8251.0,295.0,4581.0,3375.0,153.0,4.0,126.0
2020-06-01,8360.0,305.0,4622.0,3433.0,109.0,10.0,41.0
2020-06-02,8548.0,307.0,4738.0,3503.0,188.0,2.0,116.0
2020-06-03,8795.0,310.0,4863.0,3622.0,247.0,3.0,125.0
2020-06-04,9018.0,315.0,5009.0,3694.0,223.0,5.0,146.0
2020-06-05,9247.0,323.0,5240.0,3684.0,229.0,8.0,231.0
2020-06-06,9511.0,331.0,5450.0,3730.0,264.0,8.0,210.0
2020-06-07,9700.0,341.0,5638.0,3721.0,189.0,10.0,188.0
2020-06-08,9807.0,353.0,5738.0,3716.0,107.0,12.0,100.0
2020-06-09,10025.0,365.0,5797.0,3863.0,218.0,12.0,59.0
2020-06-10,10321.0,371.0,5930.0,4020.0,296.0,6.0,133.0
2020-06-11,10727.0,375.0,6072.0,4280.0,406.0,4.0,142.0
2020-06-12,11093.0,385.0,6229.0,4479.0,366.0,10.0,157.0
2020-06-13,11459.0,398.0,6421.0,4640.0,366.0,13.0,192.0
2020-06-14,11740.0,406.0,6623.0,4711.0,281.0,8.0,202.0
2020-06-15,11879.0,411.0,6794.0,4674.0,139.0,5.0,171.0
2020-06-16,12254.0,423.0,6901.0,4930.0,375.0,12.0,107.0
2020-06-17,12732.0,433.0,7077.0,5222.0,478.0,10.0,176.0
2020-06-18,13106.0,444.0,7252.0,5410.0,374.0,11.0,175.0
2020-06-19,13556.0,450.0,7525.0,5581.0,450.0,6.0,273.0
2020-06-20,13953.0,464.0,7745.0,5744.0,397.0,14.0,220.0
2020-06-21,14200.0,473.0,7896.0,5831.0,247.0,9.0,151.0
2020-06-22,14363.0,480.0,8019.0,5864.0,163.0,7.0,123.0
2020-06-23,14714.0,490.0,8212.0,6012.0,351.0,10.0,193.0
2020-06-24,15078.0,495.0,8400.0,6183.0,364.0,5.0,188.0
2020-06-25,15453.0,502.0,8599.0,6352.0,375.0,7.0,199.0
2020-06-26,15776.0,515.0,8765.0,6496.0,323.0,13.0,166.0
2020-06-27,16080.0,521.0,8963.0,6596.0,304.0,6.0,198.0
2020-06-28,16250.0,530.0,9081.0,6639.0,170.0,9.0,118.0
2020-06-29,16357.0,536.0,9229.0,6592.0,107.0,6.0,148.0
2020-06-30,16613.0,545.0,9382.0,6686.0,256.0,9.0,153.0
2020-07-01,16898.0,549.0,9594.0,6755.0,285.0,4.0,212.0
2020-07-02,17150.0,560.0,9846.0,6744.0,252.0,11.0,252.0
2020-07-03,17445.0,572.0,10093.0,6780.0,295.0,12.0,247.0
2020-07-04,17672.0,580.0,10396.0,6696.0,227.0,8.0,303.0
2020-07-05,17814.0,585.0,10718.0,6511.0,142.0,5.0,322.0
2020-07-06,17906.0,592.0,11047.0,6267.0,92.0,7.0,329.0
2020-07-07,18141.0,603.0,11241.0,6297.0,235.0,11.0,194.0
2020-07-08,18471.0,614.0,11549.0,6308.0,330.0,11.0,308.0
2020-07-09,18666.0,624.0,11936.0,6106.0,195.0,10.0,387.0
2020-07-10,18924.0,635.0,12188.0,6101.0,258.0,11.0,252.0
2020-07-11,19208.0,640.0,12456.0,6112.0,284.0,5.0,268.0
2020-07-12,19382.0,642.0,12667.0,6073.0,174.0,2.0,211.0
2020-07-13,19439.0,649.0,12793.0,5997.0,57.0,7.0,126.0
2020-07-14,19708.0,655.0,13033.0,6020.0,269.0,6.0,240.0
2020-07-15,20040.0,659.0,13298.0,6083.0,332.0,4.0,265.0
2020-07-16,20264.0,666.0,13640.0,5958.0,224.0,7.0,342.0
2020-07-17,20494.0,675.0,13913.0,5906.0,230.0,9.0,273.0
2020-07-18,20794.0,680.0,14183.0,5931.0,300.0,5.0,270.0
2020-07-19,20980.0,684.0,14376.0,5920.0,186.0,4.0,193.0
2020-07-20,21115.0,695.0,14467.0,5953.0,135.0,11.0,91.0
2020-07-21,21442.0,707.0,14599.0,6136.0,327.0,12.0,132.0
2020-07-22,21798.0,712.0,14856.0,6230.0,356.0,5.0,257.0
2020-07-23,22105.0,719.0,15174.0,6212.0,307.0,7.0,318.0
2020-07-24,22483.0,726.0,15407.0,6350.0,378.0,7.0,233.0
2020-07-25,22828.0,732.0,15608.0,6488.0,345.0,6.0,201.0
2020-07-26,23034.0,735.0,15909.0,6390.0,206.0,3.0,301.0
2020-07-27,23154.0,748.0,16154.0,6252.0,120.0,13.0,245.0
2020-07-28,23521.0,753.0,16462.0,6306.0,367.0,5.0,308.0
2020-07-29,23947.0,759.0,16785.0,6403.0,426.0,6.0,323.0
2020-07-30,24343.0,771.0,17040.0,6532.0,396.0,12.0,255.0
2020-07-31,24733.0,778.0,17269.0,6686.0,390.0,7.0,229.0
2020-08-01,25113.0,788.0,17571.0,6754.0,380.0,10.0,302.0
2020-08-02,25362.0,791.0,17816.0,6755.0,249.0,3.0,245.0
2020-08-03,25482.0,800.0,17942.0,6740.0,120.0,9.0,126.0
2020-08-04,25814.0,810.0,18167.0,6837.0,332.0,10.0,225.0
2020-08-05,26222.0,823.0,18167.0,7232.0,408.0,13.0,0.0
2020-08-06,26628.0,828.0,18676.0,7124.0,406.0,5.0,509.0
2020-08-07,26990.0,835.0,18918.0,7237.0,362.0,7.0,242.0
2020-08-08,27443.0,841.0,19100.0,7502.0,453.0,6.0,182.0
2020-08-09,27660.0,845.0,19300.0,7515.0,217.0,4.0,200.0
2020-08-10,27841.0,850.0,19300.0,7691.0,181.0,5.0,0.0
2020-08-11,28223.0,857.0,19740.0,7626.0,382.0,7.0,440.0
2020-08-12,28697.0,863.0,19998.0,7836.0,474.0,6.0,258.0
2020-08-13,29087.0,878.0,20276.0,7933.0,390.0,15.0,278.0
2020-08-14,29483.0,884.0,20556.0,8043.0,396.0,6.0,280.0
2020-08-15,29905.0,895.0,20908.0,8102.0,422.0,11.0,352.0
2020-08-16,30183.0,896.0,21220.0,8067.0,278.0,1.0,312.0
2020-08-17,30377.0,908.0,21220.0,8249.0,194.0,12.0,0.0
2020-08-18,30789.0,908.0,21885.0,7996.0,412.0,0.0,665.0
2020-08-19,31415.0,914.0,21885.0,8616.0,626.0,6.0,0.0
2020-08-20,31937.0,921.0,21885.0,9131.0,522.0,7.0,0.0
2020-08-21,32484.0,929.0,22683.0,8872.0,547.0,8.0,798.0
2020-08-22,33072.0,935.0,22683.0,9454.0,588.0,6.0,0.0
2020-08-23,33478.0,940.0,22683.0,9855.0,406.0,5.0,0.0
2020-08-24,33828.0,945.0,23570.0,9313.0,350.0,5.0,887.0
2020-08-25,34358.0,960.0,23869.0,9529.0,530.0,15.0,299.0
2020-08-26,34982.0,967.0,24156.0,9859.0,624.0,7.0,287.0
2020-08-27,35546.0,977.0,24156.0,10413.0,564.0,10.0,0.0
2020-08-28,35904.0,981.0,24156.0,10767.0,358.0,4.0,0.0
2020-08-29,36404.0,990.0,25139.0,10275.0,500.0,9.0,983.0
2020-08-30,36700.0,992.0,25139.0,10569.0,296.0,2.0,0.0
2020-08-31,36920.0,995.0,25872.0,10053.0,220.0,3.0,733.0
2020-09-01,37208.0,1008.0,25872.0,10328.0,288.0,13.0,0.0
2020-09-02,37740.0,1024.0,26189.0,10527.0,532.0,16.0,317.0
2020-09-03,38372.0,1036.0,27017.0,10319.0,632.0,12.0,828.0
2020-09-04,38906.0,1047.0,27017.0,10842.0,534.0,11.0,0.0
2020-09-05,39473.0,1063.0,27799.0,10611.0,567.0,16.0,782.0
2020-09-06,39797.0,1063.0,27799.0,10935.0,324.0,0.0,0.0
2020-09-07,40055.0,1074.0,27799.0,11182.0,258.0,11.0,0.0
2020-09-08,40556.0,1087.0,28578.0,10891.0,501.0,13.0,779.0
2020-09-09,41144.0,1096.0,28962.0,11086.0,588.0,9.0,384.0
2020-09-10,41704.0,1106.0,28962.0,11636.0,560.0,10.0,0.0
2020-09-11,42183.0,1114.0,30437.0,10632.0,479.0,8.0,1475.0
2020-09-12,42714.0,1117.0,30437.0,11160.0,531.0,3.0,0.0
2020-09-13,42978.0,1123.0,30437.0,11418.0,264.0,6.0,0.0
2020-09-14,43207.0,1129.0,30437.0,11641.0,229.0,6.0,0.0
2020-09-15,43734.0,1143.0,32293.0,10298.0,527.0,14.0,1856.0
2020-09-16,44361.0,1159.0,32732.0,10470.0,627.0,16.0,439.0
2020-09-17,44983.0,1170.0,33239.0,10574.0,622.0,11.0,507.0
2020-09-18,45648.0,1186.0,33734.0,10728.0,665.0,16.0,495.0
2020-09-19,46336.0,1201.0,34236.0,10899.0,688.0,15.0,502.0
2020-09-20,46596.0,1203.0,34236.0,11157.0,260.0,2.0,0.0
2020-09-21,46796.0,1211.0,35018.0,10567.0,200.0,8.0,782.0
2020-09-22,47446.0,1230.0,35542.0,10674.0,650.0,19.0,524.0
2020-09-23,48232.0,1244.0,36071.0,10917.0,786.0,14.0,529.0
2020-09-24,48953.0,1252.0,36643.0,11058.0,721.0,8.0,572.0
2020-09-25,49666.0,1264.0,37023.0,11379.0,713.0,12.0,380.0
2020-09-26,50534.0,1279.0,37440.0,11815.0,868.0,15.0,417.0
2020-09-27,50875.0,1287.0,37842.0,11746.0,341.0,8.0,402.0
2020-09-28,51194.0,1301.0,38217.0,11676.0,319.0,14.0,375.0
2020-09-29,52029.0,1310.0,38579.0,12140.0,835.0,9.0,362.0
2020-09-30,53042.0,1320.0,38997.0,12725.0,1013.0,10.0,418.0
2020-10-01,54064.0,1336.0,39499.0,13229.0,1022.0,16.0,502.0
2020-10-02,55016.0,1344.0,40002.0,13670.0,952.0,8.0,503.0
2020-10-03,55888.0,1353.0,40475.0,14060.0,872.0,9.0,473.0
2020-10-04,56579.0,1366.0,40955.0,14258.0,691.0,13.0,480.0
2020-10-05,56901.0,1375.0,41467.0,14059.0,322.0,9.0,512.0
2020-10-06,57732.0,1389.0,41938.0,14405.0,831.0,14.0,471.0
2020-10-07,58794.0,1406.0,42480.0,14908.0,1062.0,17.0,542.0
2020-10-08,59915.0,1424.0,43008.0,15483.0,1121.0,18.0,528.0
2020-10-09,60833.0,1442.0,43489.0,15902.0,918.0,18.0,481.0
2020-10-10,61762.0,1458.0,43982.0,16322.0,929.0,16.0,493.0
2020-10-11,62151.0,1461.0,44357.0,16333.0,389.0,3.0,375.0
2020-10-12,62618.0,1478.0,44728.0,16412.0,467.0,17.0,371.0
2020-10-13,63275.0,1495.0,45102.0,16678.0,657.0,17.0,374.0
2020-10-14,64424.0,1514.0,45545.0,17365.0,1149.0,19.0,443.0
2020-10-15,65076.0,1530.0,46010.0,17536.0,652.0,16.0,465.0
2020-10-16,65860.0,1549.0,46543.0,17768.0,784.0,19.0,533.0
2020-10-17,66652.0,1569.0,47230.0,17853.0,792.0,20.0,687.0
2020-10-18,67050.0,1584.0,47842.0,17624.0,398.0,15.0,612.0
2020-10-19,67302.0,1600.0,48493.0,17209.0,252.0,16.0,651.0
2020-10-20,67958.0,1617.0,49083.0,17258.0,656.0,17.0,590.0
2020-10-21,68791.0,1630.0,49702.0,17459.0,833.0,13.0,619.0
2020-10-22,69568.0,1641.0,50422.0,17505.0,777.0,11.0,720.0
2020-10-23,70256.0,1654.0,51102.0,17500.0,688.0,13.0,680.0
2020-10-24,71089.0,1669.0,51719.0,17701.0,833.0,15.0,617.0
2020-10-25,71503.0,1685.0,52290.0,17528.0,414.0,16.0,571.0
2020-10-26,71811.0,1700.0,52730.0,17381.0,308.0,15.0,440.0
2020-10-27,72460.0,1710.0,53201.0,17549.0,649.0,10.0,471.0
2020-10-28,73321.0,1729.0,53816.0,17776.0,861.0,19.0,615.0
2020-10-29,74233.0,1747.0,54495.0,17991.0,912.0,18.0,679.0
2020-10-30,75201.0,1766.0,55190.0,18245.0,968.0,19.0,695.0
2020-10-31,76040.0,1785.0,55782.0,18473.0,839.0,19.0,592.0
2020-11-01,76582.0,1800.0,56312.0,18470.0,542.0,15.0,530.0
2020-11-02,76777.0,1818.0,56875.0,18084.0,195.0,18.0,563.0
2020-11-03,77487.0,1838.0,57402.0,18247.0,710.0,20.0,527.0
2020-11-04,78507.0,1851.0,58292.0,18364.0,1020.0,13.0,890.0
2020-11-05,79566.0,1866.0,59220.0,18480.0,1059.0,15.0,928.0
2020-11-06,80501.0,1882.0,60220.0,18399.0,935.0,16.0,1000.0
2020-11-07,81675.0,1891.0,61314.0,18470.0,1174.0,9.0,1094.0
2020-11-08,82346.0,1893.0,62508.0,17945.0,671.0,2.0,1194.0
2020-11-09,82677.0,1912.0,63646.0,17119.0,331.0,19.0,1138.0
2020-11-10,83592.0,1930.0,64826.0,16836.0,915.0,18.0,1180.0
