date,confirmed,deaths,recovered,active,new_confirmed,new_deaths,new_recovered
2020-02-29,1.0,0.0,0.0,1.0,,,
2020-03-01,1.0,0.0,0.0,1.0,0.0,0.0,0.0
2020-03-02,1.0,0.0,0.0,1.0,0.0,0.0,0.0
2020-03-03,1.0,0.0,0.0,1.0,0.0,0.0,0.0
2020-03-04,1.0,0.0,0.0,1.0,0.0,0.0,0.0
2020-03-05,1.0,0.0,0.0,1.0,0.0,0.0,0.0
2020-03-06,1.0,0.0,0.0,1.0,0.0,0.0,0.0
2020-03-07,1.0,0.0,0.0,1.0,0.0,0.0,0.0
2020-03-08,1.0,0.0,0.0,1.0,0.0,0.0,0.0
2020-03-09,1.0,0.0,0.0,1.0,0.0,0.0,0.0
2020-03-10,1.0,0.0,0.0,1.0,0.0,0.0,0.0
2020-03-11,1.0,0.0,0.0,1.0,0.0,0.0,0.0
2020-03-12,2.0,0.0,0.0,2.0,1.0,0.0,0.0
2020-03-13,2.0,0.0,0.0,2.0,0.0,0.0,0.0
2020-03-14,2.0,0.0,0.0,2.0,0.0,0.0,0.0
2020-03-15,2.0,0.0,0.0,2.0,0.0,0.0,0.0
2020-03-16,7.0,0.0,0.0,7.0,5.0,0.0,0.0
2020-03-17,7.0,0.0,0.0,7.0,0.0,0.0,0.0
2020-03-18,7.0,0.0,0.0,7.0,0.0,0.0,0.0
2020-03-19,7.0,0.0,0.0,7.0,0.0,0.0,0.0
2020-03-20,11.0,0.0,0.0,11.0,4.0,0.0,0.0
2020-03-21,11.0,0.0,0.0,11.0,0.0,0.0,0.0
2020-03-22,23.0,0.0,1.0,22.0,12.0,0.0,1.0
2020-03-23,23.0,0.0,1.0,22.0,0.0,0.0,0.0
2020-03-24,23.0,0.0,1.0,22.0,0.0,0.0,0.0
2020-03-25,31.0,0.0,1.0,30.0,8.0,0.0,0.0
2020-03-26,33.0,0.0,1.0,32.0,2.0,0.0,0.0
2020-03-27,42.0,0.0,1.0,41.0,9.0,0.0,0.0
2020-03-28,42.0,0.0,1.0,41.0,0.0,0.0,0.0
2020-03-29,46.0,1.0,1.0,44.0,4.0,1.0,0.0
2020-03-30,49.0,1.0,1.0,47.0,3.0,0.0,0.0
2020-03-31,52.0,1.0,2.0,49.0,3.0,0.0,1.0
2020-04-01,55.0,1.0,2.0,52.0,3.0,0.0,0.0
2020-04-02,60.0,1.0,2.0,57.0,5.0,0.0,0.0
2020-04-03,64.0,1.0,3.0,60.0,4.0,0.0,1.0
2020-04-04,66.0,1.0,3.0,62.0,2.0,0.0,0.0
2020-04-05,73.0,1.0,3.0,69.0,7.0,0.0,0.0
2020-04-06,77.0,1.0,4.0,72.0,4.0,0.0,1.0
2020-04-07,79.0,1.0,4.0,74.0,2.0,0.0,0.0
2020-04-08,81.0,1.0,4.0,76.0,2.0,0.0,0.0
2020-04-09,84.0,1.0,5.0,78.0,3.0,0.0,1.0
2020-04-10,90.0,1.0,5.0,84.0,6.0,0.0,0.0
2020-04-11,92.0,1.0,5.0,86.0,2.0,0.0,0.0
2020-04-12,93.0,1.0,6.0,86.0,1.0,0.0,1.0
2020-04-13,93.0,1.0,6.0,86.0,0.0,0.0,0.0
2020-04-14,93.0,1.0,6.0,86.0,0.0,0.0,0.0
2020-04-15,93.0,3.0,12.0,78.0,0.0,2.0,6.0
2020-04-16,93.0,3.0,12.0,78.0,0.0,0.0,0.0
2020-04-17,94.0,3.0,20.0,71.0,1.0,0.0,8.0
2020-04-18,94.0,3.0,22.0,69.0,0.0,0.0,2.0
2020-04-19,94.0,3.0,22.0,69.0,0.0,0.0,0.0
2020-04-20,94.0,3.0,23.0,68.0,0.0,0.0,1.0
2020-04-21,94.0,3.0,26.0,65.0,0.0,0.0,3.0
2020-04-22,94.0,3.0,26.0,65.0,0.0,0.0,0.0
2020-04-23,94.0,4.0,35.0,55.0,0.0,1.0,9.0
2020-04-24,94.0,4.0,41.0,49.0,0.0,0.0,6.0
2020-04-25,94.0,4.0,42.0,48.0,0.0,0.0,1.0
2020-04-26,94.0,4.0,42.0,48.0,0.0,0.0,0.0
2020-04-27,95.0,4.0,42.0,49.0,1.0,0.0,0.0
2020-04-28,95.0,4.0,50.0,41.0,0.0,0.0,8.0
2020-04-29,95.0,4.0,58.0,33.0,0.0,0.0,8.0
2020-04-30,95.0,4.0,64.0,27.0,0.0,0.0,6.0
2020-05-01,95.0,4.0,73.0,18.0,0.0,0.0,9.0
2020-05-02,95.0,4.0,78.0,13.0,0.0,0.0,5.0
2020-05-03,95.0,4.0,78.0,13.0,0.0,0.0,0.0
2020-05-04,95.0,4.0,78.0,13.0,0.0,0.0,0.0
2020-05-05,95.0,4.0,81.0,10.0,0.0,0.0,3.0
2020-05-06,95.0,4.0,82.0,9.0,0.0,0.0,1.0
2020-05-07,95.0,4.0,82.0,9.0,0.0,0.0,0.0
2020-05-08,95.0,4.0,82.0,9.0,0.0,0.0,0.0
2020-05-09,96.0,4.0,82.0,10.0,1.0,0.0,0.0
2020-05-10,96.0,4.0,82.0,10.0,0.0,0.0,0.0
2020-05-11,96.0,4.0,85.0,7.0,0.0,0.0,3.0
2020-05-12,96.0,4.0,85.0,7.0,0.0,0.0,0.0
2020-05-13,96.0,4.0,87.0,5.0,0.0,0.0,2.0
2020-05-14,96.0,4.0,87.0,5.0,0.0,0.0,0.0
2020-05-15,96.0,4.0,87.0,5.0,0.0,0.0,0.0
2020-05-16,96.0,4.0,87.0,5.0,0.0,0.0,0.0
2020-05-17,96.0,4.0,87.0,5.0,0.0,0.0,0.0
2020-05-18,97.0,4.0,87.0,6.0,1.0,0.0,0.0
2020-05-19,97.0,4.0,87.0,6.0,0.0,0.0,0.0
2020-05-20,97.0,4.0,90.0,3.0,0.0,0.0,3.0
2020-05-21,97.0,4.0,90.0,3.0,0.0,0.0,0.0
2020-05-22,97.0,4.0,90.0,3.0,0.0,0.0,0.0
2020-05-23,98.0,4.0,90.0,4.0,1.0,0.0,0.0
2020-05-24,98.0,4.0,90.0,4.0,0.0,0.0,0.0
2020-05-25,98.0,4.0,90.0,4.0,0.0,0.0,0.0
2020-05-26,98.0,4.0,90.0,4.0,0.0,0.0,0.0
2020-05-27,98.0,4.0,90.0,4.0,0.0,0.0,0.0
2020-05-28,98.0,4.0,90.0,4.0,0.0,0.0,0.0
2020-05-29,98.0,4.0,90.0,4.0,0.0,0.0,0.0
2020-05-30,99.0,4.0,90.0,5.0,1.0,0.0,0.0
2020-05-31,99.0,4.0,90.0,5.0,0.0,0.0,0.0
2020-06-01,99.0,4.0,90.0,5.0,0.0,0.0,0.0
2020-06-02,99.0,4.0,90.0,5.0,0.0,0.0,0.0
2020-06-03,99.0,4.0,90.0,5.0,0.0,0.0,0.0
2020-06-04,99.0,4.0,92.0,3.0,0.0,0.0,2.0
2020-06-05,99.0,4.0,93.0,2.0,0.0,0.0,1.0
2020-06-06,99.0,4.0,93.0,2.0,0.0,0.0,0.0
2020-06-07,99.0,4.0,93.0,2.0,0.0,0.0,0.0
2020-06-08,99.0,4.0,93.0,2.0,0.0,0.0,0.0
2020-06-09,99.0,4.0,93.0,2.0,0.0,0.0,0.0
2020-06-10,99.0,4.0,93.0,2.0,0.0,0.0,0.0
2020-06-11,99.0,4.0,93.0,2.0,0.0,0.0,0.0
2020-06-12,99.0,4.0,93.0,2.0,0.0,0.0,0.0
2020-06-13,99.0,4.0,93.0,2.0,0.0,0.0,0.0
2020-06-14,99.0,4.0,93.0,2.0,0.0,0.0,0.0
2020-06-15,99.0,4.0,93.0,2.0,0.0,0.0,0.0
2020-06-16,99.0,4.0,94.0,1.0,0.0,0.0,1.0
2020-06-17,99.0,4.0,94.0,1.0,0.0,0.0,0.0
2020-06-18,99.0,4.0,94.0,1.0,0.0,0.0,0.0
2020-06-19,99.0,4.0,94.0,1.0,0.0,0.0,0.0
2020-06-20,99.0,4.0,94.0,1.0,0.0,0.0,0.0
2020-06-21,100.0,4.0,94.0,2.0,1.0,0.0,0.0
2020-06-22,101.0,4.0,95.0,2.0,1.0,0.0,1.0
2020-06-23,101.0,4.0,95.0,2.0,0.0,0.0,0.0
2020-06-24,102.0,4.0,95.0,3.0,1.0,0.0,0.0
2020-06-25,102.0,4.0,95.0,3.0,0.0,0.0,0.0
2020-06-26,102.0,4.0,95.0,3.0,0.0,0.0,0.0
2020-06-27,103.0,4.0,95.0,4.0,1.0,0.0,0.0
2020-06-28,103.0,4.0,95.0,4.0,0.0,0.0,0.0
2020-06-29,103.0,4.0,95.0,4.0,0.0,0.0,0.0
2020-06-30,103.0,4.0,95.0,4.0,0.0,0.0,0.0
2020-07-01,103.0,4.0,95.0,4.0,0.0,0.0,0.0
2020-07-02,106.0,4.0,95.0,7.0,3.0,0.0,0.0
2020-07-03,106.0,4.0,95.0,7.0,0.0,0.0,0.0
2020-07-04,106.0,4.0,95.0,7.0,0.0,0.0,0.0
2020-07-05,108.0,4.0,95.0,9.0,2.0,0.0,0.0
2020-07-06,108.0,4.0,95.0,9.0,0.0,0.0,0.0
2020-07-07,108.0,4.0,95.0,9.0,0.0,0.0,0.0
2020-07-08,108.0,4.0,95.0,9.0,0.0,0.0,0.0
2020-07-09,108.0,4.0,96.0,8.0,0.0,0.0,1.0
2020-07-10,108.0,4.0,96.0,8.0,0.0,0.0,0.0
2020-07-11,109.0,4.0,96.0,9.0,1.0,0.0,0.0
2020-07-12,109.0,4.0,97.0,8.0,0.0,0.0,1.0
2020-07-13,109.0,4.0,97.0,8.0,0.0,0.0,0.0
2020-07-14,109.0,4.0,97.0,8.0,0.0,0.0,0.0
2020-07-15,109.0,4.0,97.0,8.0,0.0,0.0,0.0
2020-07-16,109.0,4.0,98.0,7.0,0.0,0.0,1.0
2020-07-17,109.0,4.0,98.0,7.0,0.0,0.0,0.0
2020-07-18,109.0,4.0,98.0,7.0,0.0,0.0,0.0
2020-07-19,109.0,4.0,98.0,7.0,0.0,0.0,0.0
2020-07-20,109.0,4.0,100.0,5.0,0.0,0.0,2.0
2020-07-21,111.0,4.0,100.0,7.0,2.0,0.0,0.0
2020-07-22,112.0,4.0,100.0,8.0,1.0,0.0,0.0
2020-07-23,114.0,4.0,100.0,10.0,2.0,0.0,0.0
2020-07-24,116.0,4.0,100.0,12.0,2.0,0.0,0.0
2020-07-25,116.0,4.0,104.0,8.0,0.0,0.0,4.0
2020-07-26,116.0,4.0,104.0,8.0,0.0,0.0,0.0
2020-07-27,116.0,4.0,104.0,8.0,0.0,0.0,0.0
2020-07-28,117.0,4.0,104.0,9.0,1.0,0.0,0.0
2020-07-29,120.0,4.0,105.0,11.0,3.0,0.0,1.0
2020-07-30,120.0,4.0,105.0,11.0,0.0,0.0,0.0
2020-07-31,120.0,4.0,105.0,11.0,0.0,0.0,0.0
2020-08-01,120.0,4.0,105.0,11.0,0.0,0.0,0.0
2020-08-02,120.0,4.0,105.0,11.0,0.0,0.0,0.0
2020-08-03,121.0,4.0,105.0,12.0,1.0,0.0,0.0
2020-08-04,123.0,4.0,105.0,14.0,2.0,0.0,0.0
2020-08-05,125.0,4.0,105.0,16.0,2.0,0.0,0.0
2020-08-06,125.0,4.0,105.0,16.0,0.0,0.0,0.0
2020-08-07,128.0,4.0,105.0,19.0,3.0,0.0,0.0
2020-08-08,131.0,4.0,112.0,15.0,3.0,0.0,7.0
2020-08-09,133.0,4.0,113.0,16.0,2.0,0.0,1.0
2020-08-10,133.0,4.0,113.0,16.0,0.0,0.0,0.0
2020-08-11,138.0,4.0,113.0,21.0,5.0,0.0,0.0
2020-08-12,141.0,4.0,114.0,23.0,3.0,0.0,1.0
2020-08-13,144.0,4.0,114.0,26.0,3.0,0.0,0.0
2020-08-14,146.0,4.0,114.0,28.0,2.0,0.0,0.0
2020-08-15,146.0,4.0,114.0,28.0,0.0,0.0,0.0
2020-08-16,146.0,4.0,114.0,28.0,0.0,0.0,0.0
2020-08-17,148.0,4.0,114.0,30.0,2.0,0.0,0.0
2020-08-18,148.0,4.0,114.0,30.0,0.0,0.0,0.0
2020-08-19,148.0,4.0,114.0,30.0,0.0,0.0,0.0
2020-08-20,150.0,4.0,115.0,31.0,2.0,0.0,1.0
2020-08-21,154.0,4.0,116.0,34.0,4.0,0.0,1.0
2020-08-22,154.0,4.0,116.0,34.0,0.0,0.0,0.0
2020-08-23,154.0,4.0,116.0,34.0,0.0,0.0,0.0
2020-08-24,154.0,4.0,116.0,34.0,0.0,0.0,0.0
2020-08-25,154.0,4.0,116.0,34.0,0.0,0.0,0.0
2020-08-26,154.0,4.0,116.0,34.0,0.0,0.0,0.0
2020-08-27,154.0,4.0,116.0,34.0,0.0,0.0,0.0
2020-08-28,154.0,4.0,116.0,34.0,0.0,0.0,0.0
2020-08-29,154.0,4.0,116.0,34.0,0.0,0.0,0.0
2020-08-30,154.0,4.0,116.0,34.0,0.0,0.0,0.0
2020-08-31,154.0,4.0,116.0,34.0,0.0,0.0,0.0
2020-09-01,154.0,4.0,116.0,34.0,0.0,0.0,0.0
2020-09-02,142.0,1.0,91.0,50.0,-12.0,-3.0,-25.0
2020-09-03,143.0,1.0,94.0,48.0,1.0,0.0,3.0
2020-09-04,147.0,1.0,97.0,49.0,4.0,0.0,3.0
2020-09-05,147.0,1.0,102.0,44.0,0.0,0.0,5.0
2020-09-06,147.0,1.0,102.0,44.0,0.0,0.0,0.0
2020-09-07,153.0,1.0,102.0,50.0,6.0,0.0,0.0
2020-09-08,156.0,1.0,107.0,48.0,3.0,0.0,5.0
2020-09-09,161.0,1.0,107.0,53.0,5.0,0.0,0.0
2020-09-10,165.0,1.0,107.0,57.0,4.0,0.0,0.0
2020-09-11,168.0,1.0,123.0,44.0,3.0,0.0,16.0
2020-09-12,169.0,1.0,123.0,45.0,1.0,0.0,0.0
2020-09-13,171.0,1.0,128.0,42.0,2.0,0.0,5.0
2020-09-14,177.0,1.0,132.0,44.0,6.0,0.0,4.0
2020-09-15,178.0,1.0,133.0,44.0,1.0,0.0,1.0
2020-09-16,181.0,1.0,137.0,43.0,3.0,0.0,4.0
2020-09-17,186.0,1.0,147.0,38.0,5.0,0.0,10.0
2020-09-18,191.0,1.0,152.0,38.0,5.0,0.0,5.0
2020-09-19,192.0,1.0,152.0,39.0,1.0,0.0,0.0
2020-09-20,193.0,1.0,153.0,39.0,1.0,0.0,1.0
2020-09-21,195.0,1.0,159.0,35.0,2.0,0.0,6.0
2020-09-22,197.0,1.0,163.0,33.0,2.0,0.0,4.0
2020-09-23,199.0,1.0,165.0,33.0,2.0,0.0,2.0
2020-09-24,205.0,1.0,166.0,38.0,6.0,0.0,1.0
2020-09-25,208.0,2.0,167.0,39.0,3.0,1.0,1.0
2020-09-26,210.0,2.0,169.0,39.0,2.0,0.0,2.0
2020-09-27,210.0,2.0,169.0,39.0,0.0,0.0,0.0
2020-09-28,212.0,2.0,174.0,36.0,2.0,0.0,5.0
2020-09-29,214.0,2.0,178.0,34.0,2.0,0.0,4.0
2020-09-30,218.0,2.0,181.0,35.0,4.0,0.0,3.0
2020-10-01,219.0,2.0,187.0,30.0,1.0,0.0,6.0
2020-10-02,221.0,2.0,188.0,31.0,2.0,0.0,1.0
2020-10-03,222.0,2.0,188.0,32.0,1.0,0.0,0.0
2020-10-04,222.0,2.0,189.0,31.0,0.0,0.0,1.0
2020-10-05,223.0,2.0,193.0,28.0,1.0,0.0,4.0
2020-10-06,224.0,2.0,198.0,24.0,1.0,0.0,5.0
2020-10-07,227.0,2.0,202.0,23.0,3.0,0.0,4.0
2020-10-08,229.0,2.0,207.0,20.0,2.0,0.0,5.0
2020-10-09,233.0,2.0,209.0,22.0,4.0,0.0,2.0
2020-10-10,233.0,2.0,209.0,22.0,0.0,0.0,0.0
2020-10-11,234.0,2.0,209.0,23.0,1.0,0.0,0.0
2020-10-12,236.0,2.0,213.0,21.0,2.0,0.0,4.0
2020-10-13,241.0,2.0,217.0,22.0,5.0,0.0,4.0
2020-10-14,248.0,2.0,217.0,29.0,7.0,0.0,0.0
2020-10-15,253.0,2.0,217.0,34.0,5.0,0.0,0.0
2020-10-16,255.0,2.0,217.0,36.0,2.0,0.0,0.0
2020-10-17,260.0,2.0,217.0,41.0,5.0,0.0,0.0
2020-10-18,265.0,2.0,217.0,46.0,5.0,0.0,0.0
2020-10-19,268.0,2.0,222.0,44.0,3.0,0.0,5.0
2020-10-20,271.0,2.0,227.0,42.0,3.0,0.0,5.0
2020-10-21,273.0,2.0,231.0,40.0,2.0,0.0,4.0
2020-10-22,281.0,2.0,233.0,46.0,8.0,0.0,2.0
2020-10-23,295.0,2.0,241.0,52.0,14.0,0.0,8.0
2020-10-24,296.0,2.0,244.0,50.0,1.0,0.0,3.0
2020-10-25,306.0,2.0,244.0,60.0,10.0,0.0,0.0
2020-10-26,310.0,2.0,250.0,58.0,4.0,0.0,6.0
2020-10-27,320.0,2.0,256.0,62.0,10.0,0.0,6.0
2020-10-28,337.0,2.0,256.0,79.0,17.0,0.0,0.0
2020-10-29,347.0,2.0,264.0,81.0,10.0,0.0,8.0
2020-10-30,355.0,2.0,273.0,80.0,8.0,0.0,9.0
2020-10-31,359.0,2.0,273.0,84.0,4.0,0.0,0.0
2020-11-01,366.0,2.0,274.0,90.0,7.0,0.0,1.0
2020-11-02,375.0,2.0,281.0,92.0,9.0,0.0,7.0
2020-11-03,397.0,2.0,293.0,102.0,22.0,0.0,12.0
2020-11-04,412.0,2.0,293.0,117.0,15.0,0.0,0.0
2020-11-05,430.0,2.0,318.0,110.0,18.0,0.0,25.0
2020-11-06,454.0,2.0,331.0,121.0,24.0,0.0,13.0
2020-11-07,483.0,2.0,331.0,150.0,29.0,0.0,0.0
2020-11-08,486.0,2.0,345.0,139.0,3.0,0.0,14.0
2020-11-09,490.0,2.0,369.0,119.0,4.0,0.0,24.0
2020-11-10,512.0,2.0,378.0,132.0,22.0,0.0,9.0
2020-11-11,524.0,2.0,390.0,132.0,12.0,0.0,12.0
2020-11-12,532.0,2.0,408.0,122.0,8.0,0.0,18.0
2020-11-13,540.0,2.0,426.0,112.0,8.0,0.0,18.0
2020-11-14,545.0,2.0,446.0,97.0,5.0,0.0,20.0
2020-11-15,548.0,2.0,450.0,96.0,3.0,0.0,4.0
2020-11-16,552.0,2.0,462.0,88.0,4.0,0.0,12.0
2020-11-17,557.0,3.0,467.0,87.0,5.0,1.0,5.0
