date,confirmed,deaths,recovered,active,new_confirmed,new_deaths,new_recovered
2020-03-10,1.0,0.0,0.0,1.0,,,
2020-03-11,1.0,0.0,0.0,1.0,0.0,0.0,0.0
2020-03-12,1.0,0.0,0.0,1.0,0.0,0.0,0.0
2020-03-13,1.0,0.0,0.0,1.0,0.0,0.0,0.0
2020-03-14,1.0,0.0,0.0,1.0,0.0,0.0,0.0
2020-03-15,1.0,0.0,0.0,1.0,0.0,0.0,0.0
2020-03-16,1.0,0.0,0.0,1.0,0.0,0.0,0.0
2020-03-17,5.0,0.0,0.0,5.0,4.0,0.0,0.0
2020-03-18,6.0,0.0,0.0,6.0,1.0,0.0,0.0
2020-03-19,6.0,0.0,0.0,6.0,0.0,0.0,0.0
2020-03-20,6.0,0.0,0.0,6.0,0.0,0.0,0.0
2020-03-21,10.0,0.0,0.0,10.0,4.0,0.0,0.0
2020-03-22,10.0,0.0,0.0,10.0,0.0,0.0,0.0
2020-03-23,10.0,0.0,0.0,10.0,0.0,0.0,0.0
2020-03-24,10.0,0.0,0.0,10.0,0.0,0.0,0.0
2020-03-25,10.0,0.0,0.0,10.0,0.0,0.0,0.0
2020-03-26,11.0,0.0,0.0,11.0,1.0,0.0,0.0
2020-03-27,11.0,0.0,0.0,11.0,0.0,0.0,0.0
2020-03-28,12.0,0.0,0.0,12.0,1.0,0.0,0.0
2020-03-29,12.0,0.0,0.0,12.0,0.0,0.0,0.0
2020-03-30,12.0,0.0,2.0,10.0,0.0,0.0,2.0
2020-03-31,12.0,0.0,2.0,10.0,0.0,0.0,0.0
2020-04-01,14.0,0.0,2.0,12.0,2.0,0.0,0.0
2020-04-02,14.0,0.0,2.0,12.0,0.0,0.0,0.0
2020-04-03,14.0,0.0,2.0,12.0,0.0,0.0,0.0
2020-04-04,14.0,0.0,2.0,12.0,0.0,0.0,0.0
2020-04-05,14.0,0.0,2.0,12.0,0.0,0.0,0.0
2020-04-06,15.0,0.0,2.0,13.0,1.0,0.0,0.0
2020-04-07,15.0,0.0,4.0,11.0,0.0,0.0,2.0
2020-04-08,16.0,0.0,4.0,12.0,1.0,0.0,0.0
2020-04-09,16.0,0.0,4.0,12.0,0.0,0.0,0.0
2020-04-10,16.0,0.0,4.0,12.0,0.0,0.0,0.0
2020-04-11,16.0,0.0,4.0,12.0,0.0,0.0,0.0
2020-04-12,16.0,0.0,4.0,12.0,0.0,0.0,0.0
2020-04-13,17.0,0.0,4.0,13.0,1.0,0.0,0.0
2020-04-14,30.0,0.0,5.0,25.0,13.0,0.0,1.0
2020-04-15,30.0,0.0,5.0,25.0,0.0,0.0,0.0
2020-04-16,31.0,0.0,5.0,26.0,1.0,0.0,0.0
2020-04-17,31.0,0.0,5.0,26.0,0.0,0.0,0.0
2020-04-18,31.0,0.0,5.0,26.0,0.0,0.0,0.0
2020-04-19,32.0,0.0,7.0,25.0,1.0,0.0,2.0
2020-04-20,33.0,0.0,7.0,26.0,1.0,0.0,0.0
2020-04-21,34.0,0.0,8.0,26.0,1.0,0.0,1.0
2020-04-22,35.0,0.0,8.0,27.0,1.0,0.0,0.0
2020-04-23,36.0,0.0,9.0,27.0,1.0,0.0,1.0
2020-04-24,37.0,0.0,9.0,28.0,1.0,0.0,0.0
2020-04-25,37.0,0.0,9.0,28.0,0.0,0.0,0.0
2020-04-26,38.0,0.0,9.0,29.0,1.0,0.0,0.0
2020-04-27,38.0,0.0,10.0,28.0,0.0,0.0,1.0
2020-04-28,38.0,0.0,10.0,28.0,0.0,0.0,0.0
2020-04-29,38.0,0.0,10.0,28.0,0.0,0.0,0.0
2020-04-30,38.0,0.0,10.0,28.0,0.0,0.0,0.0
2020-05-01,38.0,0.0,10.0,28.0,0.0,0.0,0.0
2020-05-02,39.0,0.0,10.0,29.0,1.0,0.0,0.0
2020-05-03,39.0,0.0,10.0,29.0,0.0,0.0,0.0
2020-05-04,40.0,0.0,12.0,28.0,1.0,0.0,2.0
2020-05-05,41.0,0.0,13.0,28.0,1.0,0.0,1.0
2020-05-06,41.0,0.0,13.0,28.0,0.0,0.0,0.0
2020-05-07,41.0,0.0,13.0,28.0,0.0,0.0,0.0
2020-05-08,42.0,0.0,13.0,29.0,1.0,0.0,0.0
2020-05-09,42.0,0.0,14.0,28.0,0.0,0.0,1.0
2020-05-10,42.0,0.0,14.0,28.0,0.0,0.0,0.0
2020-05-11,42.0,0.0,14.0,28.0,0.0,0.0,0.0
2020-05-12,42.0,0.0,15.0,27.0,0.0,0.0,1.0
2020-05-13,42.0,0.0,15.0,27.0,0.0,0.0,0.0
2020-05-14,98.0,0.0,15.0,83.0,56.0,0.0,0.0
2020-05-15,98.0,0.0,20.0,78.0,0.0,0.0,5.0
2020-05-16,135.0,0.0,20.0,115.0,37.0,0.0,0.0
2020-05-17,136.0,0.0,21.0,115.0,1.0,0.0,1.0
2020-05-18,140.0,0.0,24.0,116.0,4.0,0.0,3.0
2020-05-19,140.0,0.0,26.0,114.0,0.0,0.0,2.0
2020-05-20,140.0,0.0,26.0,114.0,0.0,0.0,0.0
2020-05-21,140.0,0.0,26.0,114.0,0.0,0.0,0.0
2020-05-22,141.0,0.0,28.0,113.0,1.0,0.0,2.0
2020-05-23,141.0,0.0,30.0,111.0,0.0,0.0,2.0
2020-05-24,141.0,0.0,32.0,109.0,0.0,0.0,2.0
2020-05-25,141.0,0.0,33.0,108.0,0.0,0.0,1.0
2020-05-26,141.0,0.0,37.0,104.0,0.0,0.0,4.0
2020-05-27,148.0,0.0,43.0,105.0,7.0,0.0,6.0
2020-05-28,161.0,0.0,43.0,118.0,13.0,0.0,0.0
2020-05-29,179.0,0.0,43.0,136.0,18.0,0.0,0.0
2020-05-30,179.0,0.0,44.0,135.0,0.0,0.0,1.0
2020-05-31,179.0,0.0,44.0,135.0,0.0,0.0,0.0
2020-06-01,185.0,0.0,44.0,141.0,6.0,0.0,0.0
2020-06-02,185.0,0.0,44.0,141.0,0.0,0.0,0.0
2020-06-03,185.0,0.0,44.0,141.0,0.0,0.0,0.0
2020-06-04,186.0,0.0,65.0,121.0,1.0,0.0,21.0
2020-06-05,191.0,0.0,70.0,121.0,5.0,0.0,5.0
2020-06-06,193.0,0.0,75.0,118.0,2.0,0.0,5.0
2020-06-07,193.0,0.0,75.0,118.0,0.0,0.0,0.0
2020-06-08,194.0,0.0,75.0,119.0,1.0,0.0,0.0
2020-06-09,194.0,0.0,87.0,107.0,0.0,0.0,12.0
2020-06-10,194.0,0.0,89.0,105.0,0.0,0.0,2.0
2020-06-11,197.0,0.0,95.0,102.0,3.0,0.0,6.0
2020-06-12,197.0,0.0,95.0,102.0,0.0,0.0,0.0
2020-06-13,197.0,0.0,98.0,99.0,0.0,0.0,3.0
2020-06-14,197.0,0.0,98.0,99.0,0.0,0.0,0.0
2020-06-15,197.0,0.0,109.0,88.0,0.0,0.0,11.0
2020-06-16,197.0,0.0,111.0,86.0,0.0,0.0,2.0
2020-06-17,201.0,0.0,127.0,74.0,4.0,0.0,16.0
2020-06-18,204.0,0.0,132.0,72.0,3.0,0.0,5.0
2020-06-19,204.0,0.0,139.0,65.0,0.0,0.0,7.0
2020-06-20,206.0,0.0,139.0,67.0,2.0,0.0,0.0
2020-06-21,213.0,0.0,153.0,60.0,7.0,0.0,14.0
2020-06-22,215.0,0.0,158.0,57.0,2.0,0.0,5.0
2020-06-23,215.0,0.0,168.0,47.0,0.0,0.0,10.0
2020-06-24,216.0,0.0,169.0,47.0,1.0,0.0,1.0
2020-06-25,219.0,0.0,170.0,49.0,3.0,0.0,1.0
2020-06-26,219.0,0.0,175.0,44.0,0.0,0.0,5.0
2020-06-27,219.0,0.0,175.0,44.0,0.0,0.0,0.0
2020-06-28,220.0,0.0,175.0,45.0,1.0,0.0,0.0
2020-06-29,220.0,0.0,175.0,45.0,0.0,0.0,0.0
2020-06-30,220.0,0.0,176.0,44.0,0.0,0.0,1.0
2020-07-01,220.0,0.0,177.0,43.0,0.0,0.0,1.0
2020-07-02,220.0,0.0,179.0,41.0,0.0,0.0,2.0
2020-07-03,220.0,0.0,183.0,37.0,0.0,0.0,4.0
2020-07-04,220.0,0.0,185.0,35.0,0.0,0.0,2.0
2020-07-05,220.0,0.0,188.0,32.0,0.0,0.0,3.0
2020-07-06,225.0,0.0,194.0,31.0,5.0,0.0,6.0
2020-07-07,227.0,0.0,195.0,32.0,2.0,0.0,1.0
2020-07-08,227.0,0.0,197.0,30.0,0.0,0.0,2.0
2020-07-09,227.0,0.0,197.0,30.0,0.0,0.0,0.0
2020-07-10,227.0,0.0,200.0,27.0,0.0,0.0,3.0
2020-07-11,230.0,0.0,202.0,28.0,3.0,0.0,2.0
2020-07-12,230.0,0.0,203.0,27.0,0.0,0.0,1.0
2020-07-13,243.0,0.0,204.0,39.0,13.0,0.0,1.0
2020-07-14,261.0,0.0,207.0,54.0,18.0,0.0,3.0
2020-07-15,261.0,0.0,209.0,52.0,0.0,0.0,2.0
2020-07-16,262.0,0.0,211.0,51.0,1.0,0.0,2.0
2020-07-17,287.0,0.0,211.0,76.0,25.0,0.0,0.0
2020-07-18,287.0,0.0,213.0,74.0,0.0,0.0,2.0
2020-07-19,287.0,0.0,213.0,74.0,0.0,0.0,0.0
2020-07-20,287.0,0.0,213.0,74.0,0.0,0.0,0.0
2020-07-21,287.0,0.0,213.0,74.0,0.0,0.0,0.0
2020-07-22,287.0,0.0,214.0,73.0,0.0,0.0,1.0
2020-07-23,288.0,0.0,217.0,71.0,1.0,0.0,3.0
2020-07-24,288.0,0.0,218.0,70.0,0.0,0.0,1.0
2020-07-25,288.0,0.0,218.0,70.0,0.0,0.0,0.0
2020-07-26,288.0,0.0,218.0,70.0,0.0,0.0,0.0
2020-07-27,289.0,0.0,222.0,67.0,1.0,0.0,4.0
2020-07-28,291.0,0.0,225.0,66.0,2.0,0.0,3.0
2020-07-29,291.0,0.0,225.0,66.0,0.0,0.0,0.0
2020-07-30,291.0,0.0,225.0,66.0,0.0,0.0,0.0
2020-07-31,291.0,0.0,230.0,61.0,0.0,0.0,5.0
2020-08-01,293.0,0.0,230.0,63.0,2.0,0.0,0.0
2020-08-02,293.0,0.0,230.0,63.0,0.0,0.0,0.0
2020-08-03,293.0,0.0,230.0,63.0,0.0,0.0,0.0
2020-08-04,293.0,0.0,244.0,49.0,0.0,0.0,14.0
2020-08-05,293.0,0.0,260.0,33.0,0.0,0.0,16.0
2020-08-06,293.0,0.0,260.0,33.0,0.0,0.0,0.0
2020-08-07,293.0,0.0,260.0,33.0,0.0,0.0,0.0
2020-08-08,293.0,0.0,260.0,33.0,0.0,0.0,0.0
2020-08-09,293.0,0.0,263.0,30.0,0.0,0.0,3.0
2020-08-10,293.0,0.0,263.0,30.0,0.0,0.0,0.0
2020-08-11,293.0,0.0,269.0,24.0,0.0,0.0,6.0
2020-08-12,297.0,0.0,269.0,28.0,4.0,0.0,0.0
2020-08-13,297.0,0.0,269.0,28.0,0.0,0.0,0.0
2020-08-14,298.0,0.0,272.0,26.0,1.0,0.0,3.0
2020-08-15,298.0,0.0,276.0,22.0,0.0,0.0,4.0
2020-08-16,298.0,0.0,276.0,22.0,0.0,0.0,0.0
2020-08-17,298.0,0.0,278.0,20.0,0.0,0.0,2.0
2020-08-18,298.0,0.0,281.0,17.0,0.0,0.0,3.0
2020-08-19,298.0,0.0,281.0,17.0,0.0,0.0,0.0
2020-08-20,298.0,0.0,283.0,15.0,0.0,0.0,2.0
2020-08-21,298.0,0.0,288.0,10.0,0.0,0.0,5.0
2020-08-22,298.0,0.0,288.0,10.0,0.0,0.0,0.0
2020-08-23,298.0,0.0,289.0,9.0,0.0,0.0,1.0
2020-08-24,298.0,0.0,289.0,9.0,0.0,0.0,0.0
2020-08-25,300.0,0.0,289.0,11.0,2.0,0.0,0.0
2020-08-26,301.0,0.0,291.0,10.0,1.0,0.0,2.0
2020-08-27,301.0,0.0,291.0,10.0,0.0,0.0,0.0
2020-08-28,301.0,0.0,291.0,10.0,0.0,0.0,0.0
2020-08-29,301.0,0.0,295.0,6.0,0.0,0.0,4.0
2020-08-30,301.0,0.0,295.0,6.0,0.0,0.0,0.0
2020-08-31,304.0,0.0,295.0,9.0,3.0,0.0,0.0
2020-09-01,306.0,0.0,296.0,10.0,2.0,0.0,1.0
2020-09-02,306.0,0.0,296.0,10.0,0.0,0.0,0.0
2020-09-03,310.0,0.0,296.0,14.0,4.0,0.0,0.0
2020-09-04,310.0,0.0,296.0,14.0,0.0,0.0,0.0
2020-09-05,310.0,0.0,296.0,14.0,0.0,0.0,0.0
2020-09-06,310.0,0.0,296.0,14.0,0.0,0.0,0.0
2020-09-07,310.0,0.0,296.0,14.0,0.0,0.0,0.0
2020-09-08,310.0,0.0,296.0,14.0,0.0,0.0,0.0
2020-09-09,310.0,0.0,298.0,12.0,0.0,0.0,2.0
2020-09-10,311.0,0.0,298.0,13.0,1.0,0.0,0.0
2020-09-11,311.0,0.0,298.0,13.0,0.0,0.0,0.0
2020-09-12,311.0,0.0,298.0,13.0,0.0,0.0,0.0
2020-09-13,311.0,0.0,300.0,11.0,0.0,0.0,2.0
2020-09-14,311.0,0.0,301.0,10.0,0.0,0.0,1.0
2020-09-15,311.0,0.0,301.0,10.0,0.0,0.0,0.0
2020-09-16,311.0,0.0,301.0,10.0,0.0,0.0,0.0
2020-09-17,311.0,0.0,302.0,9.0,0.0,0.0,1.0
2020-09-18,311.0,0.0,302.0,9.0,0.0,0.0,0.0
2020-09-19,312.0,0.0,302.0,10.0,1.0,0.0,0.0
2020-09-20,312.0,0.0,302.0,10.0,0.0,0.0,0.0
2020-09-21,313.0,0.0,302.0,11.0,1.0,0.0,0.0
2020-09-22,313.0,0.0,302.0,11.0,0.0,0.0,0.0
2020-09-23,313.0,0.0,302.0,11.0,0.0,0.0,0.0
2020-09-24,313.0,0.0,303.0,10.0,0.0,0.0,1.0
2020-09-25,313.0,0.0,303.0,10.0,0.0,0.0,0.0
2020-09-26,313.0,0.0,303.0,10.0,0.0,0.0,0.0
2020-09-27,313.0,0.0,305.0,8.0,0.0,0.0,2.0
2020-09-28,313.0,0.0,305.0,8.0,0.0,0.0,0.0
2020-09-29,313.0,0.0,305.0,8.0,0.0,0.0,0.0
2020-09-30,313.0,0.0,307.0,6.0,0.0,0.0,2.0
2020-10-01,313.0,0.0,307.0,6.0,0.0,0.0,0.0
2020-10-02,313.0,0.0,307.0,6.0,0.0,0.0,0.0
2020-10-03,313.0,0.0,307.0,6.0,0.0,0.0,0.0
2020-10-04,314.0,0.0,307.0,7.0,1.0,0.0,0.0
2020-10-05,315.0,0.0,307.0,8.0,1.0,0.0,0.0
2020-10-06,315.0,0.0,308.0,7.0,0.0,0.0,1.0
2020-10-07,315.0,0.0,308.0,7.0,0.0,0.0,0.0
2020-10-08,315.0,0.0,308.0,7.0,0.0,0.0,0.0
2020-10-09,315.0,0.0,310.0,5.0,0.0,0.0,2.0
2020-10-10,315.0,0.0,310.0,5.0,0.0,0.0,0.0
2020-10-11,318.0,0.0,310.0,8.0,3.0,0.0,0.0
2020-10-12,320.0,0.0,311.0,9.0,2.0,0.0,1.0
2020-10-13,320.0,0.0,311.0,9.0,0.0,0.0,0.0
2020-10-14,320.0,0.0,311.0,9.0,0.0,0.0,0.0
2020-10-15,320.0,0.0,311.0,9.0,0.0,0.0,0.0
2020-10-16,320.0,0.0,311.0,9.0,0.0,0.0,0.0
2020-10-17,320.0,0.0,311.0,9.0,0.0,0.0,0.0
2020-10-18,324.0,0.0,312.0,12.0,4.0,0.0,1.0
2020-10-19,326.0,0.0,312.0,14.0,2.0,0.0,0.0
2020-10-20,327.0,0.0,312.0,15.0,1.0,0.0,0.0
2020-10-21,328.0,0.0,312.0,16.0,1.0,0.0,0.0
2020-10-22,328.0,0.0,312.0,16.0,0.0,0.0,0.0
2020-10-23,328.0,0.0,312.0,16.0,0.0,0.0,0.0
2020-10-24,338.0,0.0,312.0,26.0,10.0,0.0,0.0
2020-10-25,339.0,0.0,312.0,27.0,1.0,0.0,0.0
2020-10-26,340.0,0.0,312.0,28.0,1.0,0.0,0.0
2020-10-27,340.0,0.0,312.0,28.0,0.0,0.0,0.0
2020-10-28,340.0,0.0,312.0,28.0,0.0,0.0,0.0
2020-10-29,340.0,0.0,313.0,27.0,0.0,0.0,1.0
2020-10-30,346.0,0.0,313.0,33.0,6.0,0.0,0.0
2020-10-31,346.0,0.0,313.0,33.0,0.0,0.0,0.0
2020-11-01,349.0,0.0,313.0,36.0,3.0,0.0,0.0
2020-11-02,350.0,0.0,313.0,37.0,1.0,0.0,0.0
2020-11-03,352.0,0.0,314.0,38.0,2.0,0.0,1.0
2020-11-04,353.0,0.0,314.0,39.0,1.0,0.0,0.0
2020-11-05,356.0,0.0,314.0,42.0,3.0,0.0,0.0
2020-11-06,357.0,0.0,314.0,43.0,1.0,0.0,0.0
2020-11-07,357.0,0.0,314.0,43.0,0.0,0.0,0.0
2020-11-08,362.0,0.0,317.0,45.0,5.0,0.0,3.0
2020-11-09,368.0,0.0,317.0,51.0,6.0,0.0,0.0
2020-11-10,382.0,0.0,317.0,65.0,14.0,0.0,0.0
2020-11-11,406.0,0.0,317.0,89.0,24.0,0.0,0.0
2020-11-12,412.0,0.0,317.0,95.0,6.0,0.0,0.0
2020-11-13,416.0,0.0,328.0,88.0,4.0,0.0,11.0
2020-11-14,428.0,0.0,328.0,100.0,12.0,0.0,0.0
2020-11-15,431.0,0.0,328.0,103.0,3.0,0.0,0.0
2020-11-16,434.0,0.0,328.0,106.0,3.0,0.0,0.0
2020-11-17,455.0,0.0,329.0,126.0,21.0,0.0,1.0
2020-11-18,505.0,0.0,329.0,176.0,50.0,0.0,0.0
2020-11-19,555.0,0.0,335.0,220.0,50.0,0.0,6.0
2020-11-20,578.0,0.0,337.0,241.0,23.0,0.0,2.0
2020-11-21,608.0,0.0,337.0,271.0,30.0,0.0,0.0
2020-11-22,640.0,0.0,340.0,300.0,32.0,0.0,3.0
2020-11-23,672.0,0.0,342.0,330.0,32.0,0.0,2.0
2020-11-24,699.0,0.0,342.0,357.0,27.0,0.0,0.0
2020-11-25,712.0,0.0,345.0,367.0,13.0,0.0,3.0
2020-11-26,738.0,0.0,347.0,391.0,26.0,0.0,2.0
2020-11-27,760.0,0.0,347.0,413.0,22.0,0.0,0.0
2020-11-28,784.0,0.0,354.0,430.0,24.0,0.0,7.0
2020-11-29,791.0,0.0,354.0,437.0,7.0,0.0,0.0
2020-11-30,801.0,0.0,358.0,443.0,10.0,0.0,4.0
2020-12-01,812.0,0.0,358.0,454.0,11.0,0.0,0.0
2020-12-02,819.0,0.0,365.0,454.0,7.0,0.0,7.0
2020-12-03,831.0,0.0,365.0,466.0,12.0,0.0,0.0
2020-12-04,842.0,0.0,368.0,474.0,11.0,0.0,3.0
