date,confirmed,deaths,recovered,active,new_confirmed,new_deaths,new_recovered
2020-03-17,2.0,0.0,0.0,2.0,,,
2020-03-18,1.0,0.0,0.0,1.0,-1.0,0.0,0.0
2020-03-19,3.0,0.0,0.0,3.0,2.0,0.0,0.0
2020-03-20,14.0,0.0,0.0,14.0,11.0,0.0,0.0
2020-03-21,14.0,0.0,0.0,14.0,0.0,0.0,0.0
2020-03-22,21.0,0.0,0.0,21.0,7.0,0.0,0.0
2020-03-23,27.0,1.0,0.0,26.0,6.0,1.0,0.0
2020-03-24,47.0,1.0,0.0,46.0,20.0,0.0,0.0
2020-03-25,52.0,1.0,0.0,51.0,5.0,0.0,0.0
2020-03-26,69.0,1.0,0.0,68.0,17.0,0.0,0.0
2020-03-27,82.0,1.0,0.0,81.0,13.0,0.0,0.0
2020-03-28,84.0,1.0,0.0,83.0,2.0,0.0,0.0
2020-03-29,85.0,1.0,0.0,84.0,1.0,0.0,0.0
2020-03-30,91.0,1.0,0.0,90.0,6.0,0.0,0.0
2020-03-31,109.0,2.0,0.0,107.0,18.0,1.0,0.0
2020-04-01,123.0,2.0,0.0,121.0,14.0,0.0,0.0
2020-04-02,144.0,2.0,0.0,142.0,21.0,0.0,0.0
2020-04-03,174.0,2.0,1.0,171.0,30.0,0.0,1.0
2020-04-04,201.0,2.0,1.0,198.0,27.0,0.0,0.0
2020-04-05,214.0,2.0,1.0,211.0,13.0,0.0,0.0
2020-04-06,233.0,2.0,1.0,230.0,19.0,0.0,0.0
2020-04-07,241.0,2.0,4.0,235.0,8.0,0.0,3.0
2020-04-08,248.0,2.0,4.0,242.0,7.0,0.0,0.0
2020-04-09,252.0,2.0,4.0,246.0,4.0,0.0,0.0
2020-04-10,255.0,2.0,4.0,249.0,3.0,0.0,0.0
2020-04-11,263.0,2.0,5.0,256.0,8.0,0.0,1.0
2020-04-12,272.0,3.0,5.0,264.0,9.0,1.0,0.0
2020-04-13,274.0,3.0,5.0,266.0,2.0,0.0,0.0
2020-04-14,283.0,4.0,46.0,233.0,9.0,1.0,41.0
2020-04-15,288.0,4.0,55.0,229.0,5.0,0.0,9.0
2020-04-16,303.0,4.0,55.0,244.0,15.0,0.0,0.0
2020-04-17,303.0,5.0,55.0,243.0,0.0,1.0,0.0
2020-04-18,307.0,5.0,55.0,247.0,4.0,0.0,0.0
2020-04-19,308.0,5.0,55.0,248.0,1.0,0.0,0.0
2020-04-20,312.0,5.0,88.0,219.0,4.0,0.0,33.0
2020-04-21,313.0,5.0,101.0,207.0,1.0,0.0,13.0
2020-04-22,315.0,5.0,116.0,194.0,2.0,0.0,15.0
2020-04-23,316.0,5.0,123.0,188.0,1.0,0.0,7.0
2020-04-24,319.0,6.0,123.0,190.0,3.0,1.0,0.0
2020-04-25,320.0,6.0,153.0,161.0,1.0,0.0,30.0
2020-04-26,321.0,7.0,153.0,161.0,1.0,1.0,0.0
2020-04-27,321.0,7.0,189.0,125.0,0.0,0.0,36.0
2020-04-28,321.0,7.0,199.0,115.0,0.0,0.0,10.0
2020-04-29,322.0,7.0,203.0,112.0,1.0,0.0,4.0
2020-04-30,322.0,7.0,214.0,101.0,0.0,0.0,11.0
2020-05-01,322.0,7.0,233.0,82.0,0.0,0.0,19.0
2020-05-02,322.0,8.0,245.0,69.0,0.0,1.0,12.0
2020-05-03,322.0,8.0,249.0,65.0,0.0,0.0,4.0
2020-05-04,323.0,8.0,253.0,62.0,1.0,0.0,4.0
2020-05-05,324.0,8.0,253.0,63.0,1.0,0.0,0.0
2020-05-06,324.0,8.0,261.0,55.0,0.0,0.0,8.0
2020-05-07,324.0,8.0,265.0,51.0,0.0,0.0,4.0
2020-05-08,324.0,8.0,267.0,49.0,0.0,0.0,2.0
2020-05-09,324.0,8.0,274.0,42.0,0.0,0.0,7.0
2020-05-10,324.0,9.0,290.0,25.0,0.0,1.0,16.0
2020-05-11,324.0,9.0,294.0,21.0,0.0,0.0,4.0
2020-05-12,324.0,9.0,298.0,17.0,0.0,0.0,4.0
2020-05-13,324.0,9.0,307.0,8.0,0.0,0.0,9.0
2020-05-14,324.0,9.0,309.0,6.0,0.0,0.0,2.0
2020-05-15,324.0,9.0,311.0,4.0,0.0,0.0,2.0
2020-05-16,324.0,9.0,311.0,4.0,0.0,0.0,0.0
2020-05-17,324.0,9.0,311.0,4.0,0.0,0.0,0.0
2020-05-18,324.0,9.0,311.0,4.0,0.0,0.0,0.0
2020-05-19,324.0,9.0,312.0,3.0,0.0,0.0,1.0
2020-05-20,324.0,9.0,312.0,3.0,0.0,0.0,0.0
2020-05-21,324.0,9.0,314.0,1.0,0.0,0.0,2.0
2020-05-22,324.0,9.0,314.0,1.0,0.0,0.0,0.0
2020-05-23,324.0,9.0,314.0,1.0,0.0,0.0,0.0
2020-05-24,324.0,9.0,315.0,0.0,0.0,0.0,1.0
2020-05-25,324.0,9.0,315.0,0.0,0.0,0.0,0.0
2020-05-26,324.0,9.0,315.0,0.0,0.0,0.0,0.0
2020-05-27,324.0,9.0,315.0,0.0,0.0,0.0,0.0
2020-05-28,324.0,9.0,315.0,0.0,0.0,0.0,0.0
2020-05-29,324.0,9.0,315.0,0.0,0.0,0.0,0.0
2020-05-30,324.0,9.0,315.0,0.0,0.0,0.0,0.0
2020-05-31,324.0,9.0,315.0,0.0,0.0,0.0,0.0
2020-06-01,324.0,9.0,315.0,0.0,0.0,0.0,0.0
2020-06-02,324.0,9.0,315.0,0.0,0.0,0.0,0.0
2020-06-03,324.0,9.0,315.0,0.0,0.0,0.0,0.0
2020-06-04,324.0,9.0,315.0,0.0,0.0,0.0,0.0
2020-06-05,324.0,9.0,315.0,0.0,0.0,0.0,0.0
2020-06-06,324.0,9.0,315.0,0.0,0.0,0.0,0.0
2020-06-07,324.0,9.0,315.0,0.0,0.0,0.0,0.0
2020-06-08,324.0,9.0,315.0,0.0,0.0,0.0,0.0
2020-06-09,324.0,9.0,315.0,0.0,0.0,0.0,0.0
2020-06-10,324.0,9.0,315.0,0.0,0.0,0.0,0.0
2020-06-11,324.0,9.0,315.0,0.0,0.0,0.0,0.0
2020-06-12,324.0,9.0,315.0,0.0,0.0,0.0,0.0
2020-06-13,324.0,9.0,315.0,0.0,0.0,0.0,0.0
2020-06-14,325.0,9.0,315.0,1.0,1.0,0.0,0.0
2020-06-15,326.0,9.0,315.0,2.0,1.0,0.0,0.0
2020-06-16,326.0,9.0,315.0,2.0,0.0,0.0,0.0
2020-06-17,333.0,9.0,315.0,9.0,7.0,0.0,0.0
2020-06-18,337.0,9.0,315.0,13.0,4.0,0.0,0.0
2020-06-19,355.0,9.0,315.0,31.0,18.0,0.0,0.0
2020-06-20,359.0,9.0,315.0,35.0,4.0,0.0,0.0
2020-06-21,362.0,9.0,315.0,38.0,3.0,0.0,0.0
2020-06-22,367.0,9.0,315.0,43.0,5.0,0.0,0.0
2020-06-23,378.0,9.0,315.0,54.0,11.0,0.0,0.0
2020-06-24,389.0,9.0,315.0,65.0,11.0,0.0,0.0
2020-06-25,414.0,9.0,315.0,90.0,25.0,0.0,0.0
2020-06-26,439.0,9.0,315.0,115.0,25.0,0.0,0.0
2020-06-27,469.0,9.0,315.0,145.0,30.0,0.0,0.0
2020-06-28,481.0,11.0,315.0,155.0,12.0,2.0,0.0
2020-06-29,501.0,11.0,315.0,175.0,20.0,0.0,0.0
2020-06-30,548.0,12.0,315.0,221.0,47.0,1.0,0.0
2020-07-01,576.0,12.0,315.0,249.0,28.0,0.0,0.0
2020-07-02,616.0,12.0,315.0,289.0,40.0,0.0,0.0
2020-07-03,663.0,13.0,315.0,335.0,47.0,1.0,0.0
2020-07-04,720.0,14.0,315.0,391.0,57.0,1.0,0.0
2020-07-05,781.0,14.0,315.0,452.0,61.0,0.0,0.0
2020-07-06,841.0,14.0,315.0,512.0,60.0,0.0,0.0
2020-07-07,907.0,17.0,320.0,570.0,66.0,3.0,5.0
2020-07-08,960.0,17.0,320.0,623.0,53.0,0.0,0.0
2020-07-09,1019.0,19.0,320.0,680.0,59.0,2.0,0.0
2020-07-10,1019.0,19.0,320.0,680.0,0.0,0.0,0.0
2020-07-11,1164.0,23.0,325.0,816.0,145.0,4.0,5.0
2020-07-12,1221.0,23.0,325.0,873.0,57.0,0.0,0.0
2020-07-13,1287.0,24.0,330.0,933.0,66.0,1.0,5.0
2020-07-14,1287.0,24.0,330.0,933.0,0.0,0.0,0.0
2020-07-15,1287.0,24.0,330.0,933.0,0.0,0.0,0.0
2020-07-16,1287.0,24.0,330.0,933.0,0.0,0.0,0.0
2020-07-17,1965.0,26.0,357.0,1582.0,678.0,2.0,27.0
2020-07-18,2072.0,30.0,378.0,1664.0,107.0,4.0,21.0
2020-07-19,2188.0,32.0,385.0,1771.0,116.0,2.0,7.0
2020-07-20,2188.0,32.0,385.0,1771.0,0.0,0.0,0.0
2020-07-21,2381.0,35.0,426.0,1920.0,193.0,3.0,41.0
2020-07-22,2472.0,39.0,426.0,2007.0,91.0,4.0,0.0
2020-07-23,2569.0,40.0,538.0,1991.0,97.0,1.0,112.0
2020-07-24,2665.0,43.0,643.0,1979.0,96.0,3.0,105.0
2020-07-25,2747.0,43.0,664.0,2040.0,82.0,0.0,21.0
2020-07-26,2799.0,43.0,739.0,2017.0,52.0,0.0,75.0
2020-07-27,2893.0,45.0,809.0,2039.0,94.0,2.0,70.0
2020-07-28,2949.0,45.0,839.0,2065.0,56.0,0.0,30.0
2020-07-29,3016.0,47.0,931.0,2038.0,67.0,2.0,92.0
2020-07-30,3016.0,47.0,931.0,2038.0,0.0,0.0,0.0
2020-07-31,3073.0,48.0,1005.0,2020.0,57.0,1.0,74.0
2020-08-01,3198.0,50.0,1293.0,1855.0,125.0,2.0,288.0
2020-08-02,3258.0,51.0,1445.0,1762.0,60.0,1.0,152.0
2020-08-03,3301.0,52.0,1445.0,1804.0,43.0,1.0,0.0
2020-08-04,3361.0,53.0,1869.0,1439.0,60.0,1.0,424.0
2020-08-05,3411.0,57.0,2032.0,1322.0,50.0,4.0,163.0
2020-08-06,3480.0,60.0,2178.0,1242.0,69.0,3.0,146.0
2020-08-07,3549.0,61.0,2296.0,1192.0,69.0,1.0,118.0
2020-08-08,3588.0,62.0,2407.0,1119.0,39.0,1.0,111.0
2020-08-09,3618.0,64.0,2452.0,1102.0,30.0,2.0,45.0
2020-08-10,3696.0,68.0,2521.0,1107.0,78.0,4.0,69.0
2020-08-11,3748.0,71.0,2558.0,1119.0,52.0,3.0,37.0
2020-08-12,3813.0,73.0,2638.0,1102.0,65.0,2.0,80.0
2020-08-13,3857.0,73.0,2680.0,1104.0,44.0,0.0,42.0
2020-08-14,3930.0,73.0,2752.0,1105.0,73.0,0.0,72.0
2020-08-15,3960.0,75.0,2830.0,1055.0,30.0,2.0,78.0
2020-08-16,4035.0,77.0,2910.0,1048.0,75.0,2.0,80.0
2020-08-17,4085.0,80.0,2986.0,1019.0,50.0,3.0,76.0
2020-08-18,4132.0,80.0,3035.0,1017.0,47.0,0.0,49.0
2020-08-19,4174.0,80.0,3127.0,967.0,42.0,0.0,92.0
2020-08-20,4229.0,81.0,3186.0,962.0,55.0,1.0,59.0
2020-08-21,4277.0,82.0,3281.0,914.0,48.0,1.0,95.0
2020-08-22,4313.0,84.0,3333.0,896.0,36.0,2.0,52.0
2020-08-23,4343.0,84.0,3356.0,903.0,30.0,0.0,23.0
2020-08-24,4378.0,84.0,3420.0,874.0,35.0,0.0,64.0
2020-08-25,4444.0,87.0,3480.0,877.0,66.0,3.0,60.0
2020-08-26,4499.0,88.0,3558.0,853.0,55.0,1.0,78.0
2020-08-27,4558.0,89.0,3606.0,863.0,59.0,1.0,48.0
2020-08-28,4663.0,92.0,3731.0,840.0,105.0,3.0,125.0
2020-08-29,4727.0,93.0,3839.0,795.0,64.0,1.0,108.0
2020-08-30,4790.0,98.0,3963.0,729.0,63.0,5.0,124.0
2020-08-31,4835.0,100.0,4021.0,714.0,45.0,2.0,58.0
2020-09-01,4917.0,102.0,4058.0,757.0,82.0,2.0,37.0
2020-09-02,5019.0,104.0,4104.0,811.0,102.0,2.0,46.0
2020-09-03,5165.0,104.0,4164.0,897.0,146.0,0.0,60.0
2020-09-04,5275.0,106.0,4203.0,966.0,110.0,2.0,39.0
2020-09-05,5422.0,107.0,4224.0,1091.0,147.0,1.0,21.0
2020-09-06,5553.0,108.0,4231.0,1214.0,131.0,1.0,7.0
2020-09-07,5659.0,109.0,4272.0,1278.0,106.0,1.0,41.0
2020-09-08,5875.0,112.0,4312.0,1451.0,216.0,3.0,40.0
2020-09-09,6094.0,114.0,4350.0,1630.0,219.0,2.0,38.0
2020-09-10,6222.0,114.0,4393.0,1715.0,128.0,0.0,43.0
2020-09-11,6385.0,115.0,4460.0,1810.0,163.0,1.0,67.0
2020-09-12,6530.0,118.0,4491.0,1921.0,145.0,3.0,31.0
2020-09-13,6712.0,120.0,4507.0,2085.0,182.0,2.0,16.0
2020-09-14,6900.0,121.0,4589.0,2190.0,188.0,1.0,82.0
2020-09-15,7061.0,123.0,4692.0,2246.0,161.0,2.0,103.0
2020-09-16,7291.0,126.0,4764.0,2401.0,230.0,3.0,72.0
2020-09-17,7503.0,129.0,4892.0,2482.0,212.0,3.0,128.0
2020-09-18,7711.0,133.0,4997.0,2581.0,208.0,4.0,105.0
2020-09-19,7898.0,134.0,5129.0,2635.0,187.0,1.0,132.0
2020-09-20,8612.0,136.0,5268.0,3208.0,714.0,2.0,139.0
2020-09-21,8842.0,138.0,5425.0,3279.0,230.0,2.0,157.0
2020-09-22,9138.0,146.0,5544.0,3448.0,296.0,8.0,119.0
2020-09-23,9428.0,151.0,5728.0,3549.0,290.0,5.0,184.0
2020-09-24,9717.0,154.0,5917.0,3646.0,289.0,3.0,189.0
2020-09-25,9962.0,155.0,6177.0,3630.0,245.0,1.0,260.0
2020-09-26,10197.0,158.0,6368.0,3671.0,235.0,3.0,191.0
2020-09-27,10313.0,158.0,6456.0,3699.0,116.0,0.0,88.0
2020-09-28,10441.0,163.0,6720.0,3558.0,128.0,5.0,264.0
2020-09-29,10575.0,164.0,7002.0,3409.0,134.0,1.0,282.0
2020-09-30,10772.0,169.0,7192.0,3411.0,197.0,5.0,190.0
2020-10-01,10987.0,170.0,7397.0,3420.0,215.0,1.0,205.0
2020-10-02,11690.0,172.0,7618.0,3900.0,703.0,2.0,221.0
2020-10-03,11934.0,174.0,7803.0,3957.0,244.0,2.0,185.0
2020-10-04,12127.0,179.0,7953.0,3995.0,193.0,5.0,150.0
2020-10-05,12359.0,182.0,8308.0,3869.0,232.0,3.0,355.0
2020-10-06,12584.0,188.0,8557.0,3839.0,225.0,6.0,249.0
2020-10-07,12794.0,190.0,8907.0,3697.0,210.0,2.0,350.0
2020-10-08,13004.0,191.0,9154.0,3659.0,210.0,1.0,247.0
2020-10-09,13348.0,194.0,9326.0,3828.0,344.0,3.0,172.0
2020-10-10,13641.0,198.0,9429.0,4014.0,293.0,4.0,103.0
2020-10-11,13869.0,202.0,9620.0,4047.0,228.0,4.0,191.0
2020-10-12,14050.0,211.0,9920.0,3919.0,181.0,9.0,300.0
2020-10-13,14268.0,213.0,10063.0,3992.0,218.0,2.0,143.0
2020-10-14,14461.0,217.0,10201.0,4043.0,193.0,4.0,138.0
2020-10-15,14672.0,221.0,10355.0,4096.0,211.0,4.0,154.0
2020-10-16,15281.0,228.0,10569.0,4484.0,609.0,7.0,214.0
2020-10-17,15427.0,231.0,10768.0,4428.0,146.0,3.0,199.0
2020-10-18,15615.0,236.0,10994.0,4385.0,188.0,5.0,226.0
