date,confirmed,deaths,recovered,active,new_confirmed,new_deaths,new_recovered
2020-03-02,1.0,0.0,0.0,1.0,,,
2020-03-03,1.0,0.0,0.0,1.0,0.0,0.0,0.0
2020-03-04,1.0,0.0,0.0,1.0,0.0,0.0,0.0
2020-03-05,2.0,0.0,0.0,2.0,1.0,0.0,0.0
2020-03-06,2.0,0.0,0.0,2.0,0.0,0.0,0.0
2020-03-07,2.0,0.0,0.0,2.0,0.0,0.0,0.0
2020-03-08,2.0,0.0,0.0,2.0,0.0,0.0,0.0
2020-03-09,2.0,0.0,0.0,2.0,0.0,0.0,0.0
2020-03-10,3.0,1.0,0.0,2.0,1.0,1.0,0.0
2020-03-11,5.0,1.0,0.0,4.0,2.0,0.0,0.0
2020-03-12,6.0,1.0,0.0,5.0,1.0,0.0,0.0
2020-03-13,7.0,1.0,1.0,5.0,1.0,0.0,1.0
2020-03-14,17.0,1.0,1.0,15.0,10.0,0.0,0.0
2020-03-15,28.0,1.0,1.0,26.0,11.0,0.0,0.0
2020-03-16,29.0,1.0,1.0,27.0,1.0,0.0,0.0
2020-03-17,38.0,2.0,1.0,35.0,9.0,1.0,0.0
2020-03-18,49.0,2.0,1.0,46.0,11.0,0.0,0.0
2020-03-19,63.0,2.0,1.0,60.0,14.0,0.0,0.0
2020-03-20,77.0,3.0,1.0,73.0,14.0,1.0,0.0
2020-03-21,96.0,3.0,3.0,90.0,19.0,0.0,2.0
2020-03-22,115.0,4.0,3.0,108.0,19.0,1.0,0.0
2020-03-23,143.0,4.0,5.0,134.0,28.0,0.0,2.0
2020-03-24,170.0,5.0,6.0,159.0,27.0,1.0,1.0
2020-03-25,225.0,6.0,7.0,212.0,55.0,1.0,1.0
2020-03-26,275.0,11.0,8.0,256.0,50.0,5.0,1.0
2020-03-27,345.0,23.0,11.0,311.0,70.0,12.0,3.0
2020-03-28,402.0,25.0,11.0,366.0,57.0,2.0,0.0
2020-03-29,479.0,26.0,13.0,440.0,77.0,1.0,2.0
2020-03-30,556.0,33.0,15.0,508.0,77.0,7.0,2.0
2020-03-31,617.0,36.0,24.0,557.0,61.0,3.0,9.0
2020-04-01,654.0,39.0,29.0,586.0,37.0,3.0,5.0
2020-04-02,708.0,44.0,31.0,633.0,54.0,5.0,2.0
2020-04-03,791.0,48.0,57.0,686.0,83.0,4.0,26.0
2020-04-04,919.0,59.0,66.0,794.0,128.0,11.0,9.0
2020-04-05,1021.0,70.0,76.0,875.0,102.0,11.0,10.0
2020-04-06,1120.0,80.0,81.0,959.0,99.0,10.0,5.0
2020-04-07,1184.0,90.0,93.0,1001.0,64.0,10.0,12.0
2020-04-08,1275.0,93.0,97.0,1085.0,91.0,3.0,4.0
2020-04-09,1374.0,97.0,109.0,1168.0,99.0,4.0,12.0
2020-04-10,1448.0,107.0,122.0,1219.0,74.0,10.0,13.0
2020-04-11,1545.0,111.0,146.0,1288.0,97.0,4.0,24.0
2020-04-12,1661.0,118.0,177.0,1366.0,116.0,7.0,31.0
2020-04-13,1763.0,126.0,203.0,1434.0,102.0,8.0,26.0
2020-04-14,1888.0,126.0,217.0,1545.0,125.0,0.0,14.0
2020-04-15,2024.0,127.0,229.0,1668.0,136.0,1.0,12.0
2020-04-16,2283.0,130.0,249.0,1904.0,259.0,3.0,20.0
2020-04-17,2564.0,135.0,281.0,2148.0,281.0,5.0,32.0
2020-04-18,2685.0,137.0,314.0,2234.0,121.0,2.0,33.0
2020-04-19,2855.0,141.0,327.0,2387.0,170.0,4.0,13.0
2020-04-20,3046.0,143.0,350.0,2553.0,191.0,2.0,23.0
2020-04-21,3209.0,145.0,393.0,2671.0,163.0,2.0,43.0
2020-04-22,3446.0,149.0,417.0,2880.0,237.0,4.0,24.0
2020-04-23,3568.0,155.0,456.0,2957.0,122.0,6.0,39.0
2020-04-24,3758.0,158.0,486.0,3114.0,190.0,3.0,30.0
2020-04-25,3897.0,159.0,537.0,3201.0,139.0,1.0,51.0
2020-04-26,4065.0,161.0,593.0,3311.0,168.0,2.0,56.0
2020-04-27,4120.0,162.0,695.0,3263.0,55.0,1.0,102.0
2020-04-28,4252.0,165.0,778.0,3309.0,132.0,3.0,83.0
2020-04-29,4321.0,168.0,928.0,3225.0,69.0,3.0,150.0
2020-04-30,4423.0,170.0,984.0,3269.0,102.0,2.0,56.0
2020-05-01,4569.0,171.0,1083.0,3315.0,146.0,1.0,99.0
2020-05-02,4729.0,173.0,1256.0,3300.0,160.0,2.0,173.0
2020-05-03,4903.0,174.0,1438.0,3291.0,174.0,1.0,182.0
2020-05-04,5053.0,179.0,1653.0,3221.0,150.0,5.0,215.0
2020-05-05,5219.0,181.0,1838.0,3200.0,166.0,2.0,185.0
2020-05-06,5408.0,183.0,2017.0,3208.0,189.0,2.0,179.0
2020-05-07,5548.0,183.0,2179.0,3186.0,140.0,0.0,162.0
2020-05-08,5711.0,186.0,2324.0,3201.0,163.0,3.0,145.0
2020-05-09,5910.0,186.0,2461.0,3263.0,199.0,0.0,137.0
2020-05-10,6063.0,188.0,2554.0,3321.0,153.0,2.0,93.0
2020-05-11,6281.0,188.0,2811.0,3282.0,218.0,0.0,257.0
2020-05-12,6418.0,188.0,2991.0,3239.0,137.0,0.0,180.0
2020-05-13,6512.0,188.0,3131.0,3193.0,94.0,0.0,140.0
2020-05-14,6607.0,190.0,3310.0,3107.0,95.0,2.0,179.0
2020-05-15,6652.0,190.0,3400.0,3062.0,45.0,0.0,90.0
2020-05-16,6741.0,192.0,3487.0,3062.0,89.0,2.0,87.0
2020-05-17,6870.0,192.0,3660.0,3018.0,129.0,0.0,173.0
2020-05-18,6952.0,192.0,3758.0,3002.0,82.0,0.0,98.0
2020-05-19,7023.0,193.0,3901.0,2929.0,71.0,1.0,143.0
2020-05-20,7133.0,194.0,4098.0,2841.0,110.0,1.0,197.0
2020-05-21,7211.0,196.0,4280.0,2735.0,78.0,2.0,182.0
2020-05-22,7332.0,197.0,4377.0,2758.0,121.0,1.0,97.0
2020-05-23,7406.0,198.0,4638.0,2570.0,74.0,1.0,261.0
2020-05-24,7433.0,199.0,4703.0,2531.0,27.0,1.0,65.0
2020-05-25,7532.0,200.0,4774.0,2558.0,99.0,1.0,71.0
2020-05-26,7577.0,202.0,4881.0,2494.0,45.0,2.0,107.0
2020-05-27,7601.0,202.0,4978.0,2421.0,24.0,0.0,97.0
2020-05-28,7643.0,202.0,5195.0,2246.0,42.0,0.0,217.0
2020-05-29,7714.0,202.0,5271.0,2241.0,71.0,0.0,76.0
2020-05-30,7780.0,204.0,5401.0,2175.0,66.0,2.0,130.0
2020-05-31,7807.0,205.0,5459.0,2143.0,27.0,1.0,58.0
2020-06-01,7833.0,205.0,5893.0,1735.0,26.0,0.0,434.0
2020-06-02,7866.0,206.0,6410.0,1250.0,33.0,1.0,517.0
2020-06-03,7922.0,206.0,6866.0,850.0,56.0,0.0,456.0
2020-06-04,8003.0,208.0,7195.0,600.0,81.0,2.0,329.0
2020-06-05,8071.0,208.0,7268.0,595.0,68.0,0.0,73.0
2020-06-06,8151.0,208.0,7315.0,628.0,80.0,0.0,47.0
2020-06-07,8224.0,208.0,7364.0,652.0,73.0,0.0,49.0
2020-06-08,8302.0,208.0,7408.0,686.0,78.0,0.0,44.0
2020-06-09,8437.0,210.0,7493.0,734.0,135.0,2.0,85.0
2020-06-10,8508.0,211.0,7565.0,732.0,71.0,1.0,72.0
2020-06-11,8537.0,211.0,7583.0,743.0,29.0,0.0,18.0
2020-06-12,8610.0,212.0,7618.0,780.0,73.0,1.0,35.0
2020-06-13,8692.0,212.0,7696.0,784.0,82.0,0.0,78.0
2020-06-14,8793.0,212.0,7765.0,816.0,101.0,0.0,69.0
2020-06-15,8885.0,212.0,7828.0,845.0,92.0,0.0,63.0
2020-06-16,8931.0,212.0,7937.0,782.0,46.0,0.0,109.0
2020-06-17,8997.0,213.0,7993.0,791.0,66.0,1.0,56.0
2020-06-18,9074.0,213.0,8041.0,820.0,77.0,0.0,48.0
2020-06-19,9613.0,213.0,8117.0,1283.0,539.0,0.0,76.0
2020-06-20,9839.0,213.0,8223.0,1403.0,226.0,0.0,106.0
2020-06-21,9977.0,214.0,8284.0,1479.0,138.0,1.0,61.0
2020-06-22,10172.0,214.0,8366.0,1592.0,195.0,0.0,82.0
2020-06-23,10344.0,214.0,8407.0,1723.0,172.0,0.0,41.0
2020-06-24,10907.0,216.0,8468.0,2223.0,563.0,2.0,61.0
2020-06-25,11338.0,217.0,8500.0,2621.0,431.0,1.0,32.0
2020-06-26,11633.0,218.0,8656.0,2759.0,295.0,1.0,156.0
2020-06-27,11877.0,220.0,8723.0,2934.0,244.0,2.0,67.0
2020-06-28,12052.0,221.0,8740.0,3091.0,175.0,1.0,17.0
2020-06-29,12290.0,225.0,8833.0,3232.0,238.0,4.0,93.0
2020-06-30,12533.0,228.0,8920.0,3385.0,243.0,3.0,87.0
2020-07-01,12636.0,228.0,9026.0,3382.0,103.0,0.0,106.0
2020-07-02,12969.0,229.0,9090.0,3650.0,333.0,1.0,64.0
2020-07-03,13288.0,230.0,9160.0,3898.0,319.0,1.0,70.0
2020-07-04,13822.0,232.0,9329.0,4261.0,534.0,2.0,169.0
2020-07-05,14215.0,235.0,9725.0,4255.0,393.0,3.0,396.0
2020-07-06,14379.0,237.0,10173.0,3969.0,164.0,2.0,448.0
2020-07-07,14607.0,240.0,10639.0,3728.0,228.0,3.0,466.0
2020-07-08,14771.0,242.0,11316.0,3213.0,164.0,2.0,677.0
2020-07-09,15079.0,242.0,11447.0,3390.0,308.0,0.0,131.0
2020-07-10,15328.0,243.0,11827.0,3258.0,249.0,1.0,380.0
2020-07-11,15542.0,245.0,12065.0,3232.0,214.0,2.0,238.0
2020-07-12,15745.0,250.0,12283.0,3212.0,203.0,5.0,218.0
2020-07-13,15936.0,255.0,12934.0,2747.0,191.0,5.0,651.0
2020-07-14,16097.0,257.0,13442.0,2398.0,161.0,2.0,508.0
2020-07-15,16262.0,259.0,13821.0,2182.0,165.0,2.0,379.0
2020-07-16,16545.0,263.0,13965.0,2317.0,283.0,4.0,144.0
2020-07-17,16726.0,264.0,14360.0,2102.0,181.0,1.0,395.0
2020-07-18,17015.0,269.0,14620.0,2126.0,289.0,5.0,260.0
2020-07-19,17236.0,273.0,14921.0,2042.0,221.0,4.0,301.0
2020-07-20,17562.0,276.0,15132.0,2154.0,326.0,3.0,211.0
2020-07-21,17742.0,280.0,15389.0,2073.0,180.0,4.0,257.0
2020-07-22,17962.0,285.0,15636.0,2041.0,220.0,5.0,247.0
2020-07-23,18264.0,292.0,15872.0,2100.0,302.0,7.0,236.0
2020-07-24,18834.0,299.0,16100.0,2435.0,570.0,7.0,228.0
2020-07-25,19645.0,305.0,16282.0,3058.0,811.0,6.0,182.0
2020-07-26,20278.0,313.0,16438.0,3527.0,633.0,8.0,156.0
2020-07-27,20887.0,316.0,16553.0,4018.0,609.0,3.0,115.0
2020-07-28,21387.0,327.0,17066.0,3994.0,500.0,11.0,513.0
2020-07-29,22213.0,334.0,17125.0,4754.0,826.0,7.0,59.0
2020-07-30,23259.0,346.0,17311.0,5602.0,1046.0,12.0,186.0
2020-07-31,24322.0,353.0,17658.0,6311.0,1063.0,7.0,347.0
2020-08-01,25015.0,367.0,17960.0,6688.0,693.0,14.0,302.0
2020-08-02,25537.0,382.0,18435.0,6720.0,522.0,15.0,475.0
2020-08-03,26196.0,401.0,18968.0,6827.0,659.0,19.0,533.0
2020-08-04,27217.0,417.0,19629.0,7171.0,1021.0,16.0,661.0
2020-08-05,28500.0,435.0,19994.0,8071.0,1283.0,18.0,365.0
2020-08-06,29644.0,449.0,20553.0,8642.0,1144.0,14.0,559.0
2020-08-07,30662.0,461.0,21548.0,8653.0,1018.0,12.0,995.0
2020-08-08,32007.0,480.0,22190.0,9337.0,1345.0,19.0,642.0
2020-08-09,33237.0,498.0,23347.0,9392.0,1230.0,18.0,1157.0
2020-08-10,34063.0,516.0,24524.0,9023.0,826.0,18.0,1177.0
2020-08-11,35195.0,533.0,25385.0,9277.0,1132.0,17.0,861.0
2020-08-12,36694.0,556.0,25677.0,10461.0,1499.0,23.0,292.0
2020-08-13,37935.0,584.0,26687.0,10664.0,1241.0,28.0,1010.0
2020-08-14,39241.0,611.0,27644.0,10986.0,1306.0,27.0,957.0
2020-08-15,41017.0,632.0,28566.0,11819.0,1776.0,21.0,922.0
2020-08-16,42489.0,658.0,29344.0,12487.0,1472.0,26.0,778.0
2020-08-17,43558.0,681.0,29941.0,12936.0,1069.0,23.0,597.0
2020-08-18,44803.0,714.0,31002.0,13087.0,1245.0,33.0,1061.0
2020-08-19,46313.0,743.0,31576.0,13994.0,1510.0,29.0,574.0
2020-08-20,47638.0,775.0,32806.0,14057.0,1325.0,32.0,1230.0
2020-08-21,49247.0,817.0,34199.0,14231.0,1609.0,42.0,1393.0
2020-08-22,50812.0,858.0,35040.0,14914.0,1565.0,41.0,841.0
2020-08-23,52349.0,888.0,36343.0,15118.0,1537.0,30.0,1303.0
2020-08-24,53252.0,920.0,37478.0,14854.0,903.0,32.0,1135.0
2020-08-25,54528.0,955.0,38293.0,15280.0,1276.0,35.0,815.0
2020-08-26,55864.0,984.0,40586.0,14294.0,1336.0,29.0,2293.0
2020-08-27,57085.0,1011.0,41901.0,14173.0,1221.0,27.0,1315.0
2020-08-28,58489.0,1052.0,43049.0,14388.0,1404.0,41.0,1148.0
2020-08-29,60056.0,1078.0,44618.0,14360.0,1567.0,26.0,1569.0
2020-08-30,61399.0,1111.0,46355.0,13933.0,1343.0,33.0,1737.0
2020-08-31,62590.0,1141.0,47595.0,13854.0,1191.0,30.0,1240.0
2020-09-01,63781.0,1184.0,48922.0,13675.0,1191.0,43.0,1327.0
2020-09-02,65453.0,1216.0,50357.0,13880.0,1672.0,32.0,1435.0
2020-09-03,66855.0,1253.0,51223.0,14379.0,1402.0,37.0,866.0
2020-09-04,68605.0,1292.0,52483.0,14830.0,1750.0,39.0,1260.0
2020-09-05,70160.0,1329.0,53929.0,14902.0,1555.0,37.0,1446.0
2020-09-06,72394.0,1361.0,55274.0,15759.0,2234.0,32.0,1345.0
2020-09-07,73780.0,1394.0,56096.0,16290.0,1386.0,33.0,822.0
2020-09-08,75721.0,1427.0,57239.0,17055.0,1941.0,33.0,1143.0
2020-09-09,77878.0,1453.0,59723.0,16702.0,2157.0,26.0,2484.0
2020-09-10,79767.0,1491.0,61850.0,16426.0,1889.0,38.0,2127.0
2020-09-11,82197.0,1524.0,64194.0,16479.0,2430.0,33.0,2344.0
2020-09-12,84435.0,1553.0,65867.0,17015.0,2238.0,29.0,1673.0
2020-09-13,86686.0,1578.0,67528.0,17580.0,2251.0,25.0,1661.0
2020-09-14,88203.0,1614.0,68970.0,17619.0,1517.0,36.0,1442.0
2020-09-15,90324.0,1648.0,71047.0,17629.0,2121.0,34.0,2077.0
2020-09-16,92016.0,1686.0,72968.0,17362.0,1692.0,38.0,1921.0
2020-09-17,94504.0,1714.0,74930.0,17860.0,2488.0,28.0,1962.0
2020-09-18,97264.0,1755.0,76690.0,18819.0,2760.0,41.0,1760.0
2020-09-19,99816.0,1795.0,79008.0,19013.0,2552.0,40.0,2318.0
2020-09-20,101743.0,1830.0,80732.0,19181.0,1927.0,35.0,1724.0
2020-09-21,103119.0,1855.0,84158.0,17106.0,1376.0,25.0,3426.0
2020-09-22,105346.0,1889.0,85883.0,17574.0,2227.0,34.0,1725.0
2020-09-23,107743.0,1918.0,88244.0,17581.0,2397.0,29.0,2361.0
2020-09-24,110099.0,1956.0,90186.0,17957.0,2356.0,38.0,1942.0
2020-09-25,112522.0,1998.0,91932.0,18592.0,2423.0,42.0,1746.0
2020-09-26,115241.0,2041.0,94150.0,19050.0,2719.0,43.0,2218.0
2020-09-27,117685.0,2069.0,95591.0,20025.0,2444.0,28.0,1441.0
2020-09-28,119107.0,2113.0,97468.0,19526.0,1422.0,44.0,1877.0
2020-09-29,121183.0,2152.0,100253.0,18778.0,2076.0,39.0,2785.0
2020-09-30,123653.0,2194.0,102715.0,18744.0,2470.0,42.0,2462.0
2020-10-01,126044.0,2229.0,104136.0,19679.0,2391.0,35.0,1421.0
2020-10-02,128565.0,2263.0,106044.0,20258.0,2521.0,34.0,1908.0
2020-10-03,131228.0,2293.0,108687.0,20248.0,2663.0,30.0,2643.0
2020-10-04,133272.0,2330.0,111036.0,19906.0,2044.0,37.0,2349.0
2020-10-05,134695.0,2369.0,113336.0,18990.0,1423.0,39.0,2300.0
2020-10-06,137248.0,2410.0,115354.0,19484.0,2553.0,41.0,2018.0
2020-10-07,140024.0,2439.0,118142.0,19443.0,2776.0,29.0,2788.0
2020-10-08,142953.0,2486.0,120275.0,20192.0,2929.0,47.0,2133.0
2020-10-09,146398.0,2530.0,123022.0,20846.0,3445.0,44.0,2747.0
2020-10-10,149841.0,2572.0,124854.0,22415.0,3443.0,42.0,1832.0
2020-10-11,152404.0,2605.0,127407.0,22392.0,2563.0,33.0,2553.0
2020-10-12,153761.0,2636.0,129498.0,21627.0,1357.0,31.0,2091.0
2020-10-13,156946.0,2685.0,131462.0,22799.0,3185.0,49.0,1964.0
2020-10-14,160333.0,2726.0,133959.0,23648.0,3387.0,41.0,2497.0
2020-10-15,163650.0,2772.0,136036.0,24842.0,3317.0,46.0,2077.0
2020-10-16,167148.0,2818.0,138989.0,25341.0,3498.0,46.0,2953.0
2020-10-17,170911.0,2878.0,141381.0,26652.0,3763.0,60.0,2392.0
2020-10-18,173632.0,2928.0,143972.0,26732.0,2721.0,50.0,2591.0
2020-10-19,175749.0,2976.0,146421.0,26352.0,2117.0,48.0,2449.0
2020-10-20,179003.0,3027.0,148838.0,27138.0,3254.0,51.0,2417.0
2020-10-21,182580.0,3079.0,151634.0,27867.0,3577.0,52.0,2796.0
2020-10-22,186731.0,3132.0,154481.0,29118.0,4151.0,53.0,2847.0
2020-10-23,190416.0,3205.0,157175.0,30036.0,3685.0,73.0,2694.0
2020-10-24,194461.0,3255.0,160372.0,30834.0,4045.0,50.0,3197.0
2020-10-25,197481.0,3301.0,163195.0,30985.0,3020.0,46.0,2823.0
2020-10-26,199745.0,3373.0,165922.0,30450.0,2264.0,72.0,2727.0
2020-10-27,203733.0,3445.0,168706.0,31582.0,3988.0,72.0,2784.0
2020-10-28,207718.0,3506.0,171591.0,32621.0,3985.0,61.0,2885.0
2020-10-29,212038.0,3572.0,174911.0,33555.0,4320.0,66.0,3320.0
2020-10-30,215294.0,3625.0,177925.0,33744.0,3256.0,53.0,3014.0
2020-10-31,219084.0,3695.0,181275.0,34114.0,3790.0,70.0,3350.0
