date,confirmed,deaths,recovered,active,new_confirmed,new_deaths,new_recovered
2020-03-22,1.0,0.0,0.0,1.0,,,
2020-03-23,1.0,0.0,0.0,1.0,0.0,0.0,0.0
2020-03-24,3.0,0.0,0.0,3.0,2.0,0.0,0.0
2020-03-25,5.0,0.0,0.0,5.0,2.0,0.0,0.0
2020-03-26,7.0,0.0,0.0,7.0,2.0,0.0,0.0
2020-03-27,7.0,0.0,0.0,7.0,0.0,0.0,0.0
2020-03-28,8.0,0.0,0.0,8.0,1.0,0.0,0.0
2020-03-29,8.0,0.0,0.0,8.0,0.0,0.0,0.0
2020-03-30,8.0,0.0,0.0,8.0,0.0,0.0,0.0
2020-03-31,8.0,0.0,0.0,8.0,0.0,0.0,0.0
2020-04-01,10.0,0.0,0.0,10.0,2.0,0.0,0.0
2020-04-02,10.0,0.0,0.0,10.0,0.0,0.0,0.0
2020-04-03,10.0,0.0,0.0,10.0,0.0,0.0,0.0
2020-04-04,10.0,0.0,1.0,9.0,0.0,0.0,1.0
2020-04-05,10.0,0.0,1.0,9.0,0.0,0.0,0.0
2020-04-06,10.0,0.0,1.0,9.0,0.0,0.0,0.0
2020-04-07,10.0,0.0,1.0,9.0,0.0,0.0,0.0
2020-04-08,17.0,0.0,1.0,16.0,7.0,0.0,0.0
2020-04-09,17.0,0.0,1.0,16.0,0.0,0.0,0.0
2020-04-10,20.0,0.0,2.0,18.0,3.0,0.0,1.0
2020-04-11,20.0,0.0,2.0,18.0,0.0,0.0,0.0
2020-04-12,21.0,0.0,2.0,19.0,1.0,0.0,0.0
2020-04-13,21.0,0.0,2.0,19.0,0.0,0.0,0.0
2020-04-14,28.0,0.0,2.0,26.0,7.0,0.0,0.0
2020-04-15,29.0,0.0,2.0,27.0,1.0,0.0,0.0
2020-04-16,31.0,0.0,2.0,29.0,2.0,0.0,0.0
2020-04-17,34.0,0.0,2.0,32.0,3.0,0.0,0.0
2020-04-18,35.0,0.0,4.0,31.0,1.0,0.0,2.0
2020-04-19,39.0,0.0,8.0,31.0,4.0,0.0,4.0
2020-04-20,39.0,0.0,8.0,31.0,0.0,0.0,0.0
2020-04-21,39.0,0.0,8.0,31.0,0.0,0.0,0.0
2020-04-22,41.0,0.0,8.0,33.0,2.0,0.0,0.0
2020-04-23,46.0,0.0,9.0,37.0,5.0,0.0,1.0
2020-04-24,65.0,0.0,12.0,53.0,19.0,0.0,3.0
2020-04-25,70.0,0.0,12.0,58.0,5.0,0.0,0.0
2020-04-26,76.0,0.0,12.0,64.0,6.0,0.0,0.0
2020-04-27,76.0,0.0,12.0,64.0,0.0,0.0,0.0
2020-04-28,76.0,0.0,12.0,64.0,0.0,0.0,0.0
2020-04-29,76.0,0.0,12.0,64.0,0.0,0.0,0.0
2020-04-30,76.0,0.0,12.0,64.0,0.0,0.0,0.0
2020-05-01,79.0,0.0,12.0,67.0,3.0,0.0,0.0
2020-05-02,79.0,0.0,18.0,61.0,0.0,0.0,6.0
2020-05-03,80.0,0.0,19.0,61.0,1.0,0.0,1.0
2020-05-04,80.0,0.0,19.0,61.0,0.0,0.0,0.0
2020-05-05,81.0,0.0,19.0,62.0,1.0,0.0,0.0
2020-05-06,81.0,0.0,21.0,60.0,0.0,0.0,2.0
2020-05-07,81.0,0.0,24.0,57.0,0.0,0.0,3.0
2020-05-08,82.0,0.0,27.0,55.0,1.0,0.0,3.0
2020-05-09,87.0,0.0,34.0,53.0,5.0,0.0,7.0
2020-05-10,91.0,0.0,34.0,57.0,4.0,0.0,0.0
2020-05-11,103.0,0.0,34.0,69.0,12.0,0.0,0.0
2020-05-12,104.0,0.0,34.0,70.0,1.0,0.0,0.0
2020-05-13,104.0,0.0,34.0,70.0,0.0,0.0,0.0
2020-05-14,115.0,0.0,35.0,80.0,11.0,0.0,1.0
2020-05-15,119.0,0.0,42.0,77.0,4.0,0.0,7.0
2020-05-16,129.0,0.0,43.0,86.0,10.0,0.0,1.0
2020-05-17,137.0,0.0,44.0,93.0,8.0,0.0,1.0
2020-05-18,145.0,0.0,44.0,101.0,8.0,0.0,0.0
2020-05-19,146.0,0.0,44.0,102.0,1.0,0.0,0.0
2020-05-20,156.0,0.0,48.0,108.0,10.0,0.0,4.0
2020-05-21,162.0,0.0,48.0,114.0,6.0,0.0,0.0
2020-05-22,164.0,0.0,48.0,116.0,2.0,0.0,0.0
2020-05-23,168.0,0.0,48.0,120.0,4.0,0.0,0.0
2020-05-24,194.0,0.0,51.0,143.0,26.0,0.0,3.0
2020-05-25,209.0,1.0,71.0,137.0,15.0,1.0,20.0
2020-05-26,213.0,1.0,71.0,141.0,4.0,0.0,0.0
2020-05-27,227.0,1.0,71.0,155.0,14.0,0.0,0.0
2020-05-28,233.0,2.0,82.0,149.0,6.0,1.0,11.0
2020-05-29,234.0,2.0,84.0,148.0,1.0,0.0,2.0
2020-05-30,244.0,2.0,90.0,152.0,10.0,0.0,6.0
2020-05-31,254.0,2.0,91.0,161.0,10.0,0.0,1.0
2020-06-01,254.0,2.0,97.0,155.0,0.0,0.0,6.0
2020-06-02,307.0,2.0,98.0,207.0,53.0,0.0,1.0
2020-06-03,316.0,2.0,109.0,205.0,9.0,0.0,11.0
2020-06-04,352.0,2.0,114.0,236.0,36.0,0.0,5.0
2020-06-05,354.0,2.0,119.0,233.0,2.0,0.0,5.0
2020-06-06,409.0,2.0,126.0,281.0,55.0,0.0,7.0
2020-06-07,424.0,2.0,127.0,295.0,15.0,0.0,1.0
2020-06-08,433.0,2.0,131.0,300.0,9.0,0.0,4.0
2020-06-09,453.0,2.0,136.0,315.0,20.0,0.0,5.0
2020-06-10,472.0,2.0,138.0,332.0,19.0,0.0,2.0
2020-06-11,489.0,2.0,144.0,343.0,17.0,0.0,6.0
2020-06-12,509.0,2.0,145.0,362.0,20.0,0.0,1.0
2020-06-13,553.0,2.0,151.0,400.0,44.0,0.0,6.0
2020-06-14,583.0,3.0,151.0,429.0,30.0,1.0,0.0
2020-06-15,609.0,3.0,157.0,449.0,26.0,0.0,6.0
2020-06-16,638.0,4.0,160.0,474.0,29.0,1.0,3.0
2020-06-17,651.0,4.0,160.0,487.0,13.0,0.0,0.0
2020-06-18,662.0,4.0,175.0,483.0,11.0,0.0,15.0
2020-06-19,668.0,4.0,177.0,487.0,6.0,0.0,2.0
2020-06-20,688.0,4.0,177.0,507.0,20.0,0.0,0.0
2020-06-21,733.0,5.0,181.0,547.0,45.0,1.0,4.0
2020-06-22,737.0,5.0,181.0,551.0,4.0,0.0,0.0
2020-06-23,757.0,5.0,206.0,546.0,20.0,0.0,25.0
2020-06-24,762.0,5.0,220.0,537.0,5.0,0.0,14.0
2020-06-25,788.0,5.0,221.0,562.0,26.0,0.0,1.0
2020-06-26,816.0,5.0,223.0,588.0,28.0,0.0,2.0
2020-06-27,839.0,5.0,225.0,609.0,23.0,0.0,2.0
2020-06-28,859.0,5.0,228.0,626.0,20.0,0.0,3.0
2020-06-29,883.0,6.0,229.0,648.0,24.0,1.0,1.0
2020-06-30,889.0,6.0,232.0,651.0,6.0,0.0,3.0
2020-07-01,903.0,6.0,248.0,649.0,14.0,0.0,16.0
2020-07-02,918.0,6.0,249.0,663.0,15.0,0.0,1.0
2020-07-03,939.0,6.0,249.0,684.0,21.0,0.0,0.0
2020-07-04,969.0,7.0,256.0,706.0,30.0,1.0,7.0
2020-07-05,987.0,8.0,256.0,723.0,18.0,1.0,0.0
2020-07-06,1012.0,8.0,277.0,727.0,25.0,0.0,21.0
2020-07-07,1040.0,8.0,280.0,752.0,28.0,0.0,3.0
2020-07-08,1071.0,8.0,337.0,726.0,31.0,0.0,57.0
2020-07-09,1092.0,9.0,340.0,743.0,21.0,1.0,3.0
2020-07-10,1111.0,9.0,344.0,758.0,19.0,0.0,4.0
2020-07-11,1135.0,9.0,349.0,777.0,24.0,0.0,5.0
2020-07-12,1157.0,9.0,364.0,784.0,22.0,0.0,15.0
2020-07-13,1219.0,9.0,369.0,841.0,62.0,0.0,5.0
2020-07-14,1268.0,9.0,373.0,886.0,49.0,0.0,4.0
2020-07-15,1330.0,9.0,375.0,946.0,62.0,0.0,2.0
2020-07-16,1383.0,9.0,375.0,999.0,53.0,0.0,0.0
2020-07-17,1402.0,9.0,397.0,996.0,19.0,0.0,22.0
2020-07-18,1435.0,10.0,408.0,1017.0,33.0,1.0,11.0
2020-07-19,1491.0,10.0,472.0,1009.0,56.0,0.0,64.0
2020-07-20,1507.0,11.0,505.0,991.0,16.0,1.0,33.0
2020-07-21,1536.0,11.0,506.0,1019.0,29.0,0.0,1.0
2020-07-22,1557.0,11.0,523.0,1023.0,21.0,0.0,17.0
2020-07-23,1582.0,11.0,528.0,1043.0,25.0,0.0,5.0
2020-07-24,1590.0,11.0,532.0,1047.0,8.0,0.0,4.0
2020-07-25,1616.0,11.0,543.0,1062.0,26.0,0.0,11.0
2020-07-26,1669.0,11.0,593.0,1065.0,53.0,0.0,50.0
2020-07-27,1701.0,11.0,596.0,1094.0,32.0,0.0,3.0
2020-07-28,1720.0,11.0,602.0,1107.0,19.0,0.0,6.0
2020-07-29,1748.0,11.0,616.0,1121.0,28.0,0.0,14.0
2020-07-30,1808.0,11.0,638.0,1159.0,60.0,0.0,22.0
2020-07-31,1864.0,11.0,641.0,1212.0,56.0,0.0,3.0
2020-08-01,1907.0,12.0,645.0,1250.0,43.0,1.0,4.0
2020-08-02,1946.0,13.0,654.0,1279.0,39.0,1.0,9.0
2020-08-03,1973.0,14.0,676.0,1283.0,27.0,1.0,22.0
2020-08-04,2029.0,15.0,765.0,1249.0,56.0,1.0,89.0
2020-08-05,2079.0,15.0,778.0,1286.0,50.0,0.0,13.0
2020-08-06,2120.0,15.0,795.0,1310.0,41.0,0.0,17.0
2020-08-07,2213.0,15.0,827.0,1371.0,93.0,0.0,32.0
2020-08-08,2241.0,16.0,832.0,1393.0,28.0,1.0,5.0
2020-08-09,2269.0,16.0,840.0,1413.0,28.0,0.0,8.0
2020-08-10,2411.0,16.0,860.0,1535.0,142.0,0.0,20.0
2020-08-11,2481.0,17.0,910.0,1554.0,70.0,1.0,50.0
2020-08-12,2559.0,19.0,951.0,1589.0,78.0,2.0,41.0
2020-08-13,2638.0,19.0,1015.0,1604.0,79.0,0.0,64.0
2020-08-14,2708.0,19.0,1075.0,1614.0,70.0,0.0,60.0
2020-08-15,2791.0,19.0,1136.0,1636.0,83.0,0.0,61.0
2020-08-16,2855.0,19.0,1163.0,1673.0,64.0,0.0,27.0
2020-08-17,2914.0,19.0,1196.0,1699.0,59.0,0.0,33.0
2020-08-18,2991.0,19.0,1245.0,1727.0,77.0,0.0,49.0
2020-08-19,3045.0,19.0,1291.0,1735.0,54.0,0.0,46.0
2020-08-20,3115.0,20.0,1380.0,1715.0,70.0,1.0,89.0
2020-08-21,3195.0,20.0,1406.0,1769.0,80.0,0.0,26.0
2020-08-22,3304.0,20.0,1474.0,1810.0,109.0,0.0,68.0
2020-08-23,3395.0,20.0,1503.0,1872.0,91.0,0.0,29.0
2020-08-24,3440.0,21.0,1661.0,1758.0,45.0,1.0,158.0
2020-08-25,3508.0,21.0,1809.0,1678.0,68.0,0.0,148.0
2020-08-26,3590.0,21.0,1927.0,1642.0,82.0,0.0,118.0
2020-08-27,3651.0,21.0,1968.0,1662.0,61.0,0.0,41.0
2020-08-28,3697.0,21.0,2055.0,1621.0,46.0,0.0,87.0
2020-08-29,3760.0,22.0,2078.0,1660.0,63.0,1.0,23.0
2020-08-30,3821.0,23.0,2100.0,1698.0,61.0,1.0,22.0
2020-08-31,3916.0,23.0,2170.0,1723.0,95.0,0.0,70.0
2020-09-01,4039.0,23.0,2170.0,1846.0,123.0,0.0,0.0
2020-09-02,4117.0,25.0,2170.0,1922.0,78.0,2.0,0.0
2020-09-03,4207.0,26.0,2370.0,1811.0,90.0,1.0,200.0
2020-09-04,4265.0,26.0,2511.0,1728.0,58.0,0.0,141.0
2020-09-05,4341.0,26.0,2579.0,1736.0,76.0,0.0,68.0
2020-09-06,4444.0,27.0,2615.0,1802.0,103.0,1.0,36.0
2020-09-07,4557.0,27.0,2697.0,1833.0,113.0,0.0,82.0
2020-09-08,4647.0,28.0,2715.0,1904.0,90.0,1.0,18.0
2020-09-09,4764.0,28.0,2763.0,1973.0,117.0,0.0,48.0
2020-09-10,4832.0,31.0,2857.0,1944.0,68.0,3.0,94.0
2020-09-11,4918.0,31.0,2899.0,1988.0,86.0,0.0,42.0
2020-09-12,5040.0,35.0,2905.0,2100.0,122.0,4.0,6.0
2020-09-13,5269.0,35.0,2960.0,2274.0,229.0,0.0,55.0
2020-09-14,5482.0,35.0,3024.0,2423.0,213.0,0.0,64.0
2020-09-15,5713.0,37.0,3181.0,2495.0,231.0,2.0,157.0
2020-09-16,5994.0,39.0,3267.0,2688.0,281.0,2.0,86.0
2020-09-17,6161.0,39.0,3393.0,2729.0,167.0,0.0,126.0
2020-09-18,6264.0,40.0,3502.0,2722.0,103.0,1.0,109.0
2020-09-19,6537.0,41.0,3620.0,2876.0,273.0,1.0,118.0
2020-09-20,6771.0,43.0,3622.0,3106.0,234.0,2.0,2.0
2020-09-21,6912.0,44.0,3738.0,3130.0,141.0,1.0,116.0
2020-09-22,7114.0,45.0,4064.0,3005.0,202.0,1.0,326.0
2020-09-23,7262.0,49.0,4350.0,2863.0,148.0,4.0,286.0
2020-09-24,7399.0,51.0,4558.0,2790.0,137.0,2.0,208.0
2020-09-25,7589.0,53.0,4649.0,2887.0,190.0,2.0,91.0
2020-09-26,7757.0,54.0,4769.0,2934.0,168.0,1.0,120.0
2020-09-27,7983.0,58.0,4807.0,3118.0,226.0,4.0,38.0
2020-09-28,8288.0,59.0,4836.0,3393.0,305.0,1.0,29.0
2020-09-29,8556.0,59.0,5205.0,3292.0,268.0,0.0,369.0
2020-09-30,8728.0,61.0,5232.0,3435.0,172.0,2.0,27.0
2020-10-01,8888.0,62.0,5573.0,3253.0,160.0,1.0,341.0
2020-10-02,8979.0,64.0,5595.0,3320.0,91.0,2.0,22.0
2020-10-03,9049.0,64.0,5736.0,3249.0,70.0,0.0,141.0
2020-10-04,9196.0,66.0,5852.0,3278.0,147.0,2.0,116.0
2020-10-05,9296.0,66.0,6104.0,3126.0,100.0,0.0,252.0
2020-10-06,9398.0,67.0,6358.0,2973.0,102.0,1.0,254.0
2020-10-07,9494.0,68.0,6812.0,2614.0,96.0,1.0,454.0
2020-10-08,9639.0,68.0,6911.0,2660.0,145.0,0.0,99.0
2020-10-09,9742.0,69.0,7171.0,2502.0,103.0,1.0,260.0
2020-10-10,9844.0,70.0,7203.0,2571.0,102.0,1.0,32.0
2020-10-11,10001.0,71.0,7338.0,2592.0,157.0,1.0,135.0
2020-10-12,10088.0,72.0,7550.0,2466.0,87.0,1.0,212.0
2020-10-13,10258.0,73.0,7880.0,2305.0,170.0,1.0,330.0
2020-10-14,10392.0,73.0,8035.0,2284.0,134.0,0.0,155.0
2020-10-15,10537.0,73.0,8214.0,2250.0,145.0,0.0,179.0
2020-10-16,10612.0,73.0,8262.0,2277.0,75.0,0.0,48.0
2020-10-17,10707.0,74.0,8272.0,2361.0,95.0,1.0,10.0
2020-10-18,10866.0,75.0,8513.0,2278.0,159.0,1.0,241.0
2020-10-19,11080.0,75.0,8836.0,2169.0,214.0,0.0,323.0
2020-10-20,11190.0,78.0,9007.0,2105.0,110.0,3.0,171.0
2020-10-21,11331.0,79.0,9165.0,2087.0,141.0,1.0,158.0
2020-10-22,11559.0,81.0,9226.0,2252.0,228.0,2.0,61.0
2020-10-23,11748.0,82.0,9234.0,2432.0,189.0,1.0,8.0
2020-10-24,11895.0,85.0,9244.0,2566.0,147.0,3.0,10.0
2020-10-25,11986.0,86.0,9253.0,2647.0,91.0,1.0,9.0
2020-10-26,12161.0,88.0,9254.0,2819.0,175.0,2.0,1.0
2020-10-27,12273.0,89.0,9282.0,2902.0,112.0,1.0,28.0
2020-10-28,12415.0,91.0,9785.0,2539.0,142.0,2.0,503.0
2020-10-29,12525.0,91.0,10001.0,2433.0,110.0,0.0,216.0
2020-10-30,12777.0,91.0,10437.0,2249.0,252.0,0.0,436.0
2020-10-31,12869.0,92.0,10437.0,2340.0,92.0,1.0,0.0
2020-11-01,12988.0,93.0,10439.0,2456.0,119.0,1.0,2.0
2020-11-02,13130.0,94.0,10439.0,2597.0,142.0,1.0,0.0
2020-11-03,13202.0,95.0,10695.0,2412.0,72.0,1.0,256.0
2020-11-04,13283.0,95.0,10983.0,2205.0,81.0,0.0,288.0
2020-11-05,13391.0,97.0,11177.0,2117.0,108.0,2.0,194.0
2020-11-06,13485.0,99.0,11275.0,2111.0,94.0,2.0,98.0
2020-11-07,13577.0,99.0,11581.0,1897.0,92.0,0.0,306.0
2020-11-08,13768.0,99.0,11605.0,2064.0,191.0,0.0,24.0
2020-11-09,13823.0,99.0,11659.0,2065.0,55.0,0.0,54.0
2020-11-10,13892.0,99.0,11748.0,2045.0,69.0,0.0,89.0
2020-11-11,13991.0,104.0,11959.0,1928.0,99.0,5.0,211.0
2020-11-12,14094.0,104.0,12134.0,1856.0,103.0,0.0,175.0
2020-11-13,14227.0,110.0,12238.0,1879.0,133.0,6.0,104.0
2020-11-14,14340.0,110.0,12505.0,1725.0,113.0,0.0,267.0
2020-11-15,14448.0,113.0,12505.0,1830.0,108.0,3.0,0.0
2020-11-16,14514.0,116.0,12599.0,1799.0,66.0,3.0,94.0
2020-11-17,14566.0,118.0,12646.0,1802.0,52.0,2.0,47.0
2020-11-18,14629.0,119.0,12754.0,1756.0,63.0,1.0,108.0
2020-11-19,14723.0,120.0,12849.0,1754.0,94.0,1.0,95.0
2020-11-20,14877.0,121.0,13053.0,1703.0,154.0,1.0,204.0
2020-11-21,14981.0,123.0,13151.0,1707.0,104.0,2.0,98.0
