date,confirmed,deaths,recovered,active,new_confirmed,new_deaths,new_recovered
2020-03-27,8.0,0.0,0.0,8.0,,,
2020-03-28,8.0,0.0,0.0,8.0,0.0,0.0,0.0
2020-03-29,10.0,0.0,0.0,10.0,2.0,0.0,0.0
2020-03-30,14.0,0.0,0.0,14.0,4.0,0.0,0.0
2020-03-31,15.0,1.0,0.0,14.0,1.0,1.0,0.0
2020-04-01,15.0,1.0,0.0,14.0,0.0,0.0,0.0
2020-04-02,20.0,1.0,0.0,19.0,5.0,0.0,0.0
2020-04-03,20.0,1.0,0.0,19.0,0.0,0.0,0.0
2020-04-04,21.0,1.0,0.0,20.0,1.0,0.0,0.0
2020-04-05,21.0,1.0,0.0,20.0,0.0,0.0,0.0
2020-04-06,22.0,1.0,0.0,21.0,1.0,0.0,0.0
2020-04-07,22.0,1.0,0.0,21.0,0.0,0.0,0.0
2020-04-08,22.0,3.0,0.0,19.0,0.0,2.0,0.0
2020-04-09,23.0,3.0,2.0,18.0,1.0,0.0,2.0
2020-04-10,27.0,3.0,2.0,22.0,4.0,0.0,0.0
2020-04-11,38.0,3.0,2.0,33.0,11.0,0.0,0.0
2020-04-12,41.0,4.0,2.0,35.0,3.0,1.0,0.0
2020-04-13,62.0,4.0,2.0,56.0,21.0,0.0,0.0
2020-04-14,63.0,4.0,2.0,57.0,1.0,0.0,0.0
2020-04-15,74.0,4.0,2.0,68.0,11.0,0.0,0.0
2020-04-16,85.0,4.0,2.0,79.0,11.0,0.0,0.0
2020-04-17,88.0,4.0,5.0,79.0,3.0,0.0,3.0
2020-04-18,98.0,5.0,5.0,88.0,10.0,1.0,0.0
2020-04-19,111.0,5.0,7.0,99.0,13.0,0.0,2.0
2020-04-20,119.0,5.0,7.0,107.0,8.0,0.0,0.0
2020-04-21,121.0,5.0,7.0,109.0,2.0,0.0,0.0
2020-04-22,123.0,5.0,7.0,111.0,2.0,0.0,0.0
2020-04-23,139.0,5.0,9.0,125.0,16.0,0.0,2.0
2020-04-24,144.0,5.0,9.0,130.0,5.0,0.0,0.0
2020-04-25,146.0,5.0,10.0,131.0,2.0,0.0,1.0
2020-04-26,146.0,5.0,10.0,131.0,0.0,0.0,0.0
2020-04-27,146.0,5.0,16.0,125.0,0.0,0.0,6.0
2020-04-28,150.0,5.0,16.0,129.0,4.0,0.0,0.0
2020-04-29,150.0,6.0,27.0,117.0,0.0,1.0,11.0
2020-04-30,151.0,6.0,27.0,118.0,1.0,0.0,0.0
2020-05-01,151.0,6.0,31.0,114.0,0.0,0.0,4.0
2020-05-02,151.0,6.0,37.0,108.0,0.0,0.0,6.0
2020-05-03,155.0,6.0,43.0,106.0,4.0,0.0,6.0
2020-05-04,161.0,6.0,49.0,106.0,6.0,0.0,6.0
2020-05-05,161.0,6.0,49.0,106.0,0.0,0.0,0.0
2020-05-06,161.0,6.0,50.0,105.0,0.0,0.0,1.0
2020-05-07,176.0,6.0,62.0,108.0,15.0,0.0,12.0
2020-05-08,177.0,6.0,67.0,104.0,1.0,0.0,5.0
2020-05-09,178.0,6.0,68.0,104.0,1.0,0.0,1.0
2020-05-10,180.0,6.0,72.0,102.0,2.0,0.0,4.0
2020-05-11,180.0,6.0,74.0,100.0,0.0,0.0,2.0
2020-05-12,180.0,6.0,76.0,98.0,0.0,0.0,2.0
2020-05-13,181.0,6.0,79.0,96.0,1.0,0.0,3.0
2020-05-14,181.0,6.0,84.0,91.0,0.0,0.0,5.0
2020-05-15,182.0,6.0,89.0,87.0,1.0,0.0,5.0
2020-05-16,182.0,6.0,96.0,80.0,0.0,0.0,7.0
2020-05-17,184.0,6.0,97.0,81.0,2.0,0.0,1.0
2020-05-18,191.0,6.0,101.0,84.0,7.0,0.0,4.0
2020-05-19,193.0,6.0,104.0,83.0,2.0,0.0,3.0
2020-05-20,199.0,6.0,108.0,85.0,6.0,0.0,4.0
2020-05-21,199.0,6.0,108.0,85.0,0.0,0.0,0.0
2020-05-22,199.0,6.0,116.0,77.0,0.0,0.0,8.0
2020-05-23,201.0,6.0,120.0,75.0,2.0,0.0,4.0
2020-05-24,201.0,6.0,122.0,73.0,0.0,0.0,2.0
2020-05-25,203.0,6.0,123.0,74.0,2.0,0.0,1.0
2020-05-26,206.0,6.0,124.0,76.0,3.0,0.0,1.0
2020-05-27,206.0,6.0,126.0,74.0,0.0,0.0,2.0
2020-05-28,206.0,6.0,126.0,74.0,0.0,0.0,0.0
2020-05-29,207.0,6.0,130.0,71.0,1.0,0.0,4.0
2020-05-30,224.0,6.0,130.0,88.0,17.0,0.0,0.0
2020-05-31,224.0,6.0,138.0,80.0,0.0,0.0,8.0
2020-06-01,228.0,6.0,138.0,84.0,4.0,0.0,0.0
2020-06-02,232.0,6.0,143.0,83.0,4.0,0.0,5.0
2020-06-03,233.0,6.0,145.0,82.0,1.0,0.0,2.0
2020-06-04,236.0,6.0,148.0,82.0,3.0,0.0,3.0
2020-06-05,236.0,6.0,151.0,79.0,0.0,0.0,3.0
2020-06-06,240.0,6.0,156.0,78.0,4.0,0.0,5.0
2020-06-07,242.0,6.0,156.0,80.0,2.0,0.0,0.0
2020-06-08,244.0,6.0,159.0,79.0,2.0,0.0,3.0
2020-06-09,246.0,6.0,159.0,81.0,2.0,0.0,0.0
2020-06-10,248.0,6.0,165.0,77.0,2.0,0.0,6.0
2020-06-11,260.0,6.0,165.0,89.0,12.0,0.0,0.0
2020-06-12,261.0,6.0,165.0,90.0,1.0,0.0,0.0
2020-06-13,261.0,6.0,167.0,88.0,0.0,0.0,2.0
2020-06-14,261.0,6.0,167.0,88.0,0.0,0.0,0.0
2020-06-15,262.0,6.0,175.0,81.0,1.0,0.0,8.0
2020-06-16,262.0,6.0,179.0,77.0,0.0,0.0,4.0
2020-06-17,262.0,6.0,185.0,71.0,0.0,0.0,6.0
2020-06-18,286.0,6.0,187.0,93.0,24.0,0.0,2.0
2020-06-19,286.0,6.0,192.0,88.0,0.0,0.0,5.0
2020-06-20,287.0,6.0,196.0,85.0,1.0,0.0,4.0
2020-06-21,290.0,6.0,200.0,84.0,3.0,0.0,4.0
2020-06-22,291.0,6.0,200.0,85.0,1.0,0.0,0.0
2020-06-23,292.0,6.0,204.0,82.0,1.0,0.0,4.0
2020-06-24,293.0,6.0,208.0,79.0,1.0,0.0,4.0
2020-06-25,293.0,6.0,211.0,76.0,0.0,0.0,3.0
2020-06-26,293.0,6.0,215.0,72.0,0.0,0.0,4.0
2020-06-27,296.0,6.0,216.0,74.0,3.0,0.0,1.0
2020-06-28,299.0,6.0,218.0,75.0,3.0,0.0,2.0
2020-06-29,299.0,6.0,221.0,72.0,0.0,0.0,3.0
2020-06-30,299.0,6.0,222.0,71.0,0.0,0.0,1.0
2020-07-01,303.0,6.0,222.0,75.0,4.0,0.0,0.0
2020-07-02,304.0,6.0,223.0,75.0,1.0,0.0,1.0
2020-07-03,306.0,6.0,237.0,63.0,2.0,0.0,14.0
2020-07-04,313.0,6.0,240.0,67.0,7.0,0.0,3.0
2020-07-05,313.0,6.0,241.0,66.0,0.0,0.0,1.0
2020-07-06,316.0,6.0,245.0,65.0,3.0,0.0,4.0
2020-07-07,316.0,6.0,245.0,65.0,0.0,0.0,0.0
2020-07-08,317.0,6.0,250.0,61.0,1.0,0.0,5.0
2020-07-09,321.0,6.0,254.0,61.0,4.0,0.0,4.0
2020-07-10,326.0,6.0,256.0,64.0,5.0,0.0,2.0
2020-07-11,330.0,6.0,260.0,64.0,4.0,0.0,4.0
2020-07-12,331.0,6.0,261.0,64.0,1.0,0.0,1.0
2020-07-13,336.0,6.0,261.0,69.0,5.0,0.0,0.0
2020-07-14,337.0,6.0,261.0,70.0,1.0,0.0,0.0
2020-07-15,337.0,6.0,266.0,65.0,0.0,0.0,5.0
2020-07-16,339.0,6.0,270.0,63.0,2.0,0.0,4.0
2020-07-17,339.0,6.0,271.0,62.0,0.0,0.0,1.0
2020-07-18,340.0,6.0,273.0,61.0,1.0,0.0,2.0
2020-07-19,341.0,6.0,276.0,59.0,1.0,0.0,3.0
2020-07-20,341.0,6.0,278.0,57.0,0.0,0.0,2.0
2020-07-21,341.0,6.0,280.0,55.0,0.0,0.0,2.0
2020-07-22,343.0,6.0,280.0,57.0,2.0,0.0,0.0
2020-07-23,343.0,6.0,280.0,57.0,0.0,0.0,0.0
2020-07-24,346.0,6.0,286.0,54.0,3.0,0.0,6.0
2020-07-25,348.0,6.0,288.0,54.0,2.0,0.0,2.0
2020-07-26,350.0,6.0,290.0,54.0,2.0,0.0,2.0
2020-07-27,350.0,6.0,292.0,52.0,0.0,0.0,2.0
2020-07-28,351.0,6.0,293.0,52.0,1.0,0.0,1.0
2020-07-29,351.0,6.0,294.0,51.0,0.0,0.0,1.0
2020-07-30,353.0,6.0,295.0,52.0,2.0,0.0,1.0
2020-07-31,353.0,6.0,296.0,51.0,0.0,0.0,1.0
2020-08-01,353.0,6.0,297.0,50.0,0.0,0.0,1.0
2020-08-02,353.0,6.0,298.0,49.0,0.0,0.0,1.0
2020-08-03,355.0,6.0,302.0,47.0,2.0,0.0,4.0
2020-08-04,356.0,6.0,302.0,48.0,1.0,0.0,0.0
2020-08-05,357.0,6.0,305.0,46.0,1.0,0.0,3.0
2020-08-06,357.0,6.0,308.0,43.0,0.0,0.0,3.0
2020-08-07,359.0,6.0,309.0,44.0,2.0,0.0,1.0
2020-08-08,359.0,6.0,311.0,42.0,0.0,0.0,2.0
2020-08-09,360.0,6.0,312.0,42.0,1.0,0.0,1.0
2020-08-10,360.0,6.0,312.0,42.0,0.0,0.0,0.0
2020-08-11,360.0,6.0,313.0,41.0,0.0,0.0,1.0
2020-08-12,361.0,6.0,318.0,37.0,1.0,0.0,5.0
2020-08-13,369.0,6.0,321.0,42.0,8.0,0.0,3.0
2020-08-14,374.0,6.0,322.0,46.0,5.0,0.0,1.0
2020-08-15,374.0,6.0,324.0,44.0,0.0,0.0,2.0
2020-08-16,375.0,6.0,329.0,40.0,1.0,0.0,5.0
2020-08-17,376.0,6.0,331.0,39.0,1.0,0.0,2.0
2020-08-18,376.0,6.0,331.0,39.0,0.0,0.0,0.0
2020-08-19,394.0,6.0,333.0,55.0,18.0,0.0,2.0
2020-08-20,399.0,6.0,333.0,60.0,5.0,0.0,0.0
2020-08-21,435.0,6.0,337.0,92.0,36.0,0.0,4.0
2020-08-22,441.0,6.0,338.0,97.0,6.0,0.0,1.0
2020-08-23,450.0,6.0,341.0,103.0,9.0,0.0,3.0
2020-08-24,474.0,6.0,341.0,127.0,24.0,0.0,0.0
2020-08-25,504.0,6.0,341.0,157.0,30.0,0.0,0.0
2020-08-26,580.0,6.0,345.0,229.0,76.0,0.0,4.0
2020-08-27,602.0,6.0,349.0,247.0,22.0,0.0,4.0
2020-08-28,643.0,6.0,349.0,288.0,41.0,0.0,0.0
2020-08-29,749.0,6.0,351.0,392.0,106.0,0.0,2.0
2020-08-30,775.0,6.0,352.0,417.0,26.0,0.0,1.0
2020-08-31,882.0,6.0,354.0,522.0,107.0,0.0,2.0
2020-09-01,919.0,6.0,357.0,556.0,37.0,0.0,3.0
2020-09-02,995.0,6.0,358.0,631.0,76.0,0.0,1.0
2020-09-03,1111.0,6.0,359.0,746.0,116.0,0.0,1.0
2020-09-04,1171.0,7.0,359.0,805.0,60.0,1.0,0.0
2020-09-05,1319.0,8.0,371.0,940.0,148.0,1.0,12.0
2020-09-06,1419.0,8.0,385.0,1026.0,100.0,0.0,14.0
2020-09-07,1518.0,8.0,388.0,1122.0,99.0,0.0,3.0
2020-09-08,1807.0,12.0,460.0,1335.0,289.0,4.0,72.0
2020-09-09,2009.0,14.0,553.0,1442.0,202.0,2.0,93.0
2020-09-10,2150.0,14.0,625.0,1511.0,141.0,0.0,72.0
2020-09-11,2422.0,14.0,625.0,1783.0,272.0,0.0,0.0
2020-09-12,2796.0,16.0,676.0,2104.0,374.0,2.0,51.0
2020-09-13,3015.0,24.0,699.0,2292.0,219.0,8.0,23.0
2020-09-14,3195.0,32.0,790.0,2373.0,180.0,8.0,91.0
2020-09-15,3636.0,39.0,832.0,2765.0,441.0,7.0,42.0
2020-09-16,3894.0,46.0,908.0,2940.0,258.0,7.0,76.0
2020-09-17,4299.0,61.0,944.0,3294.0,405.0,15.0,36.0
2020-09-18,4621.0,75.0,1130.0,3416.0,322.0,14.0,186.0
2020-09-19,5263.0,81.0,1188.0,3994.0,642.0,6.0,58.0
2020-09-20,5805.0,94.0,1260.0,4451.0,542.0,13.0,72.0
2020-09-21,6471.0,100.0,1445.0,4926.0,666.0,6.0,185.0
2020-09-22,6959.0,116.0,1951.0,4892.0,488.0,16.0,506.0
2020-09-23,7827.0,133.0,2085.0,5609.0,868.0,17.0,134.0
2020-09-24,8515.0,155.0,2381.0,5979.0,688.0,22.0,296.0
2020-09-25,9112.0,174.0,2381.0,6557.0,597.0,19.0,0.0
2020-09-26,9991.0,198.0,2681.0,7112.0,879.0,24.0,300.0
2020-09-27,10734.0,226.0,2862.0,7646.0,743.0,28.0,181.0
2020-09-28,11631.0,256.0,3073.0,8302.0,897.0,30.0,211.0
2020-09-29,12425.0,284.0,3391.0,8750.0,794.0,28.0,318.0
2020-09-30,13373.0,310.0,3755.0,9308.0,948.0,26.0,364.0
2020-10-01,14383.0,321.0,4156.0,9906.0,1010.0,11.0,401.0
2020-10-02,15525.0,353.0,4378.0,10794.0,1142.0,32.0,222.0
2020-10-03,16503.0,371.0,4795.0,11337.0,978.0,18.0,417.0
2020-10-04,17794.0,412.0,5195.0,12187.0,1291.0,41.0,400.0
2020-10-05,18781.0,444.0,5548.0,12789.0,987.0,32.0,353.0
2020-10-06,20033.0,471.0,5782.0,13780.0,1252.0,27.0,234.0
2020-10-07,21433.0,510.0,6084.0,14839.0,1400.0,39.0,302.0
2020-10-08,22445.0,535.0,6366.0,15544.0,1012.0,25.0,282.0
2020-10-09,23906.0,566.0,6738.0,16602.0,1461.0,31.0,372.0
2020-10-10,26064.0,598.0,7050.0,18416.0,2158.0,32.0,312.0
2020-10-11,27974.0,646.0,9742.0,17586.0,1910.0,48.0,2692.0
2020-10-12,29314.0,664.0,10260.0,18390.0,1340.0,18.0,518.0
2020-10-13,30437.0,693.0,11769.0,17975.0,1123.0,29.0,1509.0
2020-10-14,31325.0,732.0,13866.0,16727.0,888.0,39.0,2097.0
2020-10-15,32351.0,765.0,14706.0,16880.0,1026.0,33.0,840.0
2020-10-16,33488.0,799.0,15477.0,17212.0,1137.0,34.0,771.0
2020-10-17,34875.0,838.0,16370.0,17667.0,1387.0,39.0,893.0
2020-10-18,36025.0,880.0,17076.0,18069.0,1150.0,42.0,706.0
2020-10-19,37205.0,914.0,17568.0,18723.0,1180.0,34.0,492.0
2020-10-20,38502.0,945.0,18874.0,18683.0,1297.0,31.0,1306.0
2020-10-21,39696.0,972.0,18865.0,19859.0,1194.0,27.0,-9.0
2020-10-22,41008.0,1005.0,21144.0,18859.0,1312.0,33.0,2279.0
2020-10-23,42365.0,1038.0,22445.0,18882.0,1357.0,33.0,1301.0
2020-10-24,43788.0,1066.0,23708.0,19014.0,1423.0,28.0,1263.0
2020-10-25,44774.0,1095.0,24920.0,18759.0,986.0,29.0,1212.0
2020-10-26,46200.0,1122.0,26007.0,19071.0,1426.0,27.0,1087.0
2020-10-27,47666.0,1147.0,27373.0,19146.0,1466.0,25.0,1366.0
2020-10-28,49072.0,1172.0,28636.0,19264.0,1406.0,25.0,1263.0
