date,confirmed,deaths,recovered,active,new_confirmed,new_deaths,new_recovered
2020-03-14,2.0,0.0,0.0,2.0,,,
2020-03-15,2.0,0.0,0.0,2.0,0.0,0.0,0.0
2020-03-16,2.0,0.0,0.0,2.0,0.0,0.0,0.0
2020-03-17,2.0,0.0,0.0,2.0,0.0,0.0,0.0
2020-03-18,2.0,0.0,0.0,2.0,0.0,0.0,0.0
2020-03-19,3.0,0.0,0.0,3.0,1.0,0.0,0.0
2020-03-20,3.0,0.0,0.0,3.0,0.0,0.0,0.0
2020-03-21,3.0,0.0,0.0,3.0,0.0,0.0,0.0
2020-03-22,3.0,0.0,0.0,3.0,0.0,0.0,0.0
2020-03-23,4.0,0.0,0.0,4.0,1.0,0.0,0.0
2020-03-24,7.0,0.0,2.0,5.0,3.0,0.0,2.0
2020-03-25,7.0,0.0,2.0,5.0,0.0,0.0,0.0
2020-03-26,8.0,0.0,2.0,6.0,1.0,0.0,0.0
2020-03-27,8.0,0.0,2.0,6.0,0.0,0.0,0.0
2020-03-28,8.0,0.0,2.0,6.0,0.0,0.0,0.0
2020-03-29,11.0,0.0,2.0,9.0,3.0,0.0,0.0
2020-03-30,11.0,0.0,2.0,9.0,0.0,0.0,0.0
2020-03-31,11.0,0.0,2.0,9.0,0.0,0.0,0.0
2020-04-01,14.0,0.0,2.0,12.0,3.0,0.0,0.0
2020-04-02,14.0,0.0,3.0,11.0,0.0,0.0,1.0
2020-04-03,14.0,0.0,3.0,11.0,0.0,0.0,0.0
2020-04-04,14.0,0.0,3.0,11.0,0.0,0.0,0.0
2020-04-05,16.0,0.0,3.0,13.0,2.0,0.0,0.0
2020-04-06,16.0,0.0,3.0,13.0,0.0,0.0,0.0
2020-04-07,16.0,0.0,3.0,13.0,0.0,0.0,0.0
2020-04-08,16.0,0.0,3.0,13.0,0.0,0.0,0.0
2020-04-09,16.0,0.0,3.0,13.0,0.0,0.0,0.0
2020-04-10,16.0,0.0,3.0,13.0,0.0,0.0,0.0
2020-04-11,16.0,0.0,3.0,13.0,0.0,0.0,0.0
2020-04-12,16.0,0.0,3.0,13.0,0.0,0.0,0.0
2020-04-13,16.0,0.0,3.0,13.0,0.0,0.0,0.0
2020-04-14,16.0,0.0,3.0,13.0,0.0,0.0,0.0
2020-04-15,16.0,0.0,3.0,13.0,0.0,0.0,0.0
2020-04-16,16.0,0.0,4.0,12.0,0.0,0.0,1.0
2020-04-17,16.0,0.0,4.0,12.0,0.0,0.0,0.0
2020-04-18,16.0,0.0,6.0,10.0,0.0,0.0,2.0
2020-04-19,16.0,0.0,6.0,10.0,0.0,0.0,0.0
2020-04-20,16.0,0.0,6.0,10.0,0.0,0.0,0.0
2020-04-21,16.0,0.0,6.0,10.0,0.0,0.0,0.0
2020-04-22,16.0,0.0,6.0,10.0,0.0,0.0,0.0
2020-04-23,16.0,0.0,7.0,9.0,0.0,0.0,1.0
2020-04-24,16.0,0.0,7.0,9.0,0.0,0.0,0.0
2020-04-25,16.0,0.0,7.0,9.0,0.0,0.0,0.0
2020-04-26,16.0,0.0,8.0,8.0,0.0,0.0,1.0
2020-04-27,16.0,0.0,8.0,8.0,0.0,0.0,0.0
2020-04-28,16.0,0.0,8.0,8.0,0.0,0.0,0.0
2020-04-29,16.0,0.0,8.0,8.0,0.0,0.0,0.0
2020-04-30,16.0,0.0,8.0,8.0,0.0,0.0,0.0
2020-05-01,16.0,0.0,8.0,8.0,0.0,0.0,0.0
2020-05-02,16.0,0.0,8.0,8.0,0.0,0.0,0.0
2020-05-03,16.0,0.0,8.0,8.0,0.0,0.0,0.0
2020-05-04,16.0,0.0,8.0,8.0,0.0,0.0,0.0
2020-05-05,16.0,0.0,8.0,8.0,0.0,0.0,0.0
2020-05-06,16.0,0.0,8.0,8.0,0.0,0.0,0.0
2020-05-07,16.0,0.0,9.0,7.0,0.0,0.0,1.0
2020-05-08,16.0,0.0,9.0,7.0,0.0,0.0,0.0
2020-05-09,16.0,0.0,10.0,6.0,0.0,0.0,1.0
2020-05-10,16.0,0.0,11.0,5.0,0.0,0.0,1.0
2020-05-11,16.0,0.0,11.0,5.0,0.0,0.0,0.0
2020-05-12,16.0,0.0,11.0,5.0,0.0,0.0,0.0
2020-05-13,16.0,0.0,11.0,5.0,0.0,0.0,0.0
2020-05-14,16.0,0.0,12.0,4.0,0.0,0.0,1.0
2020-05-15,16.0,0.0,13.0,3.0,0.0,0.0,1.0
2020-05-16,16.0,0.0,13.0,3.0,0.0,0.0,0.0
2020-05-17,16.0,0.0,13.0,3.0,0.0,0.0,0.0
2020-05-18,16.0,0.0,13.0,3.0,0.0,0.0,0.0
2020-05-19,16.0,0.0,13.0,3.0,0.0,0.0,0.0
2020-05-20,16.0,0.0,14.0,2.0,0.0,0.0,1.0
2020-05-21,18.0,0.0,14.0,4.0,2.0,0.0,0.0
2020-05-22,19.0,0.0,14.0,5.0,1.0,0.0,0.0
2020-05-23,20.0,0.0,14.0,6.0,1.0,0.0,0.0
2020-05-24,21.0,0.0,14.0,7.0,1.0,0.0,0.0
2020-05-25,21.0,0.0,14.0,7.0,0.0,0.0,0.0
2020-05-26,21.0,0.0,14.0,7.0,0.0,0.0,0.0
2020-05-27,22.0,0.0,14.0,8.0,1.0,0.0,0.0
2020-05-28,22.0,0.0,14.0,8.0,0.0,0.0,0.0
2020-05-29,23.0,0.0,14.0,9.0,1.0,0.0,0.0
2020-05-30,23.0,0.0,14.0,9.0,0.0,0.0,0.0
2020-05-31,24.0,0.0,14.0,10.0,1.0,0.0,0.0
2020-06-01,25.0,0.0,16.0,9.0,1.0,0.0,2.0
2020-06-02,25.0,0.0,16.0,9.0,0.0,0.0,0.0
2020-06-03,25.0,0.0,16.0,9.0,0.0,0.0,0.0
2020-06-04,25.0,0.0,16.0,9.0,0.0,0.0,0.0
2020-06-05,25.0,0.0,16.0,9.0,0.0,0.0,0.0
2020-06-06,29.0,0.0,16.0,13.0,4.0,0.0,0.0
2020-06-07,29.0,0.0,16.0,13.0,0.0,0.0,0.0
2020-06-08,31.0,0.0,16.0,15.0,2.0,0.0,0.0
2020-06-09,31.0,0.0,16.0,15.0,0.0,0.0,0.0
2020-06-10,31.0,0.0,17.0,14.0,0.0,0.0,1.0
2020-06-11,31.0,0.0,17.0,14.0,0.0,0.0,0.0
2020-06-12,31.0,0.0,17.0,14.0,0.0,0.0,0.0
2020-06-13,32.0,0.0,17.0,15.0,1.0,0.0,0.0
2020-06-14,32.0,0.0,17.0,15.0,0.0,0.0,0.0
2020-06-15,32.0,0.0,17.0,15.0,0.0,0.0,0.0
2020-06-16,34.0,0.0,18.0,16.0,2.0,0.0,1.0
2020-06-17,36.0,0.0,19.0,17.0,2.0,0.0,1.0
2020-06-18,39.0,0.0,19.0,20.0,3.0,0.0,0.0
2020-06-19,45.0,0.0,19.0,26.0,6.0,0.0,0.0
2020-06-20,46.0,0.0,19.0,27.0,1.0,0.0,0.0
2020-06-21,55.0,0.0,19.0,36.0,9.0,0.0,0.0
2020-06-22,63.0,0.0,21.0,42.0,8.0,0.0,2.0
2020-06-23,72.0,0.0,21.0,51.0,9.0,0.0,0.0
2020-06-24,76.0,0.0,21.0,55.0,4.0,0.0,0.0
2020-06-25,102.0,0.0,21.0,81.0,26.0,0.0,0.0
2020-06-26,121.0,0.0,22.0,99.0,19.0,0.0,1.0
2020-06-27,136.0,0.0,22.0,114.0,15.0,0.0,0.0
2020-06-28,183.0,0.0,24.0,159.0,47.0,0.0,2.0
2020-06-29,196.0,0.0,24.0,172.0,13.0,0.0,0.0
2020-06-30,205.0,0.0,24.0,181.0,9.0,0.0,0.0
2020-07-01,285.0,0.0,24.0,261.0,80.0,0.0,0.0
2020-07-02,293.0,0.0,24.0,269.0,8.0,0.0,0.0
2020-07-03,350.0,0.0,25.0,325.0,57.0,0.0,1.0
2020-07-04,375.0,0.0,25.0,350.0,25.0,0.0,0.0
2020-07-05,412.0,0.0,25.0,387.0,37.0,0.0,0.0
2020-07-06,485.0,0.0,25.0,460.0,73.0,0.0,0.0
2020-07-07,539.0,0.0,25.0,514.0,54.0,0.0,0.0
2020-07-08,593.0,0.0,25.0,568.0,54.0,0.0,0.0
2020-07-09,615.0,0.0,25.0,590.0,22.0,0.0,0.0
2020-07-10,668.0,1.0,25.0,642.0,53.0,1.0,0.0
2020-07-11,668.0,1.0,25.0,642.0,0.0,0.0,0.0
2020-07-12,785.0,1.0,26.0,758.0,117.0,0.0,1.0
2020-07-13,861.0,1.0,28.0,832.0,76.0,0.0,2.0
2020-07-14,864.0,2.0,29.0,833.0,3.0,1.0,1.0
2020-07-15,960.0,2.0,31.0,927.0,96.0,0.0,2.0
2020-07-16,1032.0,2.0,31.0,999.0,72.0,0.0,0.0
2020-07-17,1078.0,2.0,32.0,1044.0,46.0,0.0,1.0
2020-07-18,1203.0,2.0,32.0,1169.0,125.0,0.0,0.0
2020-07-19,1247.0,3.0,35.0,1209.0,44.0,1.0,3.0
2020-07-20,1344.0,4.0,42.0,1298.0,97.0,1.0,7.0
2020-07-21,1366.0,7.0,57.0,1302.0,22.0,3.0,15.0
2020-07-22,1402.0,7.0,64.0,1331.0,36.0,0.0,7.0
2020-07-23,1522.0,7.0,69.0,1446.0,120.0,0.0,5.0
2020-07-24,1618.0,7.0,72.0,1539.0,96.0,0.0,3.0
2020-07-25,1687.0,7.0,72.0,1608.0,69.0,0.0,0.0
2020-07-26,1775.0,8.0,75.0,1692.0,88.0,1.0,3.0
2020-07-27,1843.0,8.0,101.0,1734.0,68.0,0.0,26.0
2020-07-28,1917.0,8.0,104.0,1805.0,74.0,0.0,3.0
2020-07-29,1986.0,9.0,104.0,1873.0,69.0,1.0,0.0
2020-07-30,2052.0,10.0,164.0,1878.0,66.0,1.0,60.0
2020-07-31,2129.0,10.0,166.0,1953.0,77.0,0.0,2.0
2020-08-01,2224.0,11.0,171.0,2042.0,95.0,1.0,5.0
2020-08-02,2294.0,11.0,187.0,2096.0,70.0,0.0,16.0
2020-08-03,2406.0,12.0,187.0,2207.0,112.0,1.0,0.0
2020-08-04,2470.0,12.0,211.0,2247.0,64.0,0.0,24.0
2020-08-05,2540.0,12.0,556.0,1972.0,70.0,0.0,345.0
2020-08-06,2652.0,15.0,563.0,2074.0,112.0,3.0,7.0
2020-08-07,2802.0,16.0,575.0,2211.0,150.0,1.0,12.0
2020-08-08,2802.0,16.0,575.0,2211.0,0.0,0.0,0.0
2020-08-09,2949.0,19.0,704.0,2226.0,147.0,3.0,129.0
2020-08-10,3101.0,19.0,715.0,2367.0,152.0,0.0,11.0
2020-08-11,3229.0,19.0,715.0,2495.0,128.0,0.0,0.0
2020-08-12,3406.0,22.0,835.0,2549.0,177.0,3.0,120.0
2020-08-13,3544.0,27.0,848.0,2669.0,138.0,5.0,13.0
2020-08-14,3726.0,31.0,848.0,2847.0,182.0,4.0,0.0
2020-08-15,3907.0,35.0,2352.0,1520.0,181.0,4.0,1504.0
2020-08-16,4154.0,35.0,2370.0,1749.0,247.0,0.0,18.0
2020-08-17,4344.0,36.0,2379.0,1929.0,190.0,1.0,9.0
2020-08-18,4464.0,37.0,2407.0,2020.0,120.0,1.0,28.0
2020-08-19,4665.0,39.0,2426.0,2200.0,201.0,2.0,19.0
2020-08-20,4912.0,41.0,2442.0,2429.0,247.0,2.0,16.0
2020-08-21,5227.0,42.0,2457.0,2728.0,315.0,1.0,15.0
2020-08-22,5538.0,46.0,2460.0,3032.0,311.0,4.0,3.0
2020-08-23,5854.0,52.0,2509.0,3293.0,316.0,6.0,49.0
2020-08-24,6030.0,56.0,2563.0,3411.0,176.0,4.0,54.0
2020-08-25,6160.0,57.0,2732.0,3371.0,130.0,1.0,169.0
2020-08-26,6431.0,59.0,2734.0,3638.0,271.0,2.0,2.0
2020-08-27,6712.0,60.0,2776.0,3876.0,281.0,1.0,42.0
2020-08-28,6906.0,65.0,2789.0,4052.0,194.0,5.0,13.0
2020-08-29,7116.0,69.0,2817.0,4230.0,210.0,4.0,28.0
2020-08-30,7365.0,72.0,2929.0,4364.0,249.0,3.0,112.0
2020-08-31,7550.0,75.0,3327.0,4148.0,185.0,3.0,398.0
2020-09-01,7692.0,81.0,3379.0,4232.0,142.0,6.0,52.0
2020-09-02,7844.0,82.0,3454.0,4308.0,152.0,1.0,75.0
2020-09-03,8082.0,86.0,3483.0,4513.0,238.0,4.0,29.0
2020-09-04,8323.0,87.0,3611.0,4625.0,241.0,1.0,128.0
2020-09-05,8514.0,87.0,3643.0,4784.0,191.0,0.0,32.0
2020-09-06,8685.0,89.0,3786.0,4810.0,171.0,2.0,143.0
2020-09-07,8810.0,91.0,3806.0,4913.0,125.0,2.0,20.0
2020-09-08,8928.0,91.0,3981.0,4856.0,118.0,0.0,175.0
2020-09-09,9108.0,93.0,4640.0,4375.0,180.0,2.0,659.0
2020-09-10,9256.0,96.0,4767.0,4393.0,148.0,3.0,127.0
2020-09-11,9437.0,98.0,4898.0,4441.0,181.0,2.0,131.0
2020-09-12,9604.0,98.0,5811.0,3695.0,167.0,0.0,913.0
2020-09-13,9719.0,101.0,6543.0,3075.0,115.0,3.0,732.0
2020-09-14,9818.0,103.0,6693.0,3022.0,99.0,2.0,150.0
2020-09-15,9901.0,106.0,7358.0,2437.0,83.0,3.0,665.0
2020-09-16,9964.0,108.0,7502.0,2354.0,63.0,2.0,144.0
2020-09-17,10078.0,108.0,7685.0,2285.0,114.0,0.0,183.0
2020-09-18,10207.0,108.0,7947.0,2152.0,129.0,0.0,262.0
2020-09-19,10292.0,111.0,7969.0,2212.0,85.0,3.0,22.0
2020-09-20,10377.0,112.0,8033.0,2232.0,85.0,1.0,64.0
2020-09-21,10526.0,113.0,8112.0,2301.0,149.0,1.0,79.0
2020-09-22,10607.0,116.0,8359.0,2132.0,81.0,3.0,247.0
2020-09-23,10663.0,117.0,8431.0,2115.0,56.0,1.0,72.0
2020-09-24,10740.0,119.0,8482.0,2139.0,77.0,2.0,51.0
2020-09-25,10835.0,119.0,8569.0,2147.0,95.0,0.0,87.0
2020-09-26,10918.0,120.0,8749.0,2049.0,83.0,1.0,180.0
2020-09-27,11033.0,120.0,8776.0,2137.0,115.0,0.0,27.0
2020-09-28,11121.0,121.0,8787.0,2213.0,88.0,1.0,11.0
2020-09-29,11140.0,121.0,8937.0,2082.0,19.0,0.0,150.0
2020-09-30,11265.0,121.0,9014.0,2130.0,125.0,0.0,77.0
2020-10-01,11373.0,123.0,9083.0,2167.0,108.0,2.0,69.0
2020-10-02,11480.0,123.0,9351.0,2006.0,107.0,0.0,268.0
2020-10-03,11572.0,123.0,9419.0,2030.0,92.0,0.0,68.0
2020-10-04,11626.0,123.0,9429.0,2074.0,54.0,0.0,10.0
2020-10-05,11654.0,125.0,9451.0,2078.0,28.0,2.0,22.0
2020-10-06,11673.0,125.0,9611.0,1937.0,19.0,0.0,160.0
2020-10-07,11714.0,126.0,9673.0,1915.0,41.0,1.0,62.0
2020-10-08,11781.0,127.0,9759.0,1895.0,67.0,1.0,86.0
2020-10-09,11829.0,127.0,9778.0,1924.0,48.0,0.0,19.0
2020-10-10,11891.0,128.0,9807.0,1956.0,62.0,1.0,29.0
2020-10-11,11936.0,128.0,9817.0,1991.0,45.0,0.0,10.0
2020-10-12,11989.0,129.0,9913.0,1947.0,53.0,1.0,96.0
2020-10-13,12000.0,129.0,10120.0,1751.0,11.0,0.0,207.0
2020-10-14,12069.0,130.0,10145.0,1794.0,69.0,1.0,25.0
2020-10-15,12103.0,130.0,10329.0,1644.0,34.0,0.0,184.0
2020-10-16,12215.0,131.0,10360.0,1724.0,112.0,1.0,31.0
2020-10-17,12263.0,131.0,10419.0,1713.0,48.0,0.0,59.0
2020-10-18,12293.0,131.0,10422.0,1740.0,30.0,0.0,3.0
2020-10-19,12326.0,131.0,10426.0,1769.0,33.0,0.0,4.0
2020-10-20,12367.0,132.0,10528.0,1707.0,41.0,1.0,102.0
2020-10-21,12406.0,133.0,10587.0,1686.0,39.0,1.0,59.0
2020-10-22,12460.0,133.0,10609.0,1718.0,54.0,0.0,22.0
2020-10-23,12501.0,133.0,10748.0,1620.0,41.0,0.0,139.0
2020-10-24,12579.0,133.0,10775.0,1671.0,78.0,0.0,27.0
2020-10-25,12660.0,133.0,10779.0,1748.0,81.0,0.0,4.0
2020-10-26,12675.0,133.0,10813.0,1729.0,15.0,0.0,34.0
2020-10-27,12729.0,133.0,10878.0,1718.0,54.0,0.0,65.0
2020-10-28,12806.0,133.0,10929.0,1744.0,77.0,0.0,51.0
2020-10-29,12858.0,133.0,10972.0,1753.0,52.0,0.0,43.0
2020-10-30,12907.0,133.0,11000.0,1774.0,49.0,0.0,28.0
2020-10-31,12935.0,133.0,11036.0,1766.0,28.0,0.0,36.0
2020-11-01,12988.0,133.0,11038.0,1817.0,53.0,0.0,2.0
2020-11-02,13012.0,133.0,11201.0,1678.0,24.0,0.0,163.0
2020-11-03,13030.0,133.0,11304.0,1593.0,18.0,0.0,103.0
2020-11-04,13046.0,133.0,11344.0,1569.0,16.0,0.0,40.0
2020-11-05,13090.0,133.0,11438.0,1519.0,44.0,0.0,94.0
2020-11-06,13143.0,133.0,11578.0,1432.0,53.0,0.0,140.0
2020-11-07,13170.0,134.0,11602.0,1434.0,27.0,1.0,24.0
2020-11-08,13211.0,134.0,11605.0,1472.0,41.0,0.0,3.0
2020-11-09,13240.0,134.0,11620.0,1486.0,29.0,0.0,15.0
2020-11-10,13253.0,134.0,11701.0,1418.0,13.0,0.0,81.0
2020-11-11,13292.0,134.0,11739.0,1419.0,39.0,0.0,38.0
2020-11-12,13345.0,135.0,12188.0,1022.0,53.0,1.0,449.0
2020-11-13,13372.0,138.0,12243.0,991.0,27.0,3.0,55.0
2020-11-14,13449.0,138.0,12467.0,844.0,77.0,0.0,224.0
2020-11-15,13508.0,138.0,12680.0,690.0,59.0,0.0,213.0
2020-11-16,13555.0,138.0,12843.0,574.0,47.0,0.0,163.0
2020-11-17,13566.0,140.0,13140.0,286.0,11.0,2.0,297.0
2020-11-18,13610.0,140.0,13152.0,318.0,44.0,0.0,12.0
2020-11-19,13662.0,141.0,13182.0,339.0,52.0,1.0,30.0
2020-11-20,13712.0,143.0,13191.0,378.0,50.0,2.0,9.0
2020-11-21,13811.0,145.0,13209.0,457.0,99.0,2.0,18.0
2020-11-22,13865.0,145.0,13225.0,495.0,54.0,0.0,16.0
2020-11-23,13897.0,145.0,13234.0,518.0,32.0,0.0,9.0
2020-11-24,13938.0,145.0,13272.0,521.0,41.0,0.0,38.0
2020-11-25,14006.0,145.0,13339.0,522.0,68.0,0.0,67.0
2020-11-26,14155.0,147.0,13355.0,653.0,149.0,2.0,16.0
2020-11-27,14207.0,149.0,13388.0,670.0,52.0,2.0,33.0
2020-11-28,14285.0,150.0,13412.0,723.0,78.0,1.0,24.0
2020-11-29,14345.0,151.0,13439.0,755.0,60.0,1.0,27.0
2020-11-30,14380.0,151.0,13535.0,694.0,35.0,0.0,96.0
2020-12-01,14416.0,151.0,13600.0,665.0,36.0,0.0,65.0
2020-12-02,14477.0,151.0,13697.0,629.0,61.0,0.0,97.0
