date,confirmed,deaths,recovered,active,new_confirmed,new_deaths,new_recovered
2020-01-25,1.0,0.0,0.0,0.0,,,
2020-01-26,1.0,0.0,0.0,0.0,0.0,0.0,0.0
2020-01-27,1.0,0.0,0.0,0.0,0.0,0.0,0.0
2020-01-28,1.0,0.0,0.0,0.0,0.0,0.0,0.0
2020-01-29,1.0,0.0,0.0,0.0,0.0,0.0,0.0
2020-01-30,1.0,0.0,0.0,0.0,0.0,0.0,0.0
2020-01-31,1.0,0.0,0.0,0.0,0.0,0.0,0.0
2020-02-01,1.0,0.0,0.0,1.0,0.0,0.0,0.0
2020-02-02,1.0,0.0,0.0,1.0,0.0,0.0,0.0
2020-02-03,1.0,0.0,0.0,1.0,0.0,0.0,0.0
2020-02-04,1.0,0.0,0.0,1.0,0.0,0.0,0.0
2020-02-05,1.0,0.0,0.0,1.0,0.0,0.0,0.0
2020-02-06,1.0,0.0,0.0,1.0,0.0,0.0,0.0
2020-02-07,1.0,0.0,0.0,1.0,0.0,0.0,0.0
2020-02-08,1.0,0.0,0.0,1.0,0.0,0.0,0.0
2020-02-09,1.0,0.0,0.0,1.0,0.0,0.0,0.0
2020-02-10,1.0,0.0,0.0,1.0,0.0,0.0,0.0
2020-02-11,1.0,0.0,0.0,1.0,0.0,0.0,0.0
2020-02-12,1.0,0.0,1.0,0.0,0.0,0.0,1.0
2020-02-13,1.0,0.0,1.0,0.0,0.0,0.0,0.0
2020-02-14,1.0,0.0,1.0,0.0,0.0,0.0,0.0
2020-02-15,1.0,0.0,1.0,0.0,0.0,0.0,0.0
2020-02-16,1.0,0.0,1.0,0.0,0.0,0.0,0.0
2020-02-17,1.0,0.0,1.0,0.0,0.0,0.0,0.0
2020-02-18,1.0,0.0,1.0,0.0,0.0,0.0,0.0
2020-02-19,1.0,0.0,1.0,0.0,0.0,0.0,0.0
2020-02-20,1.0,0.0,1.0,0.0,0.0,0.0,0.0
2020-02-21,1.0,0.0,1.0,0.0,0.0,0.0,0.0
2020-02-22,1.0,0.0,1.0,0.0,0.0,0.0,0.0
2020-02-23,1.0,0.0,1.0,0.0,0.0,0.0,0.0
2020-02-24,1.0,0.0,1.0,0.0,0.0,0.0,0.0
2020-02-25,1.0,0.0,1.0,0.0,0.0,0.0,0.0
2020-02-26,1.0,0.0,1.0,0.0,0.0,0.0,0.0
2020-02-27,1.0,0.0,1.0,0.0,0.0,0.0,0.0
2020-02-28,1.0,0.0,1.0,0.0,0.0,0.0,0.0
2020-02-29,1.0,0.0,1.0,0.0,0.0,0.0,0.0
2020-03-01,1.0,0.0,1.0,0.0,0.0,0.0,0.0
2020-03-02,1.0,0.0,1.0,0.0,0.0,0.0,0.0
2020-03-03,1.0,0.0,1.0,0.0,0.0,0.0,0.0
2020-03-04,1.0,0.0,1.0,0.0,0.0,0.0,0.0
2020-03-05,1.0,0.0,1.0,0.0,0.0,0.0,0.0
2020-03-06,1.0,0.0,1.0,0.0,0.0,0.0,0.0
2020-03-07,1.0,0.0,1.0,0.0,0.0,0.0,0.0
2020-03-08,1.0,0.0,1.0,0.0,0.0,0.0,0.0
2020-03-09,1.0,0.0,1.0,0.0,0.0,0.0,0.0
2020-03-10,1.0,0.0,1.0,0.0,0.0,0.0,0.0
2020-03-11,1.0,0.0,1.0,0.0,0.0,0.0,0.0
2020-03-12,1.0,0.0,1.0,0.0,0.0,0.0,0.0
2020-03-13,1.0,0.0,1.0,0.0,0.0,0.0,0.0
2020-03-14,1.0,0.0,1.0,0.0,0.0,0.0,0.0
2020-03-15,1.0,0.0,1.0,0.0,0.0,0.0,0.0
2020-03-16,1.0,0.0,1.0,0.0,0.0,0.0,0.0
2020-03-17,1.0,0.0,1.0,0.0,0.0,0.0,0.0
2020-03-18,1.0,0.0,1.0,0.0,0.0,0.0,0.0
2020-03-19,1.0,0.0,1.0,0.0,0.0,0.0,0.0
2020-03-20,1.0,0.0,1.0,0.0,0.0,0.0,0.0
2020-03-21,1.0,0.0,1.0,0.0,0.0,0.0,0.0
2020-03-22,1.0,0.0,1.0,0.0,0.0,0.0,0.0
2020-03-23,2.0,0.0,1.0,1.0,1.0,0.0,0.0
2020-03-24,2.0,0.0,1.0,1.0,0.0,0.0,0.0
2020-03-25,3.0,0.0,1.0,2.0,1.0,0.0,0.0
2020-03-26,3.0,0.0,1.0,2.0,0.0,0.0,0.0
2020-03-27,4.0,0.0,1.0,3.0,1.0,0.0,0.0
2020-03-28,5.0,0.0,1.0,4.0,1.0,0.0,0.0
2020-03-29,5.0,0.0,1.0,4.0,0.0,0.0,0.0
2020-03-30,5.0,0.0,1.0,4.0,0.0,0.0,0.0
2020-03-31,5.0,0.0,1.0,4.0,0.0,0.0,0.0
2020-04-01,5.0,0.0,1.0,4.0,0.0,0.0,0.0
2020-04-02,6.0,0.0,1.0,5.0,1.0,0.0,0.0
2020-04-03,6.0,0.0,1.0,5.0,0.0,0.0,0.0
2020-04-04,9.0,0.0,1.0,8.0,3.0,0.0,0.0
2020-04-05,9.0,0.0,1.0,8.0,0.0,0.0,0.0
2020-04-06,9.0,0.0,1.0,8.0,0.0,0.0,0.0
2020-04-07,9.0,0.0,1.0,8.0,0.0,0.0,0.0
2020-04-08,9.0,0.0,1.0,8.0,0.0,0.0,0.0
2020-04-09,9.0,0.0,1.0,8.0,0.0,0.0,0.0
2020-04-10,9.0,0.0,1.0,8.0,0.0,0.0,0.0
2020-04-11,9.0,0.0,1.0,8.0,0.0,0.0,0.0
2020-04-12,12.0,0.0,1.0,11.0,3.0,0.0,0.0
2020-04-13,14.0,0.0,1.0,13.0,2.0,0.0,0.0
2020-04-14,16.0,0.0,1.0,15.0,2.0,0.0,0.0
2020-04-15,16.0,0.0,1.0,15.0,0.0,0.0,0.0
2020-04-16,16.0,0.0,2.0,14.0,0.0,0.0,1.0
2020-04-17,30.0,0.0,2.0,28.0,14.0,0.0,0.0
2020-04-18,31.0,0.0,2.0,29.0,1.0,0.0,0.0
2020-04-19,31.0,0.0,4.0,27.0,0.0,0.0,2.0
2020-04-20,31.0,0.0,4.0,27.0,0.0,0.0,0.0
2020-04-21,43.0,0.0,4.0,39.0,12.0,0.0,0.0
2020-04-22,45.0,0.0,7.0,38.0,2.0,0.0,3.0
2020-04-23,48.0,0.0,10.0,38.0,3.0,0.0,3.0
2020-04-24,49.0,0.0,11.0,38.0,1.0,0.0,1.0
2020-04-25,49.0,0.0,12.0,37.0,0.0,0.0,1.0
2020-04-26,52.0,0.0,16.0,36.0,3.0,0.0,4.0
2020-04-27,52.0,0.0,16.0,36.0,0.0,0.0,0.0
2020-04-28,54.0,0.0,16.0,38.0,2.0,0.0,0.0
2020-04-29,57.0,0.0,16.0,41.0,3.0,0.0,0.0
2020-04-30,57.0,0.0,16.0,41.0,0.0,0.0,0.0
2020-05-01,59.0,0.0,16.0,43.0,2.0,0.0,0.0
2020-05-02,59.0,0.0,16.0,43.0,0.0,0.0,0.0
2020-05-03,75.0,0.0,16.0,59.0,16.0,0.0,0.0
2020-05-04,75.0,0.0,16.0,59.0,0.0,0.0,0.0
2020-05-05,82.0,0.0,16.0,66.0,7.0,0.0,0.0
2020-05-06,99.0,0.0,22.0,77.0,17.0,0.0,6.0
2020-05-07,101.0,0.0,22.0,79.0,2.0,0.0,0.0
2020-05-08,102.0,0.0,31.0,71.0,1.0,0.0,9.0
2020-05-09,110.0,0.0,31.0,79.0,8.0,0.0,0.0
2020-05-10,110.0,0.0,31.0,79.0,0.0,0.0,0.0
2020-05-11,134.0,0.0,33.0,101.0,24.0,0.0,2.0
2020-05-12,217.0,0.0,33.0,184.0,83.0,0.0,0.0
2020-05-13,250.0,0.0,35.0,215.0,33.0,0.0,2.0
2020-05-14,249.0,0.0,35.0,214.0,-1.0,0.0,0.0
2020-05-15,267.0,0.0,36.0,231.0,18.0,0.0,1.0
2020-05-16,291.0,1.0,36.0,254.0,24.0,1.0,0.0
2020-05-17,295.0,2.0,36.0,257.0,4.0,1.0,0.0
2020-05-18,375.0,2.0,36.0,337.0,80.0,0.0,0.0
2020-05-19,402.0,2.0,37.0,363.0,27.0,0.0,1.0
2020-05-20,427.0,2.0,45.0,380.0,25.0,0.0,8.0
2020-05-21,457.0,3.0,49.0,405.0,30.0,1.0,4.0
2020-05-22,516.0,3.0,70.0,443.0,59.0,0.0,21.0
2020-05-23,584.0,3.0,70.0,511.0,68.0,0.0,0.0
2020-05-24,603.0,3.0,87.0,513.0,19.0,0.0,17.0
2020-05-25,682.0,4.0,112.0,566.0,79.0,1.0,25.0
2020-05-26,772.0,4.0,155.0,613.0,90.0,0.0,43.0
2020-05-27,886.0,4.0,183.0,699.0,114.0,0.0,28.0
2020-05-28,1042.0,5.0,187.0,850.0,156.0,1.0,4.0
2020-05-29,1212.0,6.0,206.0,1000.0,170.0,1.0,19.0
2020-05-30,1401.0,6.0,219.0,1176.0,189.0,0.0,13.0
2020-05-31,1572.0,8.0,220.0,1344.0,171.0,2.0,1.0
2020-06-01,1811.0,8.0,221.0,1582.0,239.0,0.0,1.0
2020-06-02,2099.0,8.0,266.0,1825.0,288.0,0.0,45.0
2020-06-03,2300.0,9.0,278.0,2013.0,201.0,1.0,12.0
2020-06-04,2634.0,10.0,290.0,2334.0,334.0,1.0,12.0
2020-06-05,2912.0,11.0,333.0,2568.0,278.0,1.0,43.0
2020-06-06,3235.0,13.0,365.0,2857.0,323.0,2.0,32.0
2020-06-07,3448.0,13.0,467.0,2968.0,213.0,0.0,102.0
2020-06-08,3762.0,14.0,488.0,3260.0,314.0,1.0,21.0
2020-06-09,4086.0,15.0,584.0,3487.0,324.0,1.0,96.0
2020-06-10,4364.0,15.0,674.0,3675.0,278.0,0.0,90.0
2020-06-11,4614.0,15.0,861.0,3738.0,250.0,0.0,187.0
2020-06-12,5062.0,16.0,877.0,4169.0,448.0,1.0,16.0
2020-06-13,5335.0,18.0,913.0,4404.0,273.0,2.0,36.0
2020-06-14,5760.0,19.0,974.0,4767.0,425.0,1.0,61.0
2020-06-15,6211.0,19.0,1041.0,5151.0,451.0,0.0,67.0
2020-06-16,6591.0,19.0,1158.0,5414.0,380.0,0.0,117.0
2020-06-17,7177.0,20.0,1167.0,5990.0,586.0,1.0,9.0
2020-06-18,7848.0,22.0,1186.0,6640.0,671.0,2.0,19.0
2020-06-19,8274.0,22.0,1402.0,6850.0,426.0,0.0,216.0
2020-06-20,8605.0,22.0,1578.0,7005.0,331.0,0.0,176.0
2020-06-21,9026.0,23.0,1772.0,7231.0,421.0,1.0,194.0
2020-06-22,9561.0,23.0,2148.0,7390.0,535.0,0.0,376.0
2020-06-23,10099.0,24.0,2224.0,7851.0,538.0,1.0,76.0
2020-06-24,10728.0,24.0,2338.0,8366.0,629.0,0.0,114.0
2020-06-25,11162.0,26.0,2650.0,8486.0,434.0,2.0,312.0
2020-06-26,11755.0,27.0,2698.0,9030.0,593.0,1.0,48.0
2020-06-27,12309.0,28.0,2834.0,9447.0,554.0,1.0,136.0
2020-06-28,12772.0,28.0,3013.0,9731.0,463.0,0.0,179.0
2020-06-29,13248.0,29.0,3134.0,10085.0,476.0,1.0,121.0
2020-06-30,13564.0,29.0,3194.0,10341.0,316.0,0.0,60.0
2020-07-01,14046.0,30.0,4656.0,9360.0,482.0,1.0,1462.0
2020-07-02,14519.0,31.0,5320.0,9168.0,473.0,1.0,664.0
2020-07-03,15259.0,32.0,6143.0,9084.0,740.0,1.0,823.0
2020-07-04,15491.0,34.0,6415.0,9042.0,232.0,2.0,272.0
2020-07-05,15784.0,34.0,6547.0,9203.0,293.0,0.0,132.0
2020-07-06,15964.0,35.0,6811.0,9118.0,180.0,1.0,264.0
2020-07-07,16168.0,35.0,7499.0,8634.0,204.0,0.0,688.0
2020-07-08,16423.0,35.0,7752.0,8636.0,255.0,0.0,253.0
2020-07-09,16531.0,35.0,7891.0,8605.0,108.0,0.0,139.0
2020-07-10,16649.0,35.0,8011.0,8603.0,118.0,0.0,120.0
2020-07-11,16719.0,38.0,8442.0,8239.0,70.0,3.0,431.0
2020-07-12,16801.0,38.0,8589.0,8174.0,82.0,0.0,147.0
2020-07-13,16945.0,38.0,10294.0,6613.0,144.0,0.0,1705.0
2020-07-14,17061.0,38.0,10328.0,6695.0,116.0,0.0,34.0
2020-07-15,17177.0,39.0,11025.0,6113.0,116.0,1.0,697.0
2020-07-16,17344.0,39.0,11249.0,6056.0,167.0,0.0,224.0
2020-07-17,17445.0,40.0,11534.0,5871.0,101.0,1.0,285.0
2020-07-18,17502.0,40.0,11637.0,5825.0,57.0,0.0,103.0
2020-07-19,17658.0,40.0,11695.0,5923.0,156.0,0.0,58.0
2020-07-20,17844.0,40.0,11868.0,5936.0,186.0,0.0,173.0
2020-07-21,17994.0,40.0,12477.0,5477.0,150.0,0.0,609.0
2020-07-22,18094.0,42.0,12684.0,5368.0,100.0,2.0,207.0
2020-07-23,18241.0,43.0,12840.0,5358.0,147.0,1.0,156.0
2020-07-24,18374.0,44.0,12947.0,5383.0,133.0,1.0,107.0
2020-07-25,18483.0,45.0,13053.0,5385.0,109.0,1.0,106.0
2020-07-26,18613.0,45.0,13128.0,5440.0,130.0,0.0,75.0
2020-07-27,18752.0,48.0,13754.0,4950.0,139.0,3.0,626.0
2020-07-28,19063.0,49.0,13875.0,5139.0,311.0,1.0,121.0
2020-07-29,19273.0,49.0,14021.0,5203.0,210.0,0.0,146.0
2020-07-30,19547.0,52.0,14248.0,5247.0,274.0,3.0,227.0
2020-07-31,19771.0,56.0,14399.0,5316.0,224.0,4.0,151.0
2020-08-01,20086.0,56.0,14492.0,5538.0,315.0,0.0,93.0
2020-08-02,20332.0,57.0,14603.0,5672.0,246.0,1.0,111.0
2020-08-03,20750.0,57.0,14961.0,5732.0,418.0,0.0,358.0
2020-08-04,21009.0,58.0,15026.0,5925.0,259.0,1.0,65.0
2020-08-05,21390.0,60.0,15156.0,6174.0,381.0,2.0,130.0
2020-08-06,21750.0,65.0,15389.0,6296.0,360.0,5.0,233.0
2020-08-07,22214.0,70.0,15814.0,6330.0,464.0,5.0,425.0
2020-08-08,22592.0,73.0,16313.0,6206.0,378.0,3.0,499.0
2020-08-09,22972.0,75.0,16353.0,6544.0,380.0,2.0,40.0
2020-08-10,23310.0,79.0,16493.0,6738.0,338.0,4.0,140.0
2020-08-11,23948.0,83.0,16664.0,7201.0,638.0,4.0,171.0
2020-08-12,24432.0,91.0,16728.0,7613.0,484.0,8.0,64.0
2020-08-13,24957.0,95.0,16837.0,8025.0,525.0,4.0,109.0
2020-08-14,25551.0,99.0,17077.0,8375.0,594.0,4.0,240.0
2020-08-15,26019.0,102.0,17201.0,8716.0,468.0,3.0,124.0
2020-08-16,26660.0,104.0,17335.0,9221.0,641.0,2.0,134.0
2020-08-17,27241.0,107.0,17495.0,9639.0,581.0,3.0,160.0
2020-08-18,28257.0,114.0,17580.0,10563.0,1016.0,7.0,85.0
2020-08-19,28938.0,120.0,17700.0,11118.0,681.0,6.0,120.0
2020-08-20,29645.0,126.0,17964.0,11555.0,707.0,6.0,264.0
2020-08-21,30483.0,137.0,18214.0,12132.0,838.0,11.0,250.0
2020-08-22,31117.0,146.0,18350.0,12621.0,634.0,9.0,136.0
2020-08-23,31935.0,149.0,18631.0,13155.0,818.0,3.0,281.0
2020-08-24,32678.0,157.0,18806.0,13715.0,743.0,8.0,175.0
2020-08-25,33533.0,164.0,19119.0,14250.0,855.0,7.0,313.0
2020-08-26,34418.0,175.0,19504.0,14739.0,885.0,11.0,385.0
2020-08-27,35529.0,183.0,20073.0,15273.0,1111.0,8.0,569.0
2020-08-28,36456.0,195.0,20242.0,16019.0,927.0,12.0,169.0
2020-08-29,37340.0,207.0,20555.0,16578.0,884.0,12.0,313.0
2020-08-30,38561.0,221.0,20822.0,17518.0,1221.0,14.0,267.0
2020-08-31,39460.0,228.0,21410.0,17822.0,899.0,7.0,588.0
2020-09-01,40529.0,239.0,22178.0,18112.0,1069.0,11.0,768.0
2020-09-02,41649.0,251.0,23290.0,18108.0,1120.0,12.0,1112.0
2020-09-03,42877.0,257.0,24207.0,18413.0,1228.0,6.0,917.0
2020-09-04,44236.0,271.0,25561.0,18404.0,1359.0,14.0,1354.0
2020-09-05,45277.0,280.0,27127.0,17870.0,1041.0,9.0,1566.0
2020-09-06,46257.0,289.0,28941.0,17027.0,980.0,9.0,1814.0
2020-09-07,47236.0,300.0,30677.0,16259.0,979.0,11.0,1736.0
2020-09-08,48138.0,306.0,32964.0,14868.0,902.0,6.0,2287.0
2020-09-09,49219.0,312.0,33882.0,15025.0,1081.0,6.0,918.0
2020-09-10,50465.0,317.0,35700.0,14448.0,1246.0,5.0,1818.0
2020-09-11,51919.0,322.0,36672.0,14925.0,1454.0,5.0,972.0
2020-09-12,53120.0,336.0,37524.0,15260.0,1201.0,14.0,852.0
2020-09-13,54159.0,345.0,38697.0,15117.0,1039.0,9.0,1173.0
2020-09-14,55329.0,360.0,39576.0,15393.0,1170.0,15.0,879.0
2020-09-15,56788.0,371.0,40638.0,15779.0,1459.0,11.0,1062.0
2020-09-16,58327.0,379.0,41706.0,16242.0,1539.0,8.0,1068.0
2020-09-17,59573.0,383.0,42949.0,16241.0,1246.0,4.0,1243.0
2020-09-18,61593.0,390.0,43820.0,17383.0,2020.0,7.0,871.0
2020-09-19,62797.0,401.0,45267.0,17129.0,1204.0,11.0,1447.0
2020-09-20,64122.0,411.0,46233.0,17478.0,1325.0,10.0,966.0
2020-09-21,65276.0,427.0,47238.0,17611.0,1154.0,16.0,1005.0
2020-09-22,66632.0,429.0,48061.0,18142.0,1356.0,2.0,823.0
2020-09-23,67804.0,436.0,49954.0,17414.0,1172.0,7.0,1893.0
2020-09-24,69301.0,453.0,50411.0,18437.0,1497.0,17.0,457.0
2020-09-25,70614.0,459.0,51866.0,18289.0,1313.0,6.0,1455.0
2020-09-26,71821.0,467.0,53013.0,18341.0,1207.0,8.0,1147.0
2020-09-27,73394.0,477.0,53898.0,19019.0,1573.0,10.0,885.0
2020-09-28,74745.0,481.0,54640.0,19624.0,1351.0,4.0,742.0
2020-09-29,76258.0,491.0,55371.0,20396.0,1513.0,10.0,731.0
2020-09-30,77817.0,498.0,56428.0,20891.0,1559.0,7.0,1057.0
2020-10-01,79728.0,509.0,57389.0,21830.0,1911.0,11.0,961.0
2020-10-02,82450.0,520.0,60696.0,21234.0,2722.0,11.0,3307.0
2020-10-03,84570.0,528.0,62740.0,21302.0,2120.0,8.0,2044.0
2020-10-04,86823.0,535.0,64069.0,22219.0,2253.0,7.0,1329.0
2020-10-05,89263.0,554.0,65202.0,23507.0,2440.0,19.0,1133.0
2020-10-06,90814.0,563.0,67542.0,22709.0,1551.0,9.0,2340.0
2020-10-07,94253.0,578.0,68668.0,25007.0,3439.0,15.0,1126.0
2020-10-08,98617.0,590.0,71343.0,26684.0,4364.0,12.0,2675.0
2020-10-09,100676.0,600.0,73023.0,27053.0,2059.0,10.0,1680.0
2020-10-10,105684.0,614.0,74252.0,30818.0,5008.0,14.0,1229.0
