date,confirmed,deaths,recovered,active,new_confirmed,new_deaths,new_recovered
2020-02-27,1.0,0.0,0.0,1.0,,,
2020-02-28,1.0,0.0,0.0,1.0,0.0,0.0,0.0
2020-02-29,6.0,0.0,0.0,6.0,5.0,0.0,0.0
2020-03-01,10.0,0.0,0.0,10.0,4.0,0.0,0.0
2020-03-02,18.0,0.0,0.0,18.0,8.0,0.0,0.0
2020-03-03,24.0,0.0,0.0,24.0,6.0,0.0,0.0
2020-03-04,38.0,0.0,0.0,38.0,14.0,0.0,0.0
2020-03-05,82.0,0.0,0.0,82.0,44.0,0.0,0.0
2020-03-06,128.0,1.0,0.0,127.0,46.0,1.0,0.0
2020-03-07,188.0,1.0,0.0,187.0,60.0,0.0,0.0
2020-03-08,265.0,3.0,0.0,262.0,77.0,2.0,0.0
2020-03-09,321.0,3.0,0.0,318.0,56.0,0.0,0.0
2020-03-10,382.0,4.0,0.0,378.0,61.0,1.0,0.0
2020-03-11,503.0,5.0,0.0,498.0,121.0,1.0,0.0
2020-03-12,503.0,5.0,0.0,498.0,0.0,0.0,0.0
2020-03-13,804.0,10.0,0.0,794.0,301.0,5.0,0.0
2020-03-14,959.0,12.0,2.0,945.0,155.0,2.0,2.0
2020-03-15,1135.0,20.0,2.0,1113.0,176.0,8.0,0.0
2020-03-16,1414.0,24.0,2.0,1388.0,279.0,4.0,0.0
2020-03-17,1708.0,43.0,2.0,1663.0,294.0,19.0,0.0
2020-03-18,2056.0,58.0,2.0,1996.0,348.0,15.0,0.0
2020-03-19,2465.0,77.0,2.0,2386.0,409.0,19.0,0.0
2020-03-20,3003.0,107.0,2.0,2894.0,538.0,30.0,0.0
2020-03-21,3640.0,137.0,2.0,3501.0,637.0,30.0,0.0
2020-03-22,4217.0,180.0,3.0,4034.0,577.0,43.0,1.0
2020-03-23,4764.0,214.0,3.0,4547.0,547.0,34.0,0.0
2020-03-24,5580.0,277.0,3.0,5300.0,816.0,63.0,0.0
2020-03-25,6438.0,357.0,4.0,6077.0,858.0,80.0,1.0
2020-03-26,7468.0,435.0,6.0,7027.0,1030.0,78.0,2.0
2020-03-27,8647.0,547.0,6.0,8094.0,1179.0,112.0,0.0
2020-03-28,9819.0,640.0,6.0,9173.0,1172.0,93.0,0.0
2020-03-29,10930.0,772.0,253.0,9905.0,1111.0,132.0,247.0
2020-03-30,11817.0,865.0,253.0,10699.0,887.0,93.0,0.0
2020-03-31,12667.0,1040.0,253.0,11374.0,850.0,175.0,0.0
2020-04-01,13696.0,1175.0,260.0,12261.0,1029.0,135.0,7.0
2020-04-02,14788.0,1341.0,260.0,13187.0,1092.0,166.0,0.0
2020-04-03,15821.0,1490.0,260.0,14071.0,1033.0,149.0,0.0
2020-04-04,16727.0,1656.0,262.0,14809.0,906.0,166.0,2.0
2020-04-05,17953.0,1771.0,257.0,15925.0,1226.0,115.0,-5.0
2020-04-06,18926.0,1874.0,258.0,16794.0,973.0,103.0,1.0
2020-04-07,19709.0,2108.0,272.0,17329.0,783.0,234.0,14.0
2020-04-08,20682.0,2255.0,272.0,18155.0,973.0,147.0,0.0
2020-04-09,21903.0,2403.0,278.0,19222.0,1221.0,148.0,6.0
2020-04-10,23249.0,2520.0,287.0,20442.0,1346.0,117.0,9.0
2020-04-11,24571.0,2653.0,291.0,21627.0,1322.0,133.0,4.0
2020-04-12,25746.0,2747.0,295.0,22704.0,1175.0,94.0,4.0
2020-04-13,26710.0,2833.0,295.0,23582.0,964.0,86.0,0.0
2020-04-14,27580.0,2955.0,297.0,24328.0,870.0,122.0,2.0
2020-04-15,28316.0,3145.0,304.0,24867.0,736.0,190.0,7.0
2020-04-16,29383.0,3327.0,311.0,25745.0,1067.0,182.0,7.0
2020-04-17,30619.0,3471.0,315.0,26833.0,1236.0,144.0,4.0
2020-04-18,31766.0,3613.0,317.0,27836.0,1147.0,142.0,2.0
2020-04-19,32838.0,3697.0,322.0,28819.0,1072.0,84.0,5.0
2020-04-20,33588.0,3764.0,322.0,29502.0,750.0,67.0,0.0
2020-04-21,34317.0,3929.0,74.0,30314.0,729.0,165.0,-248.0
2020-04-22,35032.0,4068.0,101.0,30863.0,715.0,139.0,27.0
2020-04-23,35921.0,4192.0,101.0,31628.0,889.0,124.0,0.0
2020-04-24,36729.0,4304.0,102.0,32323.0,808.0,112.0,1.0
2020-04-25,37384.0,4424.0,102.0,32858.0,655.0,120.0,0.0
2020-04-26,38040.0,4491.0,117.0,33432.0,656.0,67.0,15.0
2020-04-27,38440.0,4534.0,117.0,33789.0,400.0,43.0,0.0
2020-04-28,38612.0,4582.0,117.0,33913.0,172.0,48.0,0.0
2020-04-29,38998.0,4727.0,119.0,34152.0,386.0,145.0,2.0
2020-04-30,39512.0,4811.0,125.0,34576.0,514.0,84.0,6.0
2020-05-01,39989.0,4909.0,138.0,34942.0,477.0,98.0,13.0
2020-05-02,40434.0,5003.0,138.0,35293.0,445.0,94.0,0.0
2020-05-03,40769.0,5072.0,138.0,35559.0,335.0,69.0,0.0
2020-05-04,40968.0,5098.0,138.0,35732.0,199.0,26.0,0.0
2020-05-05,41286.0,5185.0,139.0,35962.0,318.0,87.0,1.0
2020-05-06,41518.0,5221.0,146.0,36151.0,232.0,36.0,7.0
2020-05-07,41973.0,5306.0,147.0,36520.0,455.0,85.0,1.0
2020-05-08,42292.0,5377.0,147.0,36768.0,319.0,71.0,0.0
2020-05-09,42581.0,5441.0,149.0,36991.0,289.0,64.0,2.0
2020-05-10,42826.0,5459.0,149.0,37218.0,245.0,18.0,0.0
2020-05-11,42987.0,5475.0,149.0,37363.0,161.0,16.0,0.0
2020-05-12,43183.0,5529.0,149.0,37505.0,196.0,54.0,0.0
2020-05-13,43410.0,5581.0,157.0,37672.0,227.0,52.0,8.0
2020-05-14,43680.0,5609.0,159.0,37912.0,270.0,28.0,2.0
2020-05-15,43880.0,5662.0,159.0,38059.0,200.0,53.0,0.0
2020-05-16,44070.0,5689.0,167.0,38214.0,190.0,27.0,8.0
2020-05-17,44195.0,5699.0,167.0,38329.0,125.0,10.0,0.0
2020-05-18,44341.0,5713.0,167.0,38461.0,146.0,14.0,0.0
2020-05-19,44449.0,5734.0,167.0,38548.0,108.0,21.0,0.0
2020-05-20,44647.0,5767.0,169.0,38711.0,198.0,33.0,2.0
2020-05-21,44900.0,5794.0,169.0,38937.0,253.0,27.0,0.0
2020-05-22,45088.0,5807.0,174.0,39107.0,188.0,13.0,5.0
2020-05-23,45265.0,5830.0,174.0,39261.0,177.0,23.0,0.0
2020-05-24,45437.0,5841.0,174.0,39422.0,172.0,11.0,0.0
2020-05-25,45647.0,5849.0,174.0,39624.0,210.0,8.0,0.0
2020-05-26,45780.0,5875.0,174.0,39731.0,133.0,26.0,0.0
2020-05-27,45970.0,5890.0,177.0,39903.0,190.0,15.0,3.0
2020-05-28,46152.0,5922.0,178.0,40052.0,182.0,32.0,1.0
2020-05-29,46328.0,5950.0,178.0,40200.0,176.0,28.0,0.0
2020-05-30,46460.0,5970.0,178.0,40312.0,132.0,20.0,0.0
2020-05-31,46645.0,5975.0,178.0,40492.0,185.0,5.0,0.0
2020-06-01,46749.0,5981.0,179.0,40589.0,104.0,6.0,1.0
2020-06-02,46852.0,5986.0,180.0,40686.0,103.0,5.0,1.0
2020-06-03,46939.0,5996.0,180.0,40763.0,87.0,10.0,0.0
2020-06-04,47148.0,6009.0,180.0,40959.0,209.0,13.0,0.0
2020-06-05,47358.0,6024.0,181.0,41153.0,210.0,15.0,1.0
2020-06-06,47541.0,6030.0,181.0,41330.0,183.0,6.0,0.0
2020-06-07,47780.0,6032.0,181.0,41567.0,239.0,2.0,0.0
2020-06-08,47945.0,6035.0,181.0,41729.0,165.0,3.0,0.0
2020-06-09,48109.0,6050.0,181.0,41878.0,164.0,15.0,0.0
2020-06-10,48294.0,6061.0,181.0,42052.0,185.0,11.0,0.0
2020-06-11,48458.0,6063.0,181.0,42214.0,164.0,2.0,0.0
2020-06-12,48668.0,6072.0,181.0,42415.0,210.0,9.0,0.0
2020-06-13,48847.0,6076.0,181.0,42590.0,179.0,4.0,0.0
2020-06-14,48990.0,6078.0,181.0,42731.0,143.0,2.0,0.0
2020-06-15,49155.0,6084.0,186.0,42885.0,165.0,6.0,5.0
2020-06-16,49295.0,6089.0,186.0,43020.0,140.0,5.0,0.0
2020-06-17,49412.0,6093.0,186.0,43133.0,117.0,4.0,0.0
2020-06-18,49527.0,6097.0,186.0,43244.0,115.0,4.0,0.0
2020-06-19,49634.0,6100.0,186.0,43348.0,107.0,3.0,0.0
2020-06-20,49710.0,6108.0,186.0,43416.0,76.0,8.0,0.0
2020-06-21,49801.0,6109.0,186.0,43506.0,91.0,1.0,0.0
2020-06-22,49866.0,6109.0,186.0,43571.0,65.0,0.0,0.0
2020-06-23,49930.0,6114.0,186.0,43630.0,64.0,5.0,0.0
2020-06-24,50012.0,6116.0,186.0,43710.0,82.0,2.0,0.0
2020-06-25,50122.0,6119.0,186.0,43817.0,110.0,3.0,0.0
2020-06-26,50213.0,6122.0,186.0,43905.0,91.0,3.0,0.0
2020-06-27,50282.0,6124.0,186.0,43972.0,69.0,2.0,0.0
2020-06-28,50355.0,6124.0,186.0,44045.0,73.0,0.0,0.0
2020-06-29,50433.0,6126.0,186.0,44121.0,78.0,2.0,0.0
2020-06-30,50483.0,6132.0,186.0,44165.0,50.0,6.0,0.0
2020-07-01,50483.0,6132.0,186.0,44165.0,0.0,0.0,0.0
2020-07-02,50546.0,6132.0,186.0,44228.0,63.0,0.0,0.0
2020-07-03,50546.0,6132.0,186.0,44228.0,0.0,0.0,0.0
2020-07-04,50548.0,6132.0,187.0,44229.0,2.0,0.0,1.0
2020-07-05,50834.0,6146.0,187.0,44501.0,286.0,14.0,0.0
2020-07-06,50870.0,6147.0,187.0,44536.0,36.0,1.0,0.0
2020-07-07,50907.0,6151.0,187.0,44569.0,37.0,4.0,0.0
2020-07-08,50959.0,6154.0,187.0,44618.0,52.0,3.0,0.0
2020-07-09,51013.0,6156.0,192.0,44665.0,54.0,2.0,5.0
2020-07-10,51055.0,6155.0,192.0,44708.0,42.0,-1.0,0.0
2020-07-11,51136.0,6156.0,193.0,44787.0,81.0,1.0,1.0
2020-07-12,51237.0,6156.0,193.0,44888.0,101.0,0.0,0.0
2020-07-13,51308.0,6156.0,193.0,44959.0,71.0,0.0,0.0
2020-07-14,51362.0,6154.0,193.0,45015.0,54.0,-2.0,0.0
2020-07-15,51471.0,6155.0,193.0,45123.0,109.0,1.0,0.0
2020-07-16,51572.0,6156.0,194.0,45222.0,101.0,1.0,1.0
2020-07-17,51682.0,6157.0,194.0,45331.0,110.0,1.0,0.0
2020-07-18,51809.0,6155.0,194.0,45460.0,127.0,-2.0,0.0
2020-07-19,51955.0,6155.0,194.0,45606.0,146.0,0.0,0.0
2020-07-20,52142.0,6155.0,194.0,45793.0,187.0,0.0,0.0
2020-07-21,52307.0,6155.0,194.0,45958.0,165.0,0.0,0.0
2020-07-22,52475.0,6158.0,194.0,46123.0,168.0,3.0,0.0
2020-07-23,52640.0,6158.0,195.0,46287.0,165.0,0.0,1.0
2020-07-24,52837.0,6158.0,195.0,46484.0,197.0,0.0,0.0
2020-07-25,52984.0,6159.0,196.0,46629.0,147.0,1.0,1.0
2020-07-26,53005.0,6159.0,196.0,46650.0,21.0,0.0,0.0
2020-07-27,53424.0,6160.0,196.0,47068.0,419.0,1.0,0.0
2020-07-28,53647.0,6164.0,196.0,47287.0,223.0,4.0,0.0
2020-07-29,53895.0,6166.0,196.0,47533.0,248.0,2.0,0.0
2020-07-30,54249.0,6166.0,200.0,47883.0,354.0,0.0,4.0
2020-07-31,54590.0,6166.0,200.0,48224.0,341.0,0.0,0.0
2020-08-01,55021.0,6167.0,200.0,48654.0,431.0,1.0,0.0
2020-08-02,55408.0,6169.0,206.0,49033.0,387.0,2.0,6.0
2020-08-03,55786.0,6169.0,207.0,49410.0,378.0,0.0,1.0
2020-08-04,56279.0,6170.0,207.0,49902.0,493.0,1.0,0.0
2020-08-05,56750.0,6173.0,207.0,50370.0,471.0,3.0,0.0
2020-08-06,57465.0,6173.0,235.0,51057.0,715.0,0.0,28.0
2020-08-07,58117.0,6174.0,237.0,51706.0,652.0,1.0,2.0
2020-08-08,58717.0,6178.0,237.0,52302.0,600.0,4.0,0.0
2020-08-09,59360.0,6178.0,237.0,52945.0,643.0,0.0,0.0
2020-08-10,60058.0,6178.0,237.0,53643.0,698.0,0.0,0.0
2020-08-11,60940.0,6180.0,244.0,54516.0,882.0,2.0,7.0
2020-08-12,61718.0,6182.0,253.0,55283.0,778.0,2.0,9.0
2020-08-13,62406.0,6187.0,253.0,55966.0,688.0,5.0,0.0
2020-08-14,63127.0,6189.0,253.0,56685.0,721.0,2.0,0.0
2020-08-15,63889.0,6191.0,338.0,57360.0,762.0,2.0,85.0
2020-08-16,64468.0,6194.0,345.0,57929.0,579.0,3.0,7.0
2020-08-17,64980.0,6194.0,357.0,58429.0,512.0,0.0,12.0
2020-08-18,65560.0,6197.0,422.0,58941.0,580.0,3.0,65.0
2020-08-19,66218.0,6204.0,448.0,59566.0,658.0,7.0,26.0
2020-08-20,66843.0,6215.0,461.0,60167.0,625.0,11.0,13.0
2020-08-21,67456.0,6219.0,600.0,60637.0,613.0,4.0,139.0
2020-08-22,68051.0,6225.0,633.0,61193.0,595.0,6.0,33.0
2020-08-23,68570.0,6225.0,642.0,61703.0,519.0,0.0,9.0
2020-08-24,69224.0,6227.0,649.0,62348.0,654.0,2.0,7.0
2020-08-25,69683.0,6233.0,753.0,62697.0,459.0,6.0,104.0
2020-08-26,70382.0,6241.0,807.0,63334.0,699.0,8.0,54.0
2020-08-27,70984.0,6244.0,829.0,63911.0,602.0,3.0,22.0
2020-08-28,71557.0,6247.0,964.0,64346.0,573.0,3.0,135.0
2020-08-29,72128.0,6252.0,986.0,64890.0,571.0,5.0,22.0
2020-08-30,72679.0,6252.0,986.0,65441.0,551.0,0.0,0.0
2020-08-31,73232.0,6252.0,1010.0,65970.0,553.0,0.0,24.0
2020-09-01,73802.0,6260.0,1140.0,66402.0,570.0,8.0,130.0
2020-09-02,74660.0,6267.0,1282.0,67111.0,858.0,7.0,142.0
2020-09-03,75356.0,6268.0,1379.0,67709.0,696.0,1.0,97.0
2020-09-04,76173.0,6270.0,1467.0,68436.0,817.0,2.0,88.0
2020-09-05,76907.0,6275.0,1554.0,69078.0,734.0,5.0,87.0
2020-09-06,77857.0,6277.0,1560.0,70020.0,950.0,2.0,6.0
2020-09-07,78702.0,6278.0,1617.0,70807.0,845.0,1.0,57.0
2020-09-08,79792.0,6279.0,1669.0,71844.0,1090.0,1.0,52.0
2020-09-09,81085.0,6281.0,1742.0,73062.0,1293.0,2.0,73.0
