date,confirmed,deaths,recovered,active,new_confirmed,new_deaths,new_recovered
2020-02-28,1.0,0.0,0.0,1.0,,,
2020-02-29,1.0,0.0,0.0,1.0,0.0,0.0,0.0
2020-03-01,1.0,0.0,0.0,1.0,0.0,0.0,0.0
2020-03-02,1.0,0.0,0.0,1.0,0.0,0.0,0.0
2020-03-03,1.0,0.0,0.0,1.0,0.0,0.0,0.0
2020-03-04,1.0,0.0,0.0,1.0,0.0,0.0,0.0
2020-03-05,1.0,0.0,0.0,1.0,0.0,0.0,0.0
2020-03-06,1.0,0.0,0.0,1.0,0.0,0.0,0.0
2020-03-07,1.0,0.0,0.0,1.0,0.0,0.0,0.0
2020-03-08,1.0,0.0,0.0,1.0,0.0,0.0,0.0
2020-03-09,2.0,0.0,0.0,2.0,1.0,0.0,0.0
2020-03-10,2.0,0.0,0.0,2.0,0.0,0.0,0.0
2020-03-11,2.0,0.0,0.0,2.0,0.0,0.0,0.0
2020-03-12,2.0,0.0,0.0,2.0,0.0,0.0,0.0
2020-03-13,2.0,0.0,0.0,2.0,0.0,0.0,0.0
2020-03-14,2.0,0.0,0.0,2.0,0.0,0.0,0.0
2020-03-15,2.0,0.0,0.0,2.0,0.0,0.0,0.0
2020-03-16,2.0,0.0,0.0,2.0,0.0,0.0,0.0
2020-03-17,3.0,0.0,0.0,3.0,1.0,0.0,0.0
2020-03-18,8.0,0.0,1.0,7.0,5.0,0.0,1.0
2020-03-19,8.0,0.0,1.0,7.0,0.0,0.0,0.0
2020-03-20,12.0,0.0,1.0,11.0,4.0,0.0,0.0
2020-03-21,22.0,0.0,1.0,21.0,10.0,0.0,0.0
2020-03-22,30.0,0.0,2.0,28.0,8.0,0.0,1.0
2020-03-23,40.0,1.0,2.0,37.0,10.0,1.0,0.0
2020-03-24,44.0,1.0,2.0,41.0,4.0,0.0,0.0
2020-03-25,51.0,1.0,2.0,48.0,7.0,0.0,0.0
2020-03-26,65.0,1.0,2.0,62.0,14.0,0.0,0.0
2020-03-27,70.0,1.0,3.0,66.0,5.0,0.0,1.0
2020-03-28,89.0,1.0,3.0,85.0,19.0,0.0,0.0
2020-03-29,111.0,1.0,3.0,107.0,22.0,0.0,0.0
2020-03-30,131.0,2.0,8.0,121.0,20.0,1.0,5.0
2020-03-31,135.0,2.0,8.0,125.0,4.0,0.0,0.0
2020-04-01,174.0,2.0,9.0,163.0,39.0,0.0,1.0
2020-04-02,184.0,2.0,20.0,162.0,10.0,0.0,11.0
2020-04-03,210.0,4.0,25.0,181.0,26.0,2.0,5.0
2020-04-04,214.0,4.0,25.0,185.0,4.0,0.0,0.0
2020-04-05,232.0,5.0,33.0,194.0,18.0,1.0,8.0
2020-04-06,238.0,5.0,35.0,198.0,6.0,0.0,2.0
2020-04-07,254.0,6.0,44.0,204.0,16.0,1.0,9.0
2020-04-08,276.0,6.0,44.0,226.0,22.0,0.0,0.0
2020-04-09,288.0,7.0,51.0,230.0,12.0,1.0,7.0
2020-04-10,305.0,7.0,58.0,240.0,17.0,0.0,7.0
2020-04-11,318.0,10.0,70.0,238.0,13.0,3.0,12.0
2020-04-12,323.0,10.0,85.0,228.0,5.0,0.0,15.0
2020-04-13,343.0,10.0,91.0,242.0,20.0,0.0,6.0
2020-04-14,373.0,11.0,99.0,263.0,30.0,1.0,8.0
2020-04-15,407.0,12.0,128.0,267.0,34.0,1.0,29.0
2020-04-16,442.0,13.0,152.0,277.0,35.0,1.0,24.0
2020-04-17,493.0,17.0,159.0,317.0,51.0,4.0,7.0
2020-04-18,542.0,19.0,166.0,357.0,49.0,2.0,7.0
2020-04-19,627.0,21.0,170.0,436.0,85.0,2.0,4.0
2020-04-20,665.0,22.0,188.0,455.0,38.0,1.0,18.0
2020-04-21,665.0,22.0,188.0,455.0,0.0,0.0,0.0
2020-04-22,873.0,28.0,197.0,648.0,208.0,6.0,9.0
2020-04-23,981.0,31.0,197.0,753.0,108.0,3.0,0.0
2020-04-24,1095.0,32.0,208.0,855.0,114.0,1.0,11.0
2020-04-25,1182.0,35.0,222.0,925.0,87.0,3.0,14.0
2020-04-26,1273.0,40.0,239.0,994.0,91.0,5.0,17.0
2020-04-27,1337.0,40.0,255.0,1042.0,64.0,0.0,16.0
2020-04-28,1532.0,44.0,255.0,1233.0,195.0,4.0,0.0
2020-04-29,1728.0,51.0,307.0,1370.0,196.0,7.0,52.0
2020-04-30,1932.0,58.0,319.0,1555.0,204.0,7.0,12.0
2020-05-01,2170.0,68.0,351.0,1751.0,238.0,10.0,32.0
2020-05-02,2388.0,85.0,351.0,1952.0,218.0,17.0,0.0
2020-05-03,2558.0,87.0,400.0,2071.0,170.0,2.0,49.0
2020-05-04,2802.0,93.0,417.0,2292.0,244.0,6.0,17.0
2020-05-05,2950.0,98.0,481.0,2371.0,148.0,5.0,64.0
2020-05-06,3145.0,103.0,534.0,2508.0,195.0,5.0,53.0
2020-05-07,3526.0,107.0,601.0,2818.0,381.0,4.0,67.0
2020-05-08,3912.0,117.0,679.0,3116.0,386.0,10.0,78.0
2020-05-09,4151.0,128.0,745.0,3278.0,239.0,11.0,66.0
2020-05-10,4399.0,143.0,778.0,3478.0,248.0,15.0,33.0
2020-05-11,4641.0,150.0,902.0,3589.0,242.0,7.0,124.0
2020-05-12,4787.0,158.0,959.0,3670.0,146.0,8.0,57.0
2020-05-13,4971.0,164.0,1070.0,3737.0,184.0,6.0,111.0
2020-05-14,5162.0,167.0,1180.0,3815.0,191.0,3.0,110.0
2020-05-15,5450.0,171.0,1320.0,3959.0,288.0,4.0,140.0
2020-05-16,5621.0,176.0,1472.0,3973.0,171.0,5.0,152.0
2020-05-17,5959.0,182.0,1594.0,4183.0,338.0,6.0,122.0
2020-05-18,6175.0,191.0,1644.0,4340.0,216.0,9.0,50.0
2020-05-19,6401.0,192.0,1734.0,4475.0,226.0,1.0,90.0
2020-05-20,6677.0,200.0,1840.0,4637.0,276.0,8.0,106.0
2020-05-21,7016.0,211.0,1907.0,4898.0,339.0,11.0,67.0
2020-05-22,7261.0,221.0,2007.0,5033.0,245.0,10.0,100.0
2020-05-23,7526.0,221.0,2174.0,5131.0,265.0,0.0,167.0
2020-05-24,7839.0,226.0,2263.0,5350.0,313.0,5.0,89.0
2020-05-25,8068.0,233.0,2311.0,5524.0,229.0,7.0,48.0
2020-05-26,8344.0,249.0,2385.0,5710.0,276.0,16.0,74.0
2020-05-27,8733.0,254.0,2501.0,5978.0,389.0,5.0,116.0
2020-05-28,8915.0,259.0,2592.0,6064.0,182.0,5.0,91.0
2020-05-29,9302.0,261.0,2697.0,6344.0,387.0,2.0,105.0
2020-05-30,9855.0,273.0,2856.0,6726.0,553.0,12.0,159.0
2020-05-31,10162.0,287.0,3007.0,6868.0,307.0,14.0,151.0
2020-06-01,10578.0,299.0,3122.0,7157.0,416.0,12.0,115.0
2020-06-02,10819.0,314.0,3240.0,7265.0,241.0,15.0,118.0
2020-06-03,11166.0,315.0,3329.0,7522.0,347.0,1.0,89.0
2020-06-04,11516.0,323.0,3535.0,7658.0,350.0,8.0,206.0
2020-06-05,11844.0,333.0,3696.0,7815.0,328.0,10.0,161.0
2020-06-06,12233.0,342.0,3826.0,8065.0,389.0,9.0,130.0
2020-06-07,12486.0,354.0,3959.0,8173.0,253.0,12.0,133.0
2020-06-08,12801.0,361.0,4040.0,8400.0,315.0,7.0,81.0
2020-06-09,13464.0,365.0,4206.0,8893.0,663.0,4.0,166.0
2020-06-10,13873.0,382.0,4351.0,9140.0,409.0,17.0,145.0
2020-06-11,14554.0,387.0,4494.0,9673.0,681.0,5.0,143.0
2020-06-12,15181.0,399.0,4891.0,9891.0,627.0,12.0,397.0
2020-06-13,15682.0,407.0,5101.0,10174.0,501.0,8.0,210.0
2020-06-14,16085.0,420.0,5220.0,10445.0,403.0,13.0,119.0
2020-06-15,16658.0,424.0,5349.0,10885.0,573.0,4.0,129.0
2020-06-16,17148.0,455.0,5623.0,11070.0,490.0,31.0,274.0
2020-06-17,17735.0,469.0,5967.0,11299.0,587.0,14.0,344.0
2020-06-18,18480.0,475.0,6307.0,11698.0,745.0,6.0,340.0
2020-06-19,19147.0,487.0,6581.0,12079.0,667.0,12.0,274.0
2020-06-20,19808.0,506.0,6718.0,12584.0,661.0,19.0,137.0
2020-06-21,20244.0,518.0,6879.0,12847.0,436.0,12.0,161.0
2020-06-22,20919.0,525.0,7109.0,13285.0,675.0,7.0,230.0
2020-06-23,21371.0,533.0,7338.0,13500.0,452.0,8.0,229.0
2020-06-24,22020.0,542.0,7613.0,13865.0,649.0,9.0,275.0
2020-06-25,22614.0,549.0,7822.0,14243.0,594.0,7.0,209.0
2020-06-26,23298.0,554.0,8253.0,14491.0,684.0,5.0,431.0
2020-06-27,24077.0,558.0,8625.0,14894.0,779.0,4.0,372.0
2020-06-28,24567.0,565.0,9007.0,14995.0,490.0,7.0,382.0
2020-06-29,25133.0,573.0,9402.0,15158.0,566.0,8.0,395.0
2020-06-30,25694.0,590.0,9746.0,15358.0,561.0,17.0,344.0
2020-07-01,26484.0,603.0,10152.0,15729.0,790.0,13.0,406.0
2020-07-02,27110.0,616.0,10801.0,15693.0,626.0,13.0,649.0
2020-07-03,27564.0,628.0,11069.0,15867.0,454.0,12.0,268.0
2020-07-04,28167.0,634.0,11462.0,16071.0,603.0,6.0,393.0
2020-07-05,28711.0,645.0,11665.0,16401.0,544.0,11.0,203.0
2020-07-06,29286.0,654.0,11828.0,16804.0,575.0,9.0,163.0
2020-07-07,29789.0,669.0,12108.0,17012.0,503.0,15.0,280.0
2020-07-08,30249.0,684.0,12373.0,17192.0,460.0,15.0,265.0
2020-07-09,30748.0,689.0,12546.0,17513.0,499.0,5.0,173.0
2020-07-10,31323.0,709.0,12795.0,17819.0,575.0,20.0,249.0
2020-07-11,31987.0,724.0,13103.0,18160.0,664.0,15.0,308.0
2020-07-12,32558.0,740.0,13447.0,18371.0,571.0,16.0,344.0
2020-07-13,33153.0,744.0,13671.0,18738.0,595.0,4.0,224.0
2020-07-14,33616.0,754.0,13792.0,19070.0,463.0,10.0,121.0
2020-07-15,34259.0,760.0,13999.0,19500.0,643.0,6.0,207.0
2020-07-16,34854.0,769.0,14292.0,19793.0,595.0,9.0,293.0
2020-07-17,35454.0,772.0,14633.0,20049.0,600.0,3.0,341.0
2020-07-18,36107.0,778.0,14938.0,20391.0,653.0,6.0,305.0
2020-07-19,36663.0,789.0,15105.0,20769.0,556.0,11.0,167.0
2020-07-20,37225.0,801.0,15333.0,21091.0,562.0,12.0,228.0
2020-07-21,37801.0,805.0,15677.0,21319.0,576.0,4.0,344.0
2020-07-22,38344.0,813.0,15815.0,21716.0,543.0,8.0,138.0
2020-07-23,38948.0,833.0,16061.0,22054.0,604.0,20.0,246.0
2020-07-24,39539.0,845.0,16559.0,22135.0,591.0,12.0,498.0
2020-07-25,39977.0,856.0,16948.0,22173.0,438.0,11.0,389.0
2020-07-26,40532.0,858.0,17374.0,22300.0,555.0,2.0,426.0
2020-07-27,41180.0,860.0,18203.0,22117.0,648.0,2.0,829.0
2020-07-28,41804.0,868.0,18764.0,22172.0,624.0,8.0,561.0
2020-07-29,42208.0,873.0,19004.0,22331.0,404.0,5.0,240.0
2020-07-30,42689.0,878.0,19270.0,22541.0,481.0,5.0,266.0
2020-07-31,43151.0,879.0,19565.0,22707.0,462.0,1.0,295.0
2020-08-01,43537.0,883.0,20087.0,22567.0,386.0,4.0,522.0
2020-08-02,43841.0,888.0,20308.0,22645.0,304.0,5.0,221.0
2020-08-03,44129.0,896.0,20663.0,22570.0,288.0,8.0,355.0
2020-08-04,44433.0,910.0,31851.0,11672.0,304.0,14.0,11188.0
2020-08-05,44890.0,927.0,32165.0,11798.0,457.0,17.0,314.0
2020-08-06,45244.0,930.0,32430.0,11884.0,354.0,3.0,265.0
2020-08-07,45687.0,936.0,32637.0,12114.0,443.0,6.0,207.0
2020-08-08,46140.0,942.0,33044.0,12154.0,453.0,6.0,407.0
2020-08-09,46577.0,945.0,33186.0,12446.0,437.0,3.0,142.0
2020-08-10,46867.0,950.0,33346.0,12571.0,290.0,5.0,160.0
2020-08-11,47290.0,956.0,33609.0,12725.0,423.0,6.0,263.0
2020-08-12,47743.0,956.0,33943.0,12844.0,453.0,0.0,334.0
2020-08-13,48116.0,966.0,34309.0,12841.0,373.0,10.0,366.0
2020-08-14,48445.0,973.0,35998.0,11474.0,329.0,7.0,1689.0
2020-08-15,48770.0,974.0,36290.0,11506.0,325.0,1.0,292.0
2020-08-16,49068.0,975.0,36497.0,11596.0,298.0,1.0,207.0
2020-08-17,49485.0,977.0,36834.0,11674.0,417.0,2.0,337.0
2020-08-18,49895.0,981.0,37051.0,11863.0,410.0,4.0,217.0
2020-08-19,50488.0,985.0,37304.0,12199.0,593.0,4.0,253.0
2020-08-20,50964.0,992.0,37569.0,12403.0,476.0,7.0,265.0
2020-08-21,51304.0,996.0,37885.0,12423.0,340.0,4.0,316.0
2020-08-22,51905.0,997.0,38767.0,12141.0,601.0,1.0,882.0
2020-08-23,52227.0,1002.0,38945.0,12280.0,322.0,5.0,178.0
2020-08-24,52548.0,1004.0,39257.0,12287.0,321.0,2.0,312.0
2020-08-25,52800.0,1007.0,39964.0,11829.0,252.0,3.0,707.0
2020-08-26,53021.0,1010.0,40281.0,11730.0,221.0,3.0,317.0
2020-08-27,53317.0,1011.0,40726.0,11580.0,296.0,1.0,445.0
2020-08-28,53477.0,1011.0,41017.0,11449.0,160.0,0.0,291.0
2020-08-29,53727.0,1011.0,41314.0,11402.0,250.0,0.0,297.0
2020-08-30,53865.0,1013.0,41513.0,11339.0,138.0,2.0,199.0
2020-08-31,54008.0,1013.0,41638.0,11357.0,143.0,0.0,125.0
2020-09-01,54247.0,1023.0,42010.0,11214.0,239.0,10.0,372.0
2020-09-02,54463.0,1027.0,42439.0,10997.0,216.0,4.0,429.0
2020-09-03,54588.0,1048.0,42627.0,10913.0,125.0,21.0,188.0
2020-09-04,54743.0,1051.0,42816.0,10876.0,155.0,3.0,189.0
2020-09-05,54905.0,1054.0,42922.0,10929.0,162.0,3.0,106.0
2020-09-06,55005.0,1057.0,43013.0,10935.0,100.0,3.0,91.0
2020-09-07,55160.0,1061.0,43231.0,10868.0,155.0,4.0,218.0
2020-09-08,55456.0,1067.0,43334.0,11055.0,296.0,6.0,103.0
2020-09-09,55632.0,1070.0,43610.0,10952.0,176.0,3.0,276.0
2020-09-10,55829.0,1075.0,43810.0,10944.0,197.0,5.0,200.0
2020-09-11,56017.0,1076.0,43998.0,10943.0,188.0,1.0,188.0
2020-09-12,56177.0,1078.0,44088.0,11011.0,160.0,2.0,90.0
2020-09-13,56256.0,1082.0,44152.0,11022.0,79.0,4.0,64.0
2020-09-14,56388.0,1083.0,44337.0,10968.0,132.0,1.0,185.0
2020-09-15,56478.0,1088.0,44430.0,10960.0,90.0,5.0,93.0
2020-09-16,56604.0,1091.0,47872.0,7641.0,126.0,3.0,3442.0
2020-09-17,56735.0,1093.0,48092.0,7550.0,131.0,2.0,220.0
2020-09-18,56956.0,1094.0,48305.0,7557.0,221.0,1.0,213.0
2020-09-19,57145.0,1095.0,48431.0,7619.0,189.0,1.0,126.0
2020-09-20,57242.0,1098.0,48569.0,7575.0,97.0,3.0,138.0
2020-09-21,57437.0,1100.0,48674.0,7663.0,195.0,2.0,105.0
2020-09-22,57613.0,1100.0,48836.0,7677.0,176.0,0.0,162.0
2020-09-23,57724.0,1102.0,48985.0,7637.0,111.0,2.0,149.0
2020-09-24,57849.0,1102.0,49098.0,7649.0,125.0,0.0,113.0
2020-09-25,58062.0,1103.0,49606.0,7353.0,213.0,1.0,508.0
2020-09-26,58198.0,1106.0,49722.0,7370.0,136.0,3.0,116.0
2020-09-27,58324.0,1108.0,49794.0,7422.0,126.0,2.0,72.0
2020-09-28,58460.0,1111.0,49895.0,7454.0,136.0,3.0,101.0
2020-09-29,58647.0,1111.0,49937.0,7599.0,187.0,0.0,42.0
2020-09-30,58848.0,1112.0,50358.0,7378.0,201.0,1.0,421.0
2020-10-01,59001.0,1112.0,50452.0,7437.0,153.0,0.0,94.0
2020-10-02,59127.0,1112.0,50593.0,7422.0,126.0,0.0,141.0
2020-10-03,59287.0,1113.0,50718.0,7456.0,160.0,1.0,125.0
2020-10-04,59345.0,1113.0,50768.0,7464.0,58.0,0.0,50.0
2020-10-05,59465.0,1113.0,50951.0,7401.0,120.0,0.0,183.0
2020-10-06,59583.0,1113.0,51308.0,7162.0,118.0,0.0,357.0
2020-10-07,59738.0,1113.0,51403.0,7222.0,155.0,0.0,95.0
2020-10-08,59841.0,1113.0,51551.0,7177.0,103.0,0.0,148.0
2020-10-09,59992.0,1113.0,51614.0,7265.0,151.0,0.0,63.0
2020-10-10,60103.0,1115.0,51711.0,7277.0,111.0,2.0,97.0
2020-10-11,60266.0,1115.0,51735.0,7416.0,163.0,0.0,24.0
