date,confirmed,deaths,recovered,active,new_confirmed,new_deaths,new_recovered
2020-02-26,1.0,0.0,0.0,1.0,,,
2020-02-27,1.0,0.0,0.0,1.0,0.0,0.0,0.0
2020-02-28,1.0,0.0,0.0,1.0,0.0,0.0,0.0
2020-02-29,1.0,0.0,0.0,1.0,0.0,0.0,0.0
2020-03-01,1.0,0.0,0.0,1.0,0.0,0.0,0.0
2020-03-02,1.0,0.0,0.0,1.0,0.0,0.0,0.0
2020-03-03,1.0,0.0,0.0,1.0,0.0,0.0,0.0
2020-03-04,1.0,0.0,0.0,1.0,0.0,0.0,0.0
2020-03-05,1.0,0.0,0.0,1.0,0.0,0.0,0.0
2020-03-06,3.0,0.0,0.0,3.0,2.0,0.0,0.0
2020-03-07,3.0,0.0,0.0,3.0,0.0,0.0,0.0
2020-03-08,3.0,0.0,0.0,3.0,0.0,0.0,0.0
2020-03-09,3.0,0.0,0.0,3.0,0.0,0.0,0.0
2020-03-10,7.0,0.0,0.0,7.0,4.0,0.0,0.0
2020-03-11,7.0,0.0,0.0,7.0,0.0,0.0,0.0
2020-03-12,7.0,0.0,0.0,7.0,0.0,0.0,0.0
2020-03-13,14.0,0.0,1.0,13.0,7.0,0.0,1.0
2020-03-14,14.0,0.0,1.0,13.0,0.0,0.0,0.0
2020-03-15,14.0,0.0,1.0,13.0,0.0,0.0,0.0
2020-03-16,18.0,0.0,1.0,17.0,4.0,0.0,0.0
2020-03-17,26.0,0.0,1.0,25.0,8.0,0.0,0.0
2020-03-18,35.0,0.0,1.0,34.0,9.0,0.0,0.0
2020-03-19,48.0,0.0,1.0,47.0,13.0,0.0,0.0
2020-03-20,67.0,0.0,1.0,66.0,19.0,0.0,0.0
2020-03-21,85.0,0.0,1.0,84.0,18.0,0.0,0.0
2020-03-22,115.0,1.0,1.0,113.0,30.0,1.0,0.0
2020-03-23,136.0,2.0,1.0,133.0,21.0,1.0,0.0
2020-03-24,148.0,2.0,1.0,145.0,12.0,0.0,0.0
2020-03-25,177.0,3.0,1.0,173.0,29.0,1.0,0.0
2020-03-26,201.0,3.0,3.0,195.0,24.0,0.0,2.0
2020-03-27,219.0,3.0,3.0,213.0,18.0,0.0,0.0
2020-03-28,241.0,4.0,3.0,234.0,22.0,1.0,0.0
2020-03-29,259.0,6.0,3.0,250.0,18.0,2.0,0.0
2020-03-30,285.0,7.0,12.0,266.0,26.0,1.0,9.0
2020-03-31,329.0,9.0,12.0,308.0,44.0,2.0,0.0
2020-04-01,354.0,11.0,17.0,326.0,25.0,2.0,5.0
2020-04-02,384.0,11.0,17.0,356.0,30.0,0.0,0.0
2020-04-03,430.0,12.0,20.0,398.0,46.0,1.0,3.0
2020-04-04,483.0,17.0,20.0,446.0,53.0,5.0,0.0
2020-04-05,555.0,18.0,23.0,514.0,72.0,1.0,3.0
2020-04-06,570.0,23.0,30.0,517.0,15.0,5.0,7.0
2020-04-07,599.0,26.0,30.0,543.0,29.0,3.0,0.0
2020-04-08,617.0,29.0,35.0,553.0,18.0,3.0,5.0
2020-04-09,663.0,30.0,37.0,596.0,46.0,1.0,2.0
2020-04-10,711.0,32.0,41.0,638.0,48.0,2.0,4.0
2020-04-11,760.0,34.0,41.0,685.0,49.0,2.0,0.0
2020-04-12,828.0,34.0,41.0,753.0,68.0,0.0,0.0
2020-04-13,854.0,38.0,44.0,772.0,26.0,4.0,3.0
2020-04-14,908.0,44.0,86.0,778.0,54.0,6.0,42.0
2020-04-15,974.0,45.0,98.0,831.0,66.0,1.0,12.0
2020-04-16,1081.0,46.0,121.0,914.0,107.0,1.0,23.0
2020-04-17,1117.0,49.0,139.0,929.0,36.0,3.0,18.0
2020-04-18,1170.0,49.0,164.0,957.0,53.0,0.0,25.0
2020-04-19,1207.0,51.0,179.0,977.0,37.0,2.0,15.0
2020-04-20,1225.0,54.0,200.0,971.0,18.0,3.0,21.0
2020-04-21,1231.0,55.0,224.0,952.0,6.0,1.0,24.0
2020-04-22,1259.0,56.0,272.0,931.0,28.0,1.0,48.0
2020-04-23,1300.0,56.0,301.0,943.0,41.0,0.0,29.0
2020-04-24,1326.0,57.0,337.0,932.0,26.0,1.0,36.0
2020-04-25,1367.0,59.0,374.0,934.0,41.0,2.0,37.0
2020-04-26,1386.0,61.0,500.0,825.0,19.0,2.0,126.0
2020-04-27,1399.0,65.0,553.0,781.0,13.0,4.0,53.0
2020-04-28,1421.0,71.0,589.0,761.0,22.0,6.0,36.0
2020-04-29,1442.0,73.0,627.0,742.0,21.0,2.0,38.0
2020-04-30,1465.0,77.0,738.0,650.0,23.0,4.0,111.0
2020-05-01,1494.0,81.0,807.0,606.0,29.0,4.0,69.0
2020-05-02,1506.0,82.0,852.0,572.0,12.0,1.0,45.0
2020-05-03,1511.0,84.0,945.0,482.0,5.0,2.0,93.0
2020-05-04,1518.0,85.0,992.0,441.0,7.0,1.0,47.0
2020-05-05,1526.0,86.0,1013.0,427.0,8.0,1.0,21.0
2020-05-06,1539.0,88.0,1057.0,394.0,13.0,2.0,44.0
2020-05-07,1572.0,89.0,1079.0,404.0,33.0,1.0,22.0
2020-05-08,1586.0,90.0,1099.0,397.0,14.0,1.0,20.0
2020-05-09,1622.0,91.0,1112.0,419.0,36.0,1.0,13.0
2020-05-10,1642.0,91.0,1136.0,415.0,20.0,0.0,24.0
2020-05-11,1664.0,91.0,1200.0,373.0,22.0,0.0,64.0
2020-05-12,1674.0,92.0,1205.0,377.0,10.0,1.0,5.0
2020-05-13,1694.0,95.0,1229.0,370.0,20.0,3.0,24.0
2020-05-14,1723.0,95.0,1235.0,393.0,29.0,0.0,6.0
2020-05-15,1740.0,97.0,1251.0,392.0,17.0,2.0,16.0
2020-05-16,1762.0,98.0,1267.0,397.0,22.0,1.0,16.0
2020-05-17,1792.0,101.0,1293.0,398.0,30.0,3.0,26.0
2020-05-18,1817.0,104.0,1301.0,412.0,25.0,3.0,8.0
2020-05-19,1839.0,106.0,1351.0,382.0,22.0,2.0,50.0
2020-05-20,1858.0,110.0,1367.0,381.0,19.0,4.0,16.0
2020-05-21,1898.0,111.0,1378.0,409.0,40.0,1.0,11.0
2020-05-22,1921.0,112.0,1387.0,422.0,23.0,1.0,9.0
2020-05-23,1941.0,113.0,1411.0,417.0,20.0,1.0,24.0
2020-05-24,1978.0,113.0,1422.0,443.0,37.0,0.0,11.0
2020-05-25,1999.0,113.0,1439.0,447.0,21.0,0.0,17.0
2020-05-26,2014.0,116.0,1453.0,445.0,15.0,3.0,14.0
2020-05-27,2039.0,119.0,1470.0,450.0,25.0,3.0,17.0
2020-05-28,2077.0,121.0,1486.0,470.0,38.0,2.0,16.0
2020-05-29,2129.0,126.0,1516.0,487.0,52.0,5.0,30.0
2020-05-30,2164.0,131.0,1535.0,498.0,35.0,5.0,19.0
2020-05-31,2226.0,133.0,1552.0,541.0,62.0,2.0,17.0
2020-06-01,2315.0,140.0,1569.0,606.0,89.0,7.0,17.0
2020-06-02,2391.0,141.0,1595.0,655.0,76.0,1.0,26.0
2020-06-03,2492.0,145.0,1605.0,742.0,101.0,4.0,10.0
2020-06-04,2611.0,147.0,1621.0,843.0,119.0,2.0,16.0
2020-06-05,2790.0,149.0,1632.0,1009.0,179.0,2.0,11.0
2020-06-06,2915.0,151.0,1640.0,1124.0,125.0,2.0,8.0
2020-06-07,3025.0,153.0,1646.0,1226.0,110.0,2.0,6.0
2020-06-08,3152.0,156.0,1653.0,1343.0,127.0,3.0,7.0
2020-06-09,3239.0,157.0,1658.0,1424.0,87.0,1.0,5.0
2020-06-10,3364.0,164.0,1664.0,1536.0,125.0,7.0,6.0
2020-06-11,3538.0,169.0,1682.0,1687.0,174.0,5.0,18.0
2020-06-12,3701.0,171.0,1694.0,1836.0,163.0,2.0,12.0
2020-06-13,3895.0,179.0,1705.0,2011.0,194.0,8.0,11.0
2020-06-14,4057.0,188.0,1710.0,2159.0,162.0,9.0,5.0
2020-06-15,4157.0,193.0,1723.0,2241.0,100.0,5.0,13.0
2020-06-16,4299.0,201.0,1757.0,2341.0,142.0,8.0,34.0
2020-06-17,4482.0,210.0,1803.0,2469.0,183.0,9.0,46.0
2020-06-18,4664.0,216.0,1836.0,2612.0,182.0,6.0,33.0
2020-06-19,4820.0,222.0,1863.0,2735.0,156.0,6.0,27.0
2020-06-20,5005.0,233.0,1904.0,2868.0,185.0,11.0,41.0
2020-06-21,5106.0,238.0,1926.0,2942.0,101.0,5.0,22.0
2020-06-22,5196.0,247.0,1974.0,2975.0,90.0,9.0,48.0
2020-06-23,5311.0,251.0,2048.0,3012.0,115.0,4.0,74.0
2020-06-24,5445.0,259.0,2091.0,3095.0,134.0,8.0,43.0
2020-06-25,5595.0,265.0,2166.0,3164.0,150.0,6.0,75.0
2020-06-26,5758.0,268.0,2206.0,3284.0,163.0,3.0,40.0
2020-06-27,5906.0,277.0,2236.0,3393.0,148.0,9.0,30.0
2020-06-28,6080.0,286.0,2315.0,3479.0,174.0,9.0,79.0
2020-06-29,6209.0,298.0,2427.0,3484.0,129.0,12.0,112.0
2020-06-30,6334.0,302.0,2475.0,3557.0,125.0,4.0,48.0
2020-07-01,6454.0,306.0,2598.0,3550.0,120.0,4.0,123.0
2020-07-02,6625.0,321.0,2748.0,3556.0,171.0,15.0,150.0
2020-07-03,6787.0,328.0,2876.0,3583.0,162.0,7.0,128.0
2020-07-04,6932.0,334.0,2987.0,3611.0,145.0,6.0,111.0
2020-07-05,7046.0,341.0,3027.0,3678.0,114.0,7.0,40.0
2020-07-06,7124.0,346.0,3199.0,3579.0,78.0,5.0,172.0
2020-07-07,7244.0,351.0,3324.0,3569.0,120.0,5.0,125.0
2020-07-08,7406.0,359.0,3554.0,3493.0,162.0,8.0,230.0
2020-07-09,7572.0,362.0,3624.0,3586.0,166.0,3.0,70.0
2020-07-10,7777.0,368.0,3960.0,3449.0,205.0,6.0,336.0
2020-07-11,7975.0,376.0,4080.0,3519.0,198.0,8.0,120.0
2020-07-12,8111.0,382.0,4203.0,3526.0,136.0,6.0,123.0
2020-07-13,8197.0,385.0,4326.0,3486.0,86.0,3.0,123.0
2020-07-14,8332.0,389.0,4468.0,3475.0,135.0,4.0,142.0
2020-07-15,8530.0,393.0,4565.0,3572.0,198.0,4.0,97.0
2020-07-16,8623.0,401.0,4565.0,3657.0,93.0,8.0,0.0
2020-07-17,8786.0,406.0,4676.0,3704.0,163.0,5.0,111.0
2020-07-18,9026.0,414.0,4727.0,3885.0,240.0,8.0,51.0
2020-07-19,9153.0,422.0,4810.0,3921.0,127.0,8.0,83.0
2020-07-20,9249.0,432.0,4871.0,3946.0,96.0,10.0,61.0
2020-07-21,9412.0,432.0,4940.0,4040.0,163.0,0.0,69.0
2020-07-22,9547.0,442.0,5071.0,4034.0,135.0,10.0,131.0
2020-07-23,9669.0,445.0,5071.0,4153.0,122.0,3.0,0.0
2020-07-24,9797.0,451.0,5254.0,4092.0,128.0,6.0,183.0
2020-07-25,9934.0,460.0,5357.0,4117.0,137.0,9.0,103.0
2020-07-26,10086.0,460.0,5427.0,4199.0,152.0,0.0,70.0
2020-07-27,10213.0,466.0,5564.0,4183.0,127.0,6.0,137.0
2020-07-28,10315.0,471.0,5663.0,4181.0,102.0,5.0,99.0
2020-07-29,10503.0,476.0,5931.0,4096.0,188.0,5.0,268.0
2020-07-30,10617.0,480.0,6020.0,4117.0,114.0,4.0,89.0
2020-07-31,10754.0,486.0,6554.0,3714.0,137.0,6.0,534.0
2020-08-01,10891.0,493.0,6698.0,3700.0,137.0,7.0,144.0
2020-08-02,11054.0,497.0,6882.0,3675.0,163.0,4.0,184.0
2020-08-03,11128.0,500.0,6972.0,3656.0,74.0,3.0,90.0
2020-08-04,11202.0,505.0,7108.0,3589.0,74.0,5.0,136.0
2020-08-05,11289.0,511.0,7221.0,3557.0,87.0,6.0,113.0
2020-08-06,11399.0,517.0,7480.0,3402.0,110.0,6.0,259.0
2020-08-07,11554.0,519.0,7607.0,3428.0,155.0,2.0,127.0
2020-08-08,11754.0,523.0,7622.0,3609.0,200.0,4.0,15.0
2020-08-09,11839.0,527.0,7664.0,3648.0,85.0,4.0,42.0
2020-08-10,11942.0,528.0,8087.0,3327.0,103.0,1.0,423.0
2020-08-11,12083.0,529.0,8248.0,3306.0,141.0,1.0,161.0
2020-08-12,12217.0,530.0,8487.0,3200.0,134.0,1.0,239.0
2020-08-13,12357.0,532.0,8662.0,3163.0,140.0,2.0,175.0
2020-08-14,12515.0,535.0,9030.0,2950.0,158.0,3.0,368.0
2020-08-15,12653.0,539.0,9123.0,2991.0,138.0,4.0,93.0
2020-08-16,12739.0,544.0,9174.0,3021.0,86.0,5.0,51.0
2020-08-17,12840.0,547.0,9174.0,3119.0,101.0,3.0,0.0
2020-08-18,12970.0,549.0,9513.0,2908.0,130.0,2.0,339.0
2020-08-19,13076.0,551.0,9625.0,2900.0,106.0,2.0,112.0
2020-08-20,13194.0,554.0,9752.0,2888.0,118.0,3.0,127.0
2020-08-21,13308.0,557.0,9977.0,2774.0,114.0,3.0,225.0
2020-08-22,13458.0,563.0,10052.0,2843.0,150.0,6.0,75.0
2020-08-23,13595.0,564.0,10110.0,2921.0,137.0,1.0,58.0
2020-08-24,13673.0,568.0,10150.0,2955.0,78.0,4.0,40.0
2020-08-25,13799.0,573.0,10210.0,3016.0,126.0,5.0,60.0
2020-08-26,13914.0,578.0,10507.0,2829.0,115.0,5.0,297.0
2020-08-27,14004.0,585.0,10722.0,2697.0,90.0,7.0,215.0
2020-08-28,14163.0,590.0,10933.0,2640.0,159.0,5.0,211.0
2020-08-29,14293.0,596.0,11014.0,2683.0,130.0,6.0,81.0
2020-08-30,14330.0,600.0,11062.0,2668.0,37.0,4.0,48.0
2020-08-31,14341.0,603.0,11157.0,2581.0,11.0,3.0,95.0
2020-09-01,14455.0,604.0,11525.0,2326.0,114.0,1.0,368.0
2020-09-02,14600.0,606.0,11741.0,2253.0,145.0,2.0,216.0
2020-09-03,14762.0,606.0,11965.0,2191.0,162.0,0.0,224.0
2020-09-04,14871.0,609.0,12054.0,2208.0,109.0,3.0,89.0
2020-09-05,14998.0,614.0,12149.0,2235.0,127.0,5.0,95.0
2020-09-06,15090.0,617.0,12235.0,2238.0,92.0,3.0,86.0
2020-09-07,15127.0,623.0,12486.0,2018.0,37.0,6.0,251.0
2020-09-08,15226.0,631.0,12700.0,1895.0,99.0,8.0,214.0
2020-09-09,15293.0,634.0,12754.0,1905.0,67.0,3.0,54.0
2020-09-10,15414.0,637.0,12896.0,1881.0,121.0,3.0,142.0
2020-09-11,15555.0,642.0,12994.0,1919.0,141.0,5.0,98.0
2020-09-12,15694.0,646.0,13128.0,1920.0,139.0,4.0,134.0
2020-09-13,15791.0,648.0,13184.0,1959.0,97.0,2.0,56.0
2020-09-14,15827.0,652.0,13315.0,1860.0,36.0,4.0,131.0
2020-09-15,15925.0,661.0,13418.0,1846.0,98.0,9.0,103.0
2020-09-16,16088.0,668.0,13550.0,1870.0,163.0,7.0,132.0
2020-09-17,16274.0,675.0,13635.0,1964.0,186.0,7.0,85.0
2020-09-18,16417.0,683.0,13732.0,2002.0,143.0,8.0,97.0
2020-09-19,16557.0,689.0,13792.0,2076.0,140.0,6.0,60.0
2020-09-20,16735.0,693.0,13863.0,2179.0,178.0,4.0,71.0
2020-09-21,16780.0,700.0,13949.0,2131.0,45.0,7.0,86.0
2020-09-22,16867.0,705.0,14084.0,2078.0,87.0,5.0,135.0
2020-09-23,17049.0,710.0,14186.0,2153.0,182.0,5.0,102.0
2020-09-24,17200.0,712.0,14312.0,2176.0,151.0,2.0,126.0
2020-09-25,17343.0,721.0,14422.0,2200.0,143.0,9.0,110.0
2020-09-26,17483.0,722.0,14516.0,2245.0,140.0,1.0,94.0
2020-09-27,17629.0,725.0,14581.0,2323.0,146.0,3.0,65.0
2020-09-28,17674.0,729.0,14642.0,2303.0,45.0,4.0,61.0
2020-09-29,17786.0,737.0,14801.0,2248.0,112.0,8.0,159.0
2020-09-30,17977.0,739.0,14959.0,2279.0,191.0,2.0,158.0
2020-10-01,18138.0,743.0,15068.0,2327.0,161.0,4.0,109.0
2020-10-02,18363.0,749.0,15164.0,2450.0,225.0,6.0,96.0
2020-10-03,18602.0,753.0,15264.0,2585.0,239.0,4.0,100.0
2020-10-04,18790.0,756.0,15341.0,2693.0,188.0,3.0,77.0
2020-10-05,18873.0,760.0,15487.0,2626.0,83.0,4.0,146.0
2020-10-06,19096.0,768.0,15645.0,2683.0,223.0,8.0,158.0
