date,confirmed,deaths,recovered,active,new_confirmed,new_deaths,new_recovered
2020-02-26,1.0,0.0,0.0,1.0,,,
2020-02-27,1.0,0.0,0.0,1.0,0.0,0.0,0.0
2020-02-28,6.0,0.0,0.0,6.0,5.0,0.0,0.0
2020-02-29,15.0,0.0,0.0,15.0,9.0,0.0,0.0
2020-03-01,19.0,0.0,0.0,19.0,4.0,0.0,0.0
2020-03-02,25.0,0.0,0.0,25.0,6.0,0.0,0.0
2020-03-03,32.0,0.0,0.0,32.0,7.0,0.0,0.0
2020-03-04,56.0,0.0,0.0,56.0,24.0,0.0,0.0
2020-03-05,87.0,0.0,0.0,87.0,31.0,0.0,0.0
2020-03-06,108.0,0.0,0.0,108.0,21.0,0.0,0.0
2020-03-07,147.0,0.0,0.0,147.0,39.0,0.0,0.0
2020-03-08,176.0,0.0,0.0,176.0,29.0,0.0,0.0
2020-03-09,205.0,0.0,1.0,204.0,29.0,0.0,1.0
2020-03-10,400.0,0.0,1.0,399.0,195.0,0.0,0.0
2020-03-11,598.0,0.0,1.0,597.0,198.0,0.0,0.0
2020-03-12,702.0,0.0,1.0,701.0,104.0,0.0,0.0
2020-03-13,996.0,0.0,1.0,995.0,294.0,0.0,0.0
2020-03-14,1090.0,3.0,1.0,1086.0,94.0,3.0,0.0
2020-03-15,1221.0,3.0,1.0,1217.0,131.0,0.0,0.0
2020-03-16,1333.0,3.0,1.0,1329.0,112.0,0.0,0.0
2020-03-17,1463.0,3.0,1.0,1459.0,130.0,0.0,0.0
2020-03-18,1550.0,6.0,1.0,1543.0,87.0,3.0,0.0
2020-03-19,1746.0,7.0,1.0,1738.0,196.0,1.0,0.0
2020-03-20,1914.0,7.0,1.0,1906.0,168.0,0.0,0.0
2020-03-21,2118.0,7.0,1.0,2110.0,204.0,0.0,0.0
2020-03-22,2263.0,7.0,6.0,2250.0,145.0,0.0,5.0
2020-03-23,2621.0,10.0,6.0,2605.0,358.0,3.0,0.0
2020-03-24,2863.0,12.0,6.0,2845.0,242.0,2.0,0.0
2020-03-25,3084.0,14.0,6.0,3064.0,221.0,2.0,0.0
2020-03-26,3369.0,14.0,6.0,3349.0,285.0,0.0,0.0
2020-03-27,3755.0,19.0,6.0,3730.0,386.0,5.0,0.0
2020-03-28,4015.0,23.0,7.0,3985.0,260.0,4.0,1.0
2020-03-29,4284.0,25.0,7.0,4252.0,269.0,2.0,0.0
2020-03-30,4445.0,32.0,12.0,4401.0,161.0,7.0,5.0
2020-03-31,4641.0,39.0,13.0,4589.0,196.0,7.0,1.0
2020-04-01,4863.0,44.0,13.0,4806.0,222.0,5.0,0.0
2020-04-02,5147.0,50.0,32.0,5065.0,284.0,6.0,19.0
2020-04-03,5370.0,59.0,32.0,5279.0,223.0,9.0,0.0
2020-04-04,5550.0,62.0,32.0,5456.0,180.0,3.0,0.0
2020-04-05,5687.0,71.0,32.0,5584.0,137.0,9.0,0.0
2020-04-06,5865.0,76.0,32.0,5757.0,178.0,5.0,0.0
2020-04-07,6086.0,89.0,32.0,5965.0,221.0,13.0,0.0
2020-04-08,6086.0,101.0,32.0,5953.0,0.0,12.0,0.0
2020-04-09,6211.0,108.0,32.0,6071.0,125.0,7.0,0.0
2020-04-10,6314.0,113.0,32.0,6169.0,103.0,5.0,0.0
2020-04-11,6409.0,119.0,32.0,6258.0,95.0,6.0,0.0
2020-04-12,6525.0,128.0,32.0,6365.0,116.0,9.0,0.0
2020-04-13,6603.0,134.0,32.0,6437.0,78.0,6.0,0.0
2020-04-14,6623.0,139.0,32.0,6452.0,20.0,5.0,0.0
2020-04-15,6740.0,150.0,32.0,6558.0,117.0,11.0,0.0
2020-04-16,6896.0,152.0,32.0,6712.0,156.0,2.0,0.0
2020-04-17,6937.0,161.0,32.0,6744.0,41.0,9.0,0.0
2020-04-18,7036.0,164.0,32.0,6840.0,99.0,3.0,0.0
2020-04-19,7078.0,165.0,32.0,6881.0,42.0,1.0,0.0
2020-04-20,7156.0,181.0,32.0,6943.0,78.0,16.0,0.0
2020-04-21,7191.0,182.0,32.0,6977.0,35.0,1.0,0.0
2020-04-22,7338.0,187.0,32.0,7119.0,147.0,5.0,0.0
2020-04-23,7401.0,194.0,32.0,7175.0,63.0,7.0,0.0
2020-04-24,7463.0,199.0,32.0,7232.0,62.0,5.0,0.0
2020-04-25,7499.0,201.0,32.0,7266.0,36.0,2.0,0.0
2020-04-26,7527.0,201.0,32.0,7294.0,28.0,0.0,0.0
2020-04-27,7599.0,205.0,32.0,7362.0,72.0,4.0,0.0
2020-04-28,7660.0,206.0,32.0,7422.0,61.0,1.0,0.0
2020-04-29,7710.0,207.0,32.0,7471.0,50.0,1.0,0.0
2020-04-30,7738.0,210.0,32.0,7496.0,28.0,3.0,0.0
2020-05-01,7783.0,210.0,32.0,7541.0,45.0,0.0,0.0
2020-05-02,7809.0,211.0,32.0,7566.0,26.0,1.0,0.0
2020-05-03,7847.0,211.0,32.0,7604.0,38.0,0.0,0.0
2020-05-04,7904.0,214.0,32.0,7658.0,57.0,3.0,0.0
2020-05-05,7955.0,215.0,32.0,7708.0,51.0,1.0,0.0
2020-05-06,7996.0,216.0,32.0,7748.0,41.0,1.0,0.0
2020-05-07,8034.0,217.0,32.0,7785.0,38.0,1.0,0.0
2020-05-08,8070.0,218.0,32.0,7820.0,36.0,1.0,0.0
2020-05-09,8099.0,219.0,32.0,7848.0,29.0,1.0,0.0
2020-05-10,8105.0,219.0,32.0,7854.0,6.0,0.0,0.0
2020-05-11,8132.0,224.0,32.0,7876.0,27.0,5.0,0.0
2020-05-12,8157.0,228.0,32.0,7897.0,25.0,4.0,0.0
2020-05-13,8175.0,229.0,32.0,7914.0,18.0,1.0,0.0
2020-05-14,8196.0,232.0,32.0,7932.0,21.0,3.0,0.0
2020-05-15,8219.0,232.0,32.0,7955.0,23.0,0.0,0.0
2020-05-16,8237.0,232.0,32.0,7973.0,18.0,0.0,0.0
2020-05-17,8249.0,232.0,32.0,7985.0,12.0,0.0,0.0
2020-05-18,8257.0,233.0,32.0,7992.0,8.0,1.0,0.0
2020-05-19,8267.0,233.0,32.0,8002.0,10.0,0.0,0.0
2020-05-20,8281.0,234.0,32.0,8015.0,14.0,1.0,0.0
2020-05-21,8309.0,235.0,32.0,8042.0,28.0,1.0,0.0
2020-05-22,8332.0,235.0,7727.0,370.0,23.0,0.0,7695.0
2020-05-23,8346.0,235.0,7727.0,384.0,14.0,0.0,0.0
2020-05-24,8352.0,235.0,7727.0,390.0,6.0,0.0,0.0
2020-05-25,8364.0,235.0,7727.0,402.0,12.0,0.0,0.0
2020-05-26,8383.0,235.0,7727.0,421.0,19.0,0.0,0.0
2020-05-27,8401.0,235.0,7727.0,439.0,18.0,0.0,0.0
2020-05-28,8411.0,236.0,7727.0,448.0,10.0,1.0,0.0
2020-05-29,8422.0,236.0,7727.0,459.0,11.0,0.0,0.0
2020-05-30,8437.0,236.0,7727.0,474.0,15.0,0.0,0.0
2020-05-31,8440.0,236.0,7727.0,477.0,3.0,0.0,0.0
2020-06-01,8446.0,236.0,7727.0,483.0,6.0,0.0,0.0
2020-06-02,8455.0,237.0,7727.0,491.0,9.0,1.0,0.0
2020-06-03,8477.0,237.0,7727.0,513.0,22.0,0.0,0.0
2020-06-04,8504.0,238.0,8138.0,128.0,27.0,1.0,411.0
2020-06-05,8522.0,238.0,8138.0,146.0,18.0,0.0,0.0
2020-06-06,8531.0,238.0,8138.0,155.0,9.0,0.0,0.0
2020-06-07,8547.0,238.0,8138.0,171.0,16.0,0.0,0.0
2020-06-08,8561.0,239.0,8138.0,184.0,14.0,1.0,0.0
2020-06-09,8576.0,239.0,8138.0,199.0,15.0,0.0,0.0
2020-06-10,8594.0,239.0,8138.0,217.0,18.0,0.0,0.0
2020-06-11,8608.0,242.0,8138.0,228.0,14.0,3.0,0.0
2020-06-12,8620.0,242.0,8138.0,240.0,12.0,0.0,0.0
2020-06-13,8628.0,242.0,8138.0,248.0,8.0,0.0,0.0
2020-06-14,8631.0,242.0,8138.0,251.0,3.0,0.0,0.0
2020-06-15,8647.0,242.0,8138.0,267.0,16.0,0.0,0.0
2020-06-16,8660.0,242.0,8138.0,280.0,13.0,0.0,0.0
2020-06-17,8692.0,243.0,8138.0,311.0,32.0,1.0,0.0
2020-06-18,8708.0,244.0,8138.0,326.0,16.0,1.0,0.0
2020-06-19,8726.0,244.0,8138.0,344.0,18.0,0.0,0.0
2020-06-20,8742.0,244.0,8138.0,360.0,16.0,0.0,0.0
2020-06-21,8745.0,244.0,8138.0,363.0,3.0,0.0,0.0
2020-06-22,8751.0,248.0,8138.0,365.0,6.0,4.0,0.0
2020-06-23,8772.0,248.0,8138.0,386.0,21.0,0.0,0.0
2020-06-24,8788.0,249.0,8138.0,401.0,16.0,1.0,0.0
2020-06-25,8788.0,249.0,8138.0,401.0,0.0,0.0,0.0
2020-06-26,8832.0,249.0,8138.0,445.0,44.0,0.0,0.0
2020-06-27,8846.0,249.0,8138.0,459.0,14.0,0.0,0.0
2020-06-28,8855.0,249.0,8138.0,468.0,9.0,0.0,0.0
2020-06-29,8862.0,249.0,8138.0,475.0,7.0,0.0,0.0
2020-06-30,8879.0,250.0,8138.0,491.0,17.0,1.0,0.0
2020-07-01,8896.0,251.0,8138.0,507.0,17.0,1.0,0.0
2020-07-02,8902.0,251.0,8138.0,513.0,6.0,0.0,0.0
2020-07-03,8921.0,251.0,8138.0,532.0,19.0,0.0,0.0
2020-07-04,8926.0,251.0,8138.0,537.0,5.0,0.0,0.0
2020-07-05,8930.0,251.0,8138.0,541.0,4.0,0.0,0.0
2020-07-06,8936.0,251.0,8138.0,547.0,6.0,0.0,0.0
2020-07-07,8947.0,251.0,8138.0,558.0,11.0,0.0,0.0
2020-07-08,8950.0,251.0,8138.0,561.0,3.0,0.0,0.0
2020-07-09,8965.0,252.0,8138.0,575.0,15.0,1.0,0.0
2020-07-10,8974.0,252.0,8138.0,584.0,9.0,0.0,0.0
2020-07-11,8977.0,252.0,8138.0,587.0,3.0,0.0,0.0
2020-07-12,8981.0,252.0,8138.0,591.0,4.0,0.0,0.0
2020-07-13,8984.0,253.0,8138.0,593.0,3.0,1.0,0.0
2020-07-14,9001.0,253.0,8138.0,610.0,17.0,0.0,0.0
2020-07-15,9011.0,253.0,8138.0,620.0,10.0,0.0,0.0
2020-07-16,9015.0,254.0,8138.0,623.0,4.0,1.0,0.0
2020-07-17,9025.0,255.0,8138.0,632.0,10.0,1.0,0.0
2020-07-18,9028.0,255.0,8138.0,635.0,3.0,0.0,0.0
2020-07-19,9028.0,255.0,8138.0,635.0,0.0,0.0,0.0
2020-07-20,9034.0,255.0,8138.0,641.0,6.0,0.0,0.0
2020-07-21,9053.0,255.0,8138.0,660.0,19.0,0.0,0.0
2020-07-22,9059.0,255.0,8138.0,666.0,6.0,0.0,0.0
2020-07-23,9085.0,255.0,8674.0,156.0,26.0,0.0,536.0
2020-07-24,9092.0,255.0,8674.0,163.0,7.0,0.0,0.0
2020-07-25,9111.0,255.0,8674.0,182.0,19.0,0.0,0.0
2020-07-26,9117.0,255.0,8752.0,110.0,6.0,0.0,78.0
2020-07-27,9132.0,255.0,8752.0,125.0,15.0,0.0,0.0
2020-07-28,9150.0,255.0,8752.0,143.0,18.0,0.0,0.0
2020-07-29,9172.0,255.0,8752.0,165.0,22.0,0.0,0.0
2020-07-30,9208.0,255.0,8752.0,201.0,36.0,0.0,0.0
2020-07-31,9240.0,255.0,8752.0,233.0,32.0,0.0,0.0
2020-08-01,9253.0,255.0,8752.0,246.0,13.0,0.0,0.0
2020-08-02,9268.0,255.0,8752.0,261.0,15.0,0.0,0.0
2020-08-03,9334.0,256.0,8752.0,326.0,66.0,1.0,0.0
2020-08-04,9362.0,256.0,8752.0,354.0,28.0,0.0,0.0
2020-08-05,9409.0,256.0,8752.0,401.0,47.0,0.0,0.0
2020-08-06,9468.0,256.0,8857.0,355.0,59.0,0.0,105.0
2020-08-07,9551.0,256.0,8857.0,438.0,83.0,0.0,0.0
2020-08-08,9599.0,256.0,8857.0,486.0,48.0,0.0,0.0
2020-08-09,9638.0,256.0,8857.0,525.0,39.0,0.0,0.0
2020-08-10,9684.0,256.0,8857.0,571.0,46.0,0.0,0.0
2020-08-11,9751.0,256.0,8857.0,638.0,67.0,0.0,0.0
2020-08-12,9783.0,256.0,8857.0,670.0,32.0,0.0,0.0
2020-08-13,9851.0,257.0,8857.0,737.0,68.0,1.0,0.0
2020-08-14,9908.0,261.0,8857.0,790.0,57.0,4.0,0.0
2020-08-15,9965.0,261.0,8857.0,847.0,57.0,0.0,0.0
2020-08-16,10005.0,261.0,8857.0,887.0,40.0,0.0,0.0
2020-08-17,10060.0,261.0,8857.0,942.0,55.0,0.0,0.0
2020-08-18,10111.0,262.0,8857.0,992.0,51.0,1.0,0.0
2020-08-19,10162.0,262.0,8857.0,1043.0,51.0,0.0,0.0
2020-08-20,10197.0,264.0,9150.0,783.0,35.0,2.0,293.0
2020-08-21,10275.0,264.0,9150.0,861.0,78.0,0.0,0.0
2020-08-22,10299.0,264.0,9150.0,885.0,24.0,0.0,0.0
2020-08-23,10323.0,264.0,9150.0,909.0,24.0,0.0,0.0
2020-08-24,10395.0,264.0,9150.0,981.0,72.0,0.0,0.0
2020-08-25,10454.0,264.0,9150.0,1040.0,59.0,0.0,0.0
2020-08-26,10504.0,264.0,9150.0,1090.0,50.0,0.0,0.0
2020-08-27,10542.0,264.0,9348.0,930.0,38.0,0.0,198.0
2020-08-28,10582.0,264.0,9348.0,970.0,40.0,0.0,0.0
2020-08-29,10611.0,264.0,9348.0,999.0,29.0,0.0,0.0
2020-08-30,10643.0,264.0,9348.0,1031.0,32.0,0.0,0.0
2020-08-31,10782.0,264.0,9348.0,1170.0,139.0,0.0,0.0
2020-09-01,10871.0,264.0,9348.0,1259.0,89.0,0.0,0.0
2020-09-02,11034.0,264.0,9348.0,1422.0,163.0,0.0,0.0
2020-09-03,11120.0,264.0,9348.0,1508.0,86.0,0.0,0.0
2020-09-04,11231.0,264.0,9348.0,1619.0,111.0,0.0,0.0
2020-09-05,11296.0,264.0,9348.0,1684.0,65.0,0.0,0.0
2020-09-06,11388.0,264.0,9348.0,1776.0,92.0,0.0,0.0
2020-09-07,11521.0,264.0,9348.0,1909.0,133.0,0.0,0.0
2020-09-08,11623.0,264.0,9348.0,2011.0,102.0,0.0,0.0
2020-09-09,11746.0,264.0,9348.0,2134.0,123.0,0.0,0.0
2020-09-10,11867.0,265.0,9348.0,2254.0,121.0,1.0,0.0
2020-09-11,12003.0,265.0,10371.0,1367.0,136.0,0.0,1023.0
2020-09-12,12079.0,265.0,10371.0,1443.0,76.0,0.0,0.0
2020-09-13,12154.0,265.0,10371.0,1518.0,75.0,0.0,0.0
2020-09-14,12276.0,265.0,10371.0,1640.0,122.0,0.0,0.0
2020-09-15,12393.0,265.0,10371.0,1757.0,117.0,0.0,0.0
2020-09-16,12498.0,265.0,10371.0,1862.0,105.0,0.0,0.0
2020-09-17,12644.0,266.0,10371.0,2007.0,146.0,1.0,0.0
2020-09-18,12769.0,267.0,10371.0,2131.0,125.0,1.0,0.0
2020-09-19,12858.0,267.0,10371.0,2220.0,89.0,0.0,0.0
2020-09-20,12897.0,267.0,10371.0,2259.0,39.0,0.0,0.0
2020-09-21,13005.0,267.0,10371.0,2367.0,108.0,0.0,0.0
2020-09-22,13153.0,267.0,10371.0,2515.0,148.0,0.0,0.0
2020-09-23,13277.0,267.0,10371.0,2639.0,124.0,0.0,0.0
2020-09-24,13406.0,270.0,10371.0,2765.0,129.0,3.0,0.0
2020-09-25,13545.0,270.0,10371.0,2904.0,139.0,0.0,0.0
2020-09-26,13627.0,270.0,11190.0,2167.0,82.0,0.0,819.0
2020-09-27,13698.0,270.0,11190.0,2238.0,71.0,0.0,0.0
2020-09-28,13788.0,274.0,11190.0,2324.0,90.0,4.0,0.0
2020-09-29,13915.0,274.0,11190.0,2451.0,127.0,0.0,0.0
2020-09-30,14027.0,274.0,11190.0,2563.0,112.0,0.0,0.0
2020-10-01,14149.0,274.0,11190.0,2685.0,122.0,0.0,0.0
2020-10-02,14284.0,275.0,11190.0,2819.0,135.0,1.0,0.0
2020-10-03,14362.0,275.0,11190.0,2897.0,78.0,0.0,0.0
2020-10-04,14457.0,275.0,11190.0,2992.0,95.0,0.0,0.0
2020-10-05,14605.0,275.0,11190.0,3140.0,148.0,0.0,0.0
2020-10-06,14784.0,275.0,11190.0,3319.0,179.0,0.0,0.0
2020-10-07,15013.0,275.0,11863.0,2875.0,229.0,0.0,673.0
2020-10-08,15221.0,275.0,11863.0,3083.0,208.0,0.0,0.0
2020-10-09,15388.0,275.0,11863.0,3250.0,167.0,0.0,0.0
2020-10-10,15466.0,275.0,11863.0,3328.0,78.0,0.0,0.0
2020-10-11,15524.0,275.0,11863.0,3386.0,58.0,0.0,0.0
2020-10-12,15639.0,276.0,11863.0,3500.0,115.0,1.0,0.0
2020-10-13,15793.0,277.0,11863.0,3653.0,154.0,1.0,0.0
2020-10-14,15953.0,277.0,11863.0,3813.0,160.0,0.0,0.0
2020-10-15,16137.0,278.0,11863.0,3996.0,184.0,1.0,0.0
2020-10-16,16272.0,278.0,11863.0,4131.0,135.0,0.0,0.0
2020-10-17,16369.0,278.0,11863.0,4228.0,97.0,0.0,0.0
2020-10-18,16457.0,278.0,11863.0,4316.0,88.0,0.0,0.0
