date,confirmed,deaths,recovered,active,new_confirmed,new_deaths,new_recovered
2020-02-24,2.0,0.0,0.0,2.0,,,
2020-02-25,2.0,0.0,0.0,2.0,0.0,0.0,0.0
2020-02-26,4.0,0.0,0.0,4.0,2.0,0.0,0.0
2020-02-27,4.0,0.0,0.0,4.0,0.0,0.0,0.0
2020-02-28,4.0,0.0,0.0,4.0,0.0,0.0,0.0
2020-02-29,6.0,0.0,1.0,5.0,2.0,0.0,1.0
2020-03-01,6.0,0.0,1.0,5.0,0.0,0.0,0.0
2020-03-02,6.0,0.0,1.0,5.0,0.0,0.0,0.0
2020-03-03,12.0,0.0,2.0,10.0,6.0,0.0,1.0
2020-03-04,15.0,0.0,2.0,13.0,3.0,0.0,0.0
2020-03-05,16.0,0.0,2.0,14.0,1.0,0.0,0.0
2020-03-06,16.0,0.0,2.0,14.0,0.0,0.0,0.0
2020-03-07,16.0,0.0,2.0,14.0,0.0,0.0,0.0
2020-03-08,16.0,0.0,2.0,14.0,0.0,0.0,0.0
2020-03-09,16.0,0.0,2.0,14.0,0.0,0.0,0.0
2020-03-10,18.0,0.0,9.0,9.0,2.0,0.0,7.0
2020-03-11,18.0,0.0,9.0,9.0,0.0,0.0,0.0
2020-03-12,18.0,0.0,9.0,9.0,0.0,0.0,0.0
2020-03-13,19.0,0.0,9.0,10.0,1.0,0.0,0.0
2020-03-14,19.0,0.0,9.0,10.0,0.0,0.0,0.0
2020-03-15,22.0,0.0,9.0,13.0,3.0,0.0,0.0
2020-03-16,22.0,0.0,9.0,13.0,0.0,0.0,0.0
2020-03-17,24.0,0.0,9.0,15.0,2.0,0.0,0.0
2020-03-18,39.0,0.0,12.0,27.0,15.0,0.0,3.0
2020-03-19,48.0,0.0,12.0,36.0,9.0,0.0,0.0
2020-03-20,48.0,0.0,12.0,36.0,0.0,0.0,0.0
2020-03-21,52.0,0.0,12.0,40.0,4.0,0.0,0.0
2020-03-22,55.0,0.0,17.0,38.0,3.0,0.0,5.0
2020-03-23,66.0,0.0,17.0,49.0,11.0,0.0,0.0
2020-03-24,84.0,0.0,17.0,67.0,18.0,0.0,0.0
2020-03-25,99.0,0.0,17.0,82.0,15.0,0.0,0.0
2020-03-26,109.0,0.0,23.0,86.0,10.0,0.0,6.0
2020-03-27,131.0,0.0,23.0,108.0,22.0,0.0,0.0
2020-03-28,152.0,0.0,23.0,129.0,21.0,0.0,0.0
2020-03-29,167.0,0.0,23.0,144.0,15.0,0.0,0.0
2020-03-30,179.0,0.0,29.0,150.0,12.0,0.0,6.0
2020-03-31,192.0,1.0,34.0,157.0,13.0,1.0,5.0
2020-04-01,210.0,1.0,34.0,175.0,18.0,0.0,0.0
2020-04-02,231.0,1.0,57.0,173.0,21.0,0.0,23.0
2020-04-03,252.0,1.0,57.0,194.0,21.0,0.0,0.0
2020-04-04,277.0,2.0,61.0,214.0,25.0,1.0,4.0
2020-04-05,298.0,2.0,61.0,235.0,21.0,0.0,0.0
2020-04-06,331.0,2.0,61.0,268.0,33.0,0.0,0.0
2020-04-07,371.0,2.0,67.0,302.0,40.0,0.0,6.0
2020-04-08,419.0,2.0,72.0,345.0,48.0,0.0,5.0
2020-04-09,457.0,3.0,109.0,345.0,38.0,1.0,37.0
2020-04-10,484.0,3.0,109.0,372.0,27.0,0.0,0.0
2020-04-11,546.0,3.0,109.0,434.0,62.0,0.0,0.0
2020-04-12,599.0,4.0,109.0,486.0,53.0,1.0,0.0
2020-04-13,727.0,4.0,124.0,599.0,128.0,0.0,15.0
2020-04-14,813.0,4.0,130.0,679.0,86.0,0.0,6.0
2020-04-15,910.0,4.0,131.0,775.0,97.0,0.0,1.0
2020-04-16,1019.0,4.0,176.0,839.0,109.0,0.0,45.0
2020-04-17,1069.0,6.0,176.0,887.0,50.0,2.0,0.0
2020-04-18,1180.0,6.0,176.0,998.0,111.0,0.0,0.0
2020-04-19,1266.0,7.0,233.0,1026.0,86.0,1.0,57.0
2020-04-20,1410.0,7.0,238.0,1165.0,144.0,0.0,5.0
2020-04-21,1508.0,8.0,238.0,1262.0,98.0,1.0,0.0
2020-04-22,1614.0,8.0,238.0,1368.0,106.0,0.0,0.0
2020-04-23,1716.0,9.0,307.0,1400.0,102.0,1.0,69.0
2020-04-24,1790.0,10.0,325.0,1455.0,74.0,1.0,18.0
2020-04-25,1905.0,10.0,329.0,1566.0,115.0,0.0,4.0
2020-04-26,1998.0,10.0,333.0,1655.0,93.0,0.0,4.0
2020-04-27,2049.0,10.0,364.0,1675.0,51.0,0.0,31.0
2020-04-28,2131.0,10.0,364.0,1757.0,82.0,0.0,0.0
2020-04-29,2274.0,10.0,364.0,1900.0,143.0,0.0,0.0
2020-04-30,2348.0,11.0,495.0,1842.0,74.0,1.0,131.0
2020-05-01,2447.0,11.0,495.0,1941.0,99.0,0.0,0.0
2020-05-02,2483.0,12.0,750.0,1721.0,36.0,1.0,255.0
2020-05-03,2568.0,12.0,750.0,1806.0,85.0,0.0,0.0
2020-05-04,2637.0,12.0,816.0,1809.0,69.0,0.0,66.0
2020-05-05,2735.0,13.0,858.0,1864.0,98.0,1.0,42.0
2020-05-06,2903.0,13.0,888.0,2002.0,168.0,0.0,30.0
2020-05-07,2958.0,15.0,980.0,1963.0,55.0,2.0,92.0
2020-05-08,3112.0,16.0,1025.0,2071.0,154.0,1.0,45.0
2020-05-09,3224.0,17.0,1068.0,2139.0,112.0,1.0,43.0
2020-05-10,3399.0,17.0,1117.0,2265.0,175.0,0.0,49.0
2020-05-11,3573.0,17.0,1250.0,2306.0,174.0,0.0,133.0
2020-05-12,3721.0,17.0,1250.0,2454.0,148.0,0.0,0.0
2020-05-13,4019.0,17.0,1289.0,2713.0,298.0,0.0,39.0
2020-05-14,4341.0,18.0,1303.0,3020.0,322.0,1.0,14.0
2020-05-15,4625.0,20.0,1350.0,3255.0,284.0,2.0,47.0
2020-05-16,5029.0,21.0,1436.0,3572.0,404.0,1.0,86.0
2020-05-17,5186.0,22.0,1465.0,3699.0,157.0,1.0,29.0
2020-05-18,5379.0,25.0,1496.0,3858.0,193.0,3.0,31.0
2020-05-19,5671.0,27.0,1574.0,4070.0,292.0,2.0,78.0
2020-05-20,6043.0,30.0,1661.0,4352.0,372.0,3.0,87.0
2020-05-21,6370.0,31.0,1821.0,4518.0,327.0,1.0,160.0
2020-05-22,6794.0,34.0,1821.0,4939.0,424.0,3.0,0.0
2020-05-23,7257.0,36.0,1848.0,5373.0,463.0,2.0,27.0
2020-05-24,7770.0,37.0,1933.0,5800.0,513.0,1.0,85.0
2020-05-25,7770.0,37.0,1933.0,5800.0,0.0,0.0,0.0
2020-05-26,8118.0,37.0,2067.0,6014.0,348.0,0.0,134.0
2020-05-27,8373.0,39.0,2177.0,6157.0,255.0,2.0,110.0
2020-05-28,9009.0,40.0,2177.0,6792.0,636.0,1.0,0.0
2020-05-29,9820.0,40.0,2396.0,7384.0,811.0,0.0,219.0
2020-05-30,10423.0,42.0,2396.0,7985.0,603.0,2.0,0.0
2020-05-31,11437.0,49.0,2682.0,8706.0,1014.0,7.0,286.0
2020-06-01,12223.0,50.0,2682.0,9491.0,786.0,1.0,0.0
2020-06-02,12799.0,59.0,2812.0,9928.0,576.0,9.0,130.0
2020-06-03,13537.0,67.0,2845.0,10625.0,738.0,8.0,33.0
2020-06-04,14316.0,67.0,3451.0,10798.0,779.0,0.0,606.0
2020-06-05,15086.0,72.0,3451.0,11563.0,770.0,5.0,0.0
2020-06-06,16016.0,72.0,3451.0,12493.0,930.0,0.0,0.0
2020-06-07,16882.0,75.0,3451.0,13356.0,866.0,3.0,0.0
2020-06-08,17486.0,81.0,3793.0,13612.0,604.0,6.0,342.0
2020-06-09,18198.0,83.0,4152.0,13963.0,712.0,2.0,359.0
2020-06-10,18887.0,84.0,5640.0,13163.0,689.0,1.0,1488.0
2020-06-11,19954.0,89.0,6623.0,13242.0,1067.0,5.0,983.0
2020-06-12,21071.0,96.0,7489.0,13486.0,1117.0,7.0,866.0
2020-06-13,22077.0,99.0,7530.0,14448.0,1006.0,3.0,41.0
2020-06-14,23481.0,104.0,8454.0,14923.0,1404.0,5.0,924.0
2020-06-15,24524.0,108.0,9533.0,14883.0,1043.0,4.0,1079.0
2020-06-16,25269.0,114.0,11089.0,14066.0,745.0,6.0,1556.0
2020-06-17,26079.0,116.0,11797.0,14166.0,810.0,2.0,708.0
2020-06-18,26818.0,119.0,13264.0,13435.0,739.0,3.0,1467.0
2020-06-19,27670.0,125.0,13974.0,13571.0,852.0,6.0,710.0
2020-06-20,28566.0,128.0,14780.0,13658.0,896.0,3.0,806.0
2020-06-21,29471.0,131.0,15552.0,13788.0,905.0,3.0,772.0
2020-06-22,31076.0,137.0,16408.0,14531.0,1605.0,6.0,856.0
2020-06-23,32394.0,140.0,17279.0,14975.0,1318.0,3.0,871.0
2020-06-24,33536.0,142.0,17972.0,15422.0,1142.0,2.0,693.0
2020-06-25,34902.0,144.0,18520.0,16238.0,1366.0,2.0,548.0
2020-06-26,36034.0,153.0,19482.0,16399.0,1132.0,9.0,962.0
2020-06-27,36953.0,159.0,20363.0,16431.0,919.0,6.0,881.0
2020-06-28,38150.0,163.0,21200.0,16787.0,1197.0,4.0,837.0
2020-06-29,39060.0,169.0,22422.0,16469.0,910.0,6.0,1222.0
2020-06-30,40070.0,176.0,23425.0,16469.0,1010.0,7.0,1003.0
2020-07-01,41194.0,185.0,24162.0,16847.0,1124.0,9.0,737.0
2020-07-02,42555.0,188.0,25318.0,17049.0,1361.0,3.0,1156.0
2020-07-03,43929.0,193.0,26169.0,17567.0,1374.0,5.0,851.0
2020-07-04,45106.0,203.0,26968.0,17935.0,1177.0,10.0,799.0
2020-07-05,46178.0,213.0,27917.0,18048.0,1072.0,10.0,949.0
2020-07-06,47735.0,218.0,29146.0,18371.0,1557.0,5.0,1229.0
2020-07-07,48997.0,224.0,31000.0,17773.0,1262.0,6.0,1854.0
2020-07-08,50207.0,233.0,32005.0,17969.0,1210.0,9.0,1005.0
2020-07-09,51725.0,236.0,33021.0,18468.0,1518.0,3.0,1016.0
2020-07-10,53614.0,244.0,34225.0,19145.0,1889.0,8.0,1204.0
2020-07-11,54697.0,248.0,35255.0,19194.0,1083.0,4.0,1030.0
2020-07-12,56015.0,257.0,36098.0,19660.0,1318.0,9.0,843.0
2020-07-13,58179.0,259.0,37257.0,20663.0,2164.0,2.0,1159.0
2020-07-14,59568.0,273.0,37987.0,21308.0,1389.0,14.0,730.0
2020-07-15,61247.0,281.0,39038.0,21928.0,1679.0,8.0,1051.0
2020-07-16,62574.0,290.0,40090.0,22194.0,1327.0,9.0,1052.0
2020-07-17,64193.0,298.0,41450.0,22445.0,1619.0,8.0,1360.0
2020-07-18,65504.0,308.0,42772.0,22424.0,1311.0,10.0,1322.0
2020-07-19,66661.0,318.0,44004.0,22339.0,1157.0,10.0,1232.0
2020-07-20,68400.0,326.0,45150.0,22924.0,1739.0,8.0,1146.0
2020-07-21,69887.0,337.0,46608.0,22942.0,1487.0,11.0,1458.0
2020-07-22,71547.0,349.0,47922.0,23276.0,1660.0,12.0,1314.0
2020-07-23,72646.0,355.0,51349.0,20942.0,1099.0,6.0,3427.0
2020-07-24,73791.0,359.0,53007.0,20425.0,1145.0,4.0,1658.0
2020-07-25,74858.0,371.0,54061.0,20426.0,1067.0,12.0,1054.0
2020-07-26,76005.0,384.0,55299.0,20322.0,1147.0,13.0,1238.0
2020-07-27,77058.0,393.0,57028.0,19637.0,1053.0,9.0,1729.0
2020-07-28,77904.0,402.0,58587.0,18915.0,846.0,9.0,1559.0
2020-07-29,78569.0,412.0,60240.0,17917.0,665.0,10.0,1653.0
2020-07-30,79159.0,421.0,61421.0,17317.0,590.0,9.0,1181.0
2020-07-31,79159.0,421.0,61421.0,17317.0,0.0,0.0,0.0
2020-08-01,79159.0,421.0,61421.0,17317.0,0.0,0.0,0.0
2020-08-02,79159.0,421.0,61421.0,17317.0,0.0,0.0,0.0
2020-08-03,79159.0,421.0,61421.0,17317.0,0.0,0.0,0.0
2020-08-04,79159.0,421.0,61421.0,17317.0,0.0,0.0,0.0
2020-08-05,80286.0,488.0,69803.0,9995.0,1127.0,67.0,8382.0
2020-08-06,80713.0,492.0,70910.0,9311.0,427.0,4.0,1107.0
2020-08-07,81067.0,502.0,72263.0,8302.0,354.0,10.0,1353.0
2020-08-08,81357.0,509.0,73481.0,7367.0,290.0,7.0,1218.0
2020-08-09,81580.0,513.0,74691.0,6376.0,223.0,4.0,1210.0
2020-08-10,81787.0,521.0,76124.0,5142.0,207.0,8.0,1433.0
2020-08-11,82050.0,533.0,76720.0,4797.0,263.0,12.0,596.0
2020-08-12,82299.0,539.0,77072.0,4688.0,249.0,6.0,352.0
2020-08-13,82531.0,551.0,77278.0,4702.0,232.0,12.0,206.0
2020-08-14,82743.0,557.0,77427.0,4759.0,212.0,6.0,149.0
2020-08-15,82924.0,562.0,77550.0,4812.0,181.0,5.0,123.0
2020-08-16,83086.0,572.0,77680.0,4834.0,162.0,10.0,130.0
2020-08-17,83226.0,588.0,77812.0,4826.0,140.0,16.0,132.0
2020-08-18,83418.0,597.0,77977.0,4844.0,192.0,9.0,165.0
2020-08-19,83606.0,603.0,78188.0,4815.0,188.0,6.0,211.0
2020-08-20,83769.0,609.0,78386.0,4774.0,163.0,6.0,198.0
2020-08-21,83769.0,609.0,78386.0,4774.0,0.0,0.0,0.0
2020-08-22,83769.0,609.0,78386.0,4774.0,0.0,0.0,0.0
2020-08-23,83769.0,609.0,78386.0,4774.0,0.0,0.0,0.0
2020-08-24,84509.0,637.0,78912.0,4960.0,740.0,28.0,526.0
2020-08-25,84652.0,642.0,79147.0,4863.0,143.0,5.0,235.0
2020-08-26,84818.0,646.0,79409.0,4763.0,166.0,4.0,262.0
2020-08-27,85005.0,650.0,79608.0,4747.0,187.0,4.0,199.0
2020-08-28,85005.0,650.0,79608.0,4747.0,0.0,0.0,0.0
2020-08-29,85005.0,650.0,79608.0,4747.0,0.0,0.0,0.0
