date,confirmed,deaths,recovered,active,new_confirmed,new_deaths,new_recovered
2020-02-26,2.0,0.0,0.0,2.0,,,
2020-02-27,2.0,0.0,0.0,2.0,0.0,0.0,0.0
2020-02-28,2.0,0.0,0.0,2.0,0.0,0.0,0.0
2020-02-29,4.0,0.0,0.0,4.0,2.0,0.0,0.0
2020-03-01,4.0,0.0,0.0,4.0,0.0,0.0,0.0
2020-03-02,4.0,0.0,0.0,4.0,0.0,0.0,0.0
2020-03-03,5.0,0.0,0.0,5.0,1.0,0.0,0.0
2020-03-04,5.0,0.0,0.0,5.0,0.0,0.0,0.0
2020-03-05,5.0,0.0,0.0,5.0,0.0,0.0,0.0
2020-03-06,6.0,0.0,0.0,6.0,1.0,0.0,0.0
2020-03-07,6.0,0.0,0.0,6.0,0.0,0.0,0.0
2020-03-08,6.0,0.0,1.0,5.0,0.0,0.0,1.0
2020-03-09,6.0,0.0,1.0,5.0,0.0,0.0,0.0
2020-03-10,16.0,0.0,1.0,15.0,10.0,0.0,0.0
2020-03-11,19.0,0.0,2.0,17.0,3.0,0.0,1.0
2020-03-12,20.0,0.0,2.0,18.0,1.0,0.0,0.0
2020-03-13,28.0,0.0,2.0,26.0,8.0,0.0,0.0
2020-03-14,31.0,0.0,2.0,29.0,3.0,0.0,0.0
2020-03-15,53.0,0.0,2.0,51.0,22.0,0.0,0.0
2020-03-16,136.0,0.0,2.0,134.0,83.0,0.0,0.0
2020-03-17,236.0,0.0,2.0,234.0,100.0,0.0,0.0
2020-03-18,299.0,0.0,2.0,297.0,63.0,0.0,0.0
2020-03-19,454.0,2.0,13.0,439.0,155.0,2.0,11.0
2020-03-20,501.0,3.0,13.0,485.0,47.0,1.0,0.0
2020-03-21,730.0,3.0,13.0,714.0,229.0,0.0,0.0
2020-03-22,776.0,4.0,13.0,759.0,46.0,1.0,0.0
2020-03-23,875.0,6.0,13.0,856.0,99.0,2.0,0.0
2020-03-24,972.0,7.0,18.0,947.0,97.0,1.0,5.0
2020-03-25,1063.0,8.0,21.0,1034.0,91.0,1.0,3.0
2020-03-26,1201.0,9.0,21.0,1171.0,138.0,1.0,0.0
2020-03-27,1373.0,11.0,23.0,1339.0,172.0,2.0,2.0
2020-03-28,1495.0,12.0,29.0,1454.0,122.0,1.0,6.0
2020-03-29,1597.0,14.0,29.0,1554.0,102.0,2.0,0.0
2020-03-30,1717.0,21.0,76.0,1620.0,120.0,7.0,47.0
2020-03-31,1938.0,26.0,76.0,1836.0,221.0,5.0,0.0
2020-04-01,2118.0,27.0,94.0,1997.0,180.0,1.0,18.0
2020-04-02,2421.0,34.0,125.0,2262.0,303.0,7.0,31.0
2020-04-03,2686.0,40.0,126.0,2520.0,265.0,6.0,1.0
2020-04-04,2818.0,41.0,131.0,2646.0,132.0,1.0,5.0
2020-04-05,3157.0,47.0,211.0,2899.0,339.0,6.0,80.0
2020-04-06,3766.0,53.0,259.0,3454.0,609.0,6.0,48.0
2020-04-07,4035.0,57.0,429.0,3549.0,269.0,4.0,170.0
2020-04-08,4263.0,61.0,467.0,3735.0,228.0,4.0,38.0
2020-04-09,4489.0,65.0,572.0,3852.0,226.0,4.0,105.0
2020-04-10,4695.0,66.0,727.0,3902.0,206.0,1.0,155.0
2020-04-11,5011.0,86.0,762.0,4163.0,316.0,20.0,35.0
2020-04-12,5230.0,91.0,1028.0,4111.0,219.0,5.0,266.0
2020-04-13,5496.0,93.0,1095.0,4308.0,266.0,2.0,67.0
2020-04-14,5837.0,96.0,1378.0,4363.0,341.0,3.0,283.0
2020-04-15,6383.0,111.0,1446.0,4826.0,546.0,15.0,68.0
2020-04-16,6919.0,128.0,1645.0,5146.0,536.0,17.0,199.0
2020-04-17,7025.0,135.0,1765.0,5125.0,106.0,7.0,120.0
2020-04-18,7638.0,143.0,1832.0,5663.0,613.0,8.0,67.0
2020-04-19,8348.0,168.0,1868.0,6312.0,710.0,25.0,36.0
2020-04-20,8418.0,176.0,1970.0,6272.0,70.0,8.0,102.0
2020-04-21,9565.0,201.0,2073.0,7291.0,1147.0,25.0,103.0
2020-04-22,10076.0,212.0,2156.0,7708.0,511.0,11.0,83.0
2020-04-23,11155.0,237.0,2527.0,8391.0,1079.0,25.0,371.0
2020-04-24,11940.0,253.0,2755.0,8932.0,785.0,16.0,228.0
2020-04-25,12723.0,269.0,2866.0,9588.0,783.0,16.0,111.0
2020-04-26,13328.0,281.0,2936.0,10111.0,605.0,12.0,70.0
2020-04-27,13915.0,292.0,3029.0,10594.0,587.0,11.0,93.0
2020-04-28,14612.0,312.0,3233.0,11067.0,697.0,20.0,204.0
2020-04-29,15525.0,343.0,3425.0,11757.0,913.0,31.0,192.0
2020-04-30,16817.0,385.0,4315.0,12117.0,1292.0,42.0,890.0
2020-05-01,18114.0,417.0,4715.0,12982.0,1297.0,32.0,400.0
2020-05-02,19103.0,440.0,4817.0,13846.0,989.0,23.0,102.0
2020-05-03,20084.0,457.0,5114.0,14513.0,981.0,17.0,297.0
2020-05-04,20941.0,476.0,5635.0,14830.0,857.0,19.0,521.0
2020-05-05,22049.0,514.0,5801.0,15734.0,1108.0,38.0,166.0
2020-05-06,24073.0,564.0,6464.0,17045.0,2024.0,50.0,663.0
2020-05-07,24644.0,585.0,6464.0,17595.0,571.0,21.0,0.0
2020-05-08,26435.0,599.0,7530.0,18306.0,1791.0,14.0,1066.0
2020-05-09,28736.0,636.0,7809.0,20291.0,2301.0,37.0,279.0
2020-05-10,30334.0,659.0,8063.0,21612.0,1598.0,23.0,254.0
2020-05-11,32081.0,706.0,8555.0,22820.0,1747.0,47.0,492.0
2020-05-12,34336.0,737.0,8812.0,24787.0,2255.0,31.0,257.0
2020-05-13,35298.0,761.0,8899.0,25638.0,962.0,24.0,87.0
2020-05-14,35788.0,770.0,9695.0,25323.0,490.0,9.0,796.0
2020-05-15,38799.0,834.0,10880.0,27085.0,3011.0,64.0,1185.0
2020-05-16,38799.0,834.0,10880.0,27085.0,0.0,0.0,0.0
2020-05-17,40151.0,873.0,11341.0,27937.0,1352.0,39.0,461.0
2020-05-18,42125.0,903.0,11922.0,29300.0,1974.0,30.0,581.0
2020-05-19,43966.0,939.0,12489.0,30538.0,1841.0,36.0,567.0
2020-05-20,45898.0,985.0,13101.0,31812.0,1932.0,46.0,612.0
2020-05-21,48091.0,1017.0,14155.0,32919.0,2193.0,32.0,1054.0
2020-05-22,50694.0,1067.0,15201.0,34426.0,2603.0,50.0,1046.0
2020-05-23,52437.0,1101.0,16653.0,34683.0,1743.0,34.0,1452.0
2020-05-24,54601.0,1133.0,17198.0,36270.0,2164.0,32.0,545.0
2020-05-25,56349.0,1167.0,17482.0,37700.0,1748.0,34.0,284.0
2020-05-26,57705.0,1197.0,18314.0,38194.0,1356.0,30.0,832.0
2020-05-27,59151.0,1225.0,19142.0,38784.0,1446.0,28.0,828.0
2020-05-28,61227.0,1260.0,20231.0,39736.0,2076.0,35.0,1089.0
2020-05-29,64028.0,1317.0,22305.0,40406.0,2801.0,57.0,2074.0
2020-05-30,66457.0,1395.0,24131.0,40931.0,2429.0,78.0,1826.0
2020-05-31,69496.0,1483.0,25271.0,42742.0,3039.0,88.0,1140.0
2020-06-01,72460.0,1543.0,26083.0,44834.0,2964.0,60.0,812.0
2020-06-02,76398.0,1621.0,27110.0,47667.0,3938.0,78.0,1027.0
2020-06-03,80463.0,1688.0,28923.0,49852.0,4065.0,67.0,1813.0
2020-06-04,85264.0,1770.0,30128.0,53366.0,4801.0,82.0,1205.0
2020-06-05,89249.0,1838.0,31198.0,56213.0,3985.0,68.0,1070.0
2020-06-06,93983.0,1935.0,32581.0,59467.0,4734.0,97.0,1383.0
2020-06-07,98943.0,2002.0,33465.0,63476.0,4960.0,67.0,884.0
2020-06-08,108317.0,2172.0,35018.0,71127.0,9374.0,170.0,1553.0
2020-06-09,113702.0,2255.0,36308.0,75139.0,5385.0,83.0,1290.0
2020-06-10,113702.0,2255.0,36308.0,75139.0,0.0,0.0,0.0
2020-06-11,125933.0,2463.0,40247.0,83223.0,12231.0,208.0,3939.0
2020-06-12,125933.0,2463.0,40247.0,83223.0,0.0,0.0,0.0
2020-06-13,132405.0,2551.0,50056.0,79798.0,6472.0,88.0,9809.0
2020-06-14,144478.0,2729.0,53721.0,88028.0,12073.0,178.0,3665.0
2020-06-15,148921.0,2839.0,56390.0,89692.0,4443.0,110.0,2669.0
2020-06-16,154760.0,2975.0,58437.0,93348.0,5839.0,136.0,2047.0
2020-06-17,160118.0,3093.0,59215.0,97810.0,5358.0,118.0,778.0
2020-06-18,165062.0,3229.0,61383.0,100450.0,4944.0,136.0,2168.0
2020-06-19,171666.0,3382.0,63504.0,104780.0,6604.0,153.0,2121.0
2020-06-20,176617.0,3501.0,67892.0,105224.0,4951.0,119.0,4388.0
2020-06-21,181088.0,3590.0,71458.0,106040.0,4471.0,89.0,3566.0
2020-06-22,185034.0,3695.0,73471.0,107868.0,3946.0,105.0,2013.0
2020-06-23,188926.0,3755.0,77754.0,107417.0,3892.0,60.0,4283.0
2020-06-24,192970.0,3903.0,81307.0,107760.0,4044.0,148.0,3553.0
2020-06-25,195745.0,3962.0,84168.0,107615.0,2775.0,59.0,2861.0
2020-06-26,198883.0,4035.0,86906.0,107942.0,3138.0,73.0,2738.0
2020-06-27,202955.0,4118.0,92624.0,106213.0,4072.0,83.0,5718.0
2020-06-28,206512.0,4167.0,95407.0,106938.0,3557.0,49.0,2783.0
2020-06-29,209337.0,4304.0,98503.0,106530.0,2825.0,137.0,3096.0
2020-06-30,213470.0,4395.0,100802.0,108273.0,4133.0,91.0,2299.0
2020-07-01,217809.0,4473.0,104694.0,108642.0,4339.0,78.0,3892.0
2020-07-02,221896.0,4551.0,113623.0,103722.0,4087.0,78.0,8929.0
2020-07-03,221896.0,4551.0,113623.0,103722.0,0.0,0.0,0.0
2020-07-04,225283.0,4619.0,125094.0,95570.0,3387.0,68.0,11471.0
2020-07-05,231818.0,4762.0,131649.0,95407.0,6535.0,143.0,6555.0
2020-07-06,234509.0,4839.0,134957.0,94713.0,2691.0,77.0,3308.0
2020-07-07,237489.0,4922.0,140965.0,91602.0,2980.0,83.0,6008.0
2020-07-08,240848.0,4983.0,145311.0,90554.0,3359.0,61.0,4346.0
2020-07-09,243599.0,5058.0,149092.0,89449.0,2751.0,75.0,3781.0
2020-07-10,246351.0,5123.0,153134.0,88094.0,2752.0,65.0,4042.0
2020-07-11,248872.0,5197.0,156700.0,86975.0,2521.0,74.0,3566.0
2020-07-12,251625.0,5266.0,161917.0,84442.0,2753.0,69.0,5217.0
2020-07-13,253604.0,5320.0,170656.0,77628.0,1979.0,54.0,8739.0
2020-07-14,255769.0,5386.0,172810.0,77573.0,2165.0,66.0,2154.0
2020-07-15,257914.0,5426.0,178737.0,73751.0,2145.0,40.0,5927.0
2020-07-16,257914.0,5426.0,178737.0,73751.0,0.0,0.0,0.0
2020-07-17,261917.0,5522.0,198509.0,57886.0,4003.0,96.0,19772.0
2020-07-18,263496.0,5568.0,204276.0,53652.0,1579.0,46.0,5767.0
2020-07-19,265083.0,5599.0,205929.0,53555.0,1587.0,31.0,1653.0
2020-07-20,266096.0,5639.0,208030.0,52427.0,1013.0,40.0,2101.0
2020-07-21,267428.0,5677.0,210468.0,51283.0,1332.0,38.0,2438.0
2020-07-22,269191.0,5709.0,213175.0,50307.0,1763.0,32.0,2707.0
2020-07-23,270400.0,5763.0,219783.0,44854.0,1209.0,54.0,6608.0
2020-07-24,271887.0,5787.0,236596.0,29504.0,1487.0,24.0,16813.0
2020-07-25,273113.0,5822.0,237434.0,29857.0,1226.0,35.0,838.0
2020-07-26,273113.0,5822.0,237434.0,29857.0,0.0,0.0,0.0
2020-07-27,274289.0,5842.0,241026.0,27421.0,1176.0,20.0,3592.0
2020-07-28,275225.0,5865.0,242436.0,26924.0,936.0,23.0,1410.0
2020-07-29,276288.0,5892.0,244883.0,25513.0,1063.0,27.0,2447.0
2020-07-30,277402.0,5924.0,246131.0,25347.0,1114.0,32.0,1248.0
2020-07-31,278305.0,5951.0,247177.0,25177.0,903.0,27.0,1046.0
2020-08-01,278305.0,5951.0,247177.0,25177.0,0.0,0.0,0.0
2020-08-02,279699.0,5976.0,248577.0,25146.0,1394.0,25.0,1400.0
2020-08-03,280461.0,5999.0,249397.0,25065.0,762.0,23.0,820.0
2020-08-04,280461.0,5999.0,249397.0,25065.0,0.0,0.0,0.0
2020-08-05,281136.0,6014.0,254286.0,20836.0,675.0,15.0,4889.0
2020-08-06,281863.0,6035.0,256058.0,19770.0,727.0,21.0,1772.0
2020-08-07,282645.0,6052.0,258099.0,18494.0,782.0,17.0,2041.0
2020-08-08,283487.0,6068.0,259604.0,17815.0,842.0,16.0,1505.0
2020-08-09,284121.0,6082.0,260248.0,17791.0,634.0,14.0,644.0
2020-08-10,284660.0,6097.0,260764.0,17799.0,539.0,15.0,516.0
2020-08-11,285191.0,6112.0,261246.0,17833.0,531.0,15.0,482.0
2020-08-12,286674.0,6139.0,264060.0,16475.0,1483.0,27.0,2814.0
2020-08-13,286674.0,6139.0,264060.0,16475.0,0.0,0.0,0.0
2020-08-14,287300.0,6153.0,265215.0,15932.0,626.0,14.0,1155.0
2020-08-15,288047.0,6162.0,265624.0,16261.0,747.0,9.0,409.0
2020-08-16,289215.0,6175.0,269087.0,13953.0,1168.0,13.0,3463.0
2020-08-17,289215.0,6175.0,269087.0,13953.0,0.0,0.0,0.0
2020-08-18,289832.0,6190.0,269989.0,13653.0,617.0,15.0,902.0
2020-08-19,290445.0,6201.0,272128.0,12116.0,613.0,11.0,2139.0
2020-08-20,290958.0,6209.0,272804.0,11945.0,513.0,8.0,676.0
2020-08-21,291588.0,6219.0,273579.0,11790.0,630.0,10.0,775.0
2020-08-22,292174.0,6231.0,275317.0,10626.0,586.0,12.0,1738.0
2020-08-23,293261.0,6244.0,276829.0,10188.0,1087.0,13.0,1512.0
2020-08-24,293261.0,6244.0,276829.0,10188.0,0.0,0.0,0.0
2020-08-25,293711.0,6255.0,278425.0,9031.0,450.0,11.0,1596.0
2020-08-26,294193.0,6267.0,278939.0,8987.0,482.0,12.0,514.0
2020-08-27,294638.0,6274.0,279561.0,8803.0,445.0,7.0,622.0
2020-08-28,295053.0,6283.0,279937.0,8833.0,415.0,9.0,376.0
2020-08-29,295372.0,6284.0,280340.0,8748.0,319.0,1.0,403.0
2020-08-30,295636.0,6288.0,280547.0,8801.0,264.0,4.0,207.0
2020-08-31,295849.0,6294.0,280682.0,8873.0,213.0,6.0,135.0
2020-09-01,296149.0,6298.0,280970.0,8881.0,300.0,4.0,288.0
2020-09-02,297014.0,6328.0,281925.0,8761.0,865.0,30.0,955.0
2020-09-03,297512.0,6335.0,282268.0,8909.0,498.0,7.0,343.0
2020-09-04,298025.0,6340.0,282553.0,9132.0,513.0,5.0,285.0
2020-09-05,298025.0,6340.0,282553.0,9132.0,0.0,0.0,0.0
2020-09-06,298903.0,6345.0,286016.0,6542.0,878.0,5.0,3463.0
2020-09-07,299233.0,6350.0,286157.0,6726.0,330.0,5.0,141.0
