date,confirmed,deaths,recovered,active,new_confirmed,new_deaths,new_recovered
2020-03-10,1.0,0.0,0.0,1.0,,,
2020-03-11,8.0,1.0,0.0,7.0,7.0,1.0,0.0
2020-03-12,11.0,1.0,0.0,10.0,3.0,0.0,0.0
2020-03-13,27.0,1.0,0.0,26.0,16.0,0.0,0.0
2020-03-14,36.0,1.0,0.0,35.0,9.0,0.0,0.0
2020-03-15,43.0,1.0,0.0,42.0,7.0,0.0,0.0
2020-03-16,55.0,1.0,0.0,54.0,12.0,0.0,0.0
2020-03-17,69.0,1.0,0.0,68.0,14.0,0.0,0.0
2020-03-18,86.0,1.0,0.0,85.0,17.0,0.0,0.0
2020-03-19,109.0,1.0,0.0,108.0,23.0,0.0,0.0
2020-03-20,137.0,1.0,0.0,136.0,28.0,0.0,0.0
2020-03-21,200.0,1.0,0.0,199.0,63.0,0.0,0.0
2020-03-22,313.0,3.0,1.0,309.0,113.0,2.0,1.0
2020-03-23,313.0,3.0,1.0,309.0,0.0,0.0,0.0
2020-03-24,345.0,6.0,1.0,338.0,32.0,3.0,0.0
2020-03-25,443.0,8.0,1.0,434.0,98.0,2.0,0.0
2020-03-26,558.0,8.0,2.0,548.0,115.0,0.0,1.0
2020-03-27,674.0,9.0,2.0,663.0,116.0,1.0,0.0
2020-03-28,786.0,14.0,2.0,770.0,112.0,5.0,0.0
2020-03-29,901.0,17.0,4.0,880.0,115.0,3.0,2.0
2020-03-30,989.0,24.0,4.0,961.0,88.0,7.0,0.0
2020-03-31,1181.0,30.0,9.0,1142.0,192.0,6.0,5.0
2020-04-01,1181.0,30.0,9.0,1142.0,0.0,0.0,0.0
2020-04-02,1317.0,32.0,9.0,1276.0,136.0,2.0,0.0
2020-04-03,1475.0,37.0,10.0,1428.0,158.0,5.0,1.0
2020-04-04,1673.0,41.0,13.0,1619.0,198.0,4.0,3.0
2020-04-05,1801.0,46.0,13.0,1742.0,128.0,5.0,0.0
2020-04-06,1988.0,54.0,13.0,1921.0,187.0,8.0,0.0
2020-04-07,2100.0,55.0,14.0,2031.0,112.0,1.0,1.0
2020-04-08,2249.0,59.0,16.0,2174.0,149.0,4.0,2.0
2020-04-09,2528.0,63.0,16.0,2449.0,279.0,4.0,0.0
2020-04-10,2752.0,66.0,16.0,2670.0,224.0,3.0,0.0
2020-04-11,2974.0,74.0,17.0,2883.0,222.0,8.0,1.0
2020-04-12,3234.0,79.0,23.0,3132.0,260.0,5.0,6.0
2020-04-13,3400.0,87.0,29.0,3284.0,166.0,8.0,6.0
2020-04-14,3472.0,94.0,61.0,3317.0,72.0,7.0,32.0
2020-04-15,3574.0,95.0,72.0,3407.0,102.0,1.0,11.0
2020-04-16,3751.0,103.0,75.0,3573.0,177.0,8.0,3.0
2020-04-17,4016.0,109.0,98.0,3809.0,265.0,6.0,23.0
2020-04-18,4210.0,116.0,122.0,3972.0,194.0,7.0,24.0
2020-04-19,4273.0,120.0,140.0,4013.0,63.0,4.0,18.0
2020-04-20,4467.0,126.0,165.0,4176.0,194.0,6.0,25.0
2020-04-21,4658.0,136.0,204.0,4318.0,191.0,10.0,39.0
2020-04-22,4821.0,141.0,231.0,4449.0,163.0,5.0,27.0
2020-04-23,5166.0,146.0,271.0,4749.0,345.0,5.0,40.0
2020-04-24,5338.0,154.0,319.0,4865.0,172.0,8.0,48.0
2020-04-25,5538.0,159.0,338.0,5041.0,200.0,5.0,19.0
2020-04-26,5779.0,165.0,338.0,5276.0,241.0,6.0,0.0
2020-04-27,6021.0,167.0,455.0,5399.0,242.0,2.0,117.0
2020-04-28,6021.0,167.0,455.0,5399.0,0.0,0.0,0.0
2020-04-29,6378.0,178.0,527.0,5673.0,357.0,11.0,72.0
2020-04-30,6532.0,188.0,576.0,5768.0,154.0,10.0,49.0
2020-05-01,6720.0,192.0,622.0,5906.0,188.0,4.0,46.0
2020-05-02,7090.0,197.0,641.0,6252.0,370.0,5.0,19.0
2020-05-03,7090.0,197.0,641.0,6252.0,0.0,0.0,0.0
2020-05-04,7197.0,200.0,641.0,6356.0,107.0,3.0,0.0
2020-05-05,7523.0,210.0,823.0,6490.0,326.0,10.0,182.0
2020-05-06,7731.0,218.0,859.0,6654.0,208.0,8.0,36.0
2020-05-07,7868.0,225.0,886.0,6757.0,137.0,7.0,27.0
2020-05-08,8070.0,231.0,886.0,6953.0,202.0,6.0,0.0
2020-05-09,8282.0,237.0,4501.0,3544.0,212.0,6.0,3615.0
2020-05-10,8448.0,244.0,4687.0,3517.0,166.0,7.0,186.0
2020-05-11,8616.0,249.0,4687.0,3680.0,168.0,5.0,0.0
2020-05-12,8783.0,252.0,6021.0,2510.0,167.0,3.0,1334.0
2020-05-13,8944.0,256.0,6067.0,2621.0,161.0,4.0,46.0
2020-05-14,9118.0,260.0,6080.0,2778.0,174.0,4.0,13.0
2020-05-15,9268.0,266.0,6080.0,2922.0,150.0,6.0,0.0
2020-05-16,9449.0,269.0,6080.0,3100.0,181.0,3.0,0.0
2020-05-17,9606.0,275.0,6081.0,3250.0,157.0,6.0,1.0
2020-05-18,9726.0,279.0,6081.0,3366.0,120.0,4.0,0.0
2020-05-19,9867.0,281.0,6194.0,3392.0,141.0,2.0,113.0
2020-05-20,9977.0,287.0,6194.0,3496.0,110.0,6.0,0.0
2020-05-21,10116.0,291.0,6245.0,3580.0,139.0,4.0,51.0
2020-05-22,10267.0,295.0,6275.0,3697.0,151.0,4.0,30.0
2020-05-23,10577.0,299.0,6279.0,3999.0,310.0,4.0,4.0
2020-05-24,10926.0,306.0,6279.0,4341.0,349.0,7.0,0.0
2020-05-25,11183.0,310.0,6279.0,4594.0,257.0,4.0,0.0
2020-05-26,11447.0,313.0,6379.0,4755.0,264.0,3.0,100.0
2020-05-27,11728.0,315.0,7379.0,4034.0,281.0,2.0,1000.0
2020-05-28,12131.0,320.0,7379.0,4432.0,403.0,5.0,0.0
2020-05-29,12531.0,326.0,7540.0,4665.0,400.0,6.0,161.0
2020-05-30,13018.0,330.0,9414.0,3274.0,487.0,4.0,1874.0
2020-05-31,13463.0,336.0,9514.0,3613.0,445.0,6.0,100.0
2020-06-01,13837.0,344.0,9514.0,3979.0,374.0,8.0,0.0
2020-06-02,14095.0,352.0,9514.0,4229.0,258.0,8.0,0.0
2020-06-03,14609.0,357.0,9519.0,4733.0,514.0,5.0,5.0
2020-06-04,15044.0,363.0,9619.0,5062.0,435.0,6.0,100.0
2020-06-05,15463.0,370.0,9719.0,5374.0,419.0,7.0,100.0
2020-06-06,16004.0,386.0,10118.0,5500.0,541.0,16.0,399.0
2020-06-07,16425.0,393.0,10218.0,5814.0,421.0,7.0,100.0
2020-06-08,16854.0,398.0,10401.0,6055.0,429.0,5.0,183.0
2020-06-09,17233.0,403.0,10561.0,6269.0,379.0,5.0,160.0
2020-06-10,17889.0,413.0,10977.0,6499.0,656.0,10.0,416.0
2020-06-11,18586.0,418.0,10977.0,7191.0,697.0,5.0,0.0
2020-06-12,19211.0,421.0,13759.0,5031.0,625.0,3.0,2782.0
2020-06-13,20059.0,429.0,13759.0,5871.0,848.0,8.0,0.0
2020-06-14,21418.0,437.0,13766.0,7215.0,1359.0,8.0,7.0
2020-06-15,21422.0,448.0,13766.0,7208.0,4.0,11.0,0.0
2020-06-16,21962.0,457.0,13774.0,7731.0,540.0,9.0,8.0
2020-06-17,22597.0,470.0,13774.0,8353.0,635.0,13.0,0.0
2020-06-18,23351.0,475.0,13782.0,9094.0,754.0,5.0,8.0
2020-06-19,24274.0,485.0,14359.0,9430.0,923.0,10.0,577.0
2020-06-20,25222.0,493.0,14359.0,10370.0,948.0,8.0,0.0
2020-06-21,26030.0,501.0,14359.0,11170.0,808.0,8.0,0.0
2020-06-22,26752.0,521.0,14664.0,11567.0,722.0,20.0,305.0
2020-06-23,27314.0,536.0,14694.0,12084.0,562.0,15.0,30.0
2020-06-24,28030.0,547.0,14794.0,12689.0,716.0,11.0,100.0
2020-06-25,29037.0,564.0,14800.0,13673.0,1007.0,17.0,6.0
2020-06-26,29905.0,575.0,15270.0,14060.0,868.0,11.0,470.0
2020-06-27,30658.0,592.0,15370.0,14696.0,753.0,17.0,100.0
2020-06-28,31686.0,604.0,15470.0,15612.0,1028.0,12.0,100.0
2020-06-29,32785.0,620.0,15595.0,16570.0,1099.0,16.0,125.0
2020-06-30,33550.0,631.0,15745.0,17174.0,765.0,11.0,150.0
2020-07-01,34463.0,645.0,15945.0,17873.0,913.0,14.0,200.0
2020-07-02,35237.0,667.0,16445.0,18125.0,774.0,22.0,500.0
2020-07-03,35995.0,698.0,16945.0,18352.0,758.0,31.0,500.0
2020-07-04,36983.0,720.0,17761.0,18502.0,988.0,22.0,816.0
2020-07-05,38149.0,747.0,17986.0,19416.0,1166.0,27.0,225.0
2020-07-06,39334.0,770.0,18036.0,20528.0,1185.0,23.0,50.0
2020-07-07,40291.0,799.0,18726.0,20766.0,957.0,29.0,690.0
2020-07-08,41251.0,819.0,19469.0,20963.0,960.0,20.0,743.0
2020-07-09,42216.0,839.0,20437.0,20940.0,965.0,20.0,968.0
2020-07-10,43257.0,863.0,21426.0,20968.0,1041.0,24.0,989.0
2020-07-11,44332.0,893.0,22170.0,21269.0,1075.0,30.0,744.0
2020-07-12,45633.0,909.0,23039.0,21685.0,1301.0,16.0,869.0
2020-07-13,47173.0,932.0,23919.0,22322.0,1540.0,23.0,880.0
2020-07-14,48096.0,960.0,24667.0,22469.0,923.0,28.0,748.0
2020-07-15,49243.0,982.0,25417.0,22844.0,1147.0,22.0,750.0
2020-07-16,50373.0,1000.0,25842.0,23531.0,1130.0,18.0,425.0
2020-07-17,51408.0,1038.0,26520.0,23850.0,1035.0,38.0,678.0
2020-07-18,52261.0,1071.0,27494.0,23696.0,853.0,33.0,974.0
2020-07-19,53468.0,1096.0,28482.0,23890.0,1207.0,25.0,988.0
2020-07-20,54426.0,1127.0,29164.0,24135.0,958.0,31.0,682.0
2020-07-21,55153.0,1159.0,30075.0,23919.0,727.0,32.0,911.0
2020-07-22,55906.0,1180.0,31122.0,23604.0,753.0,21.0,1047.0
2020-07-23,56817.0,1209.0,31828.0,23780.0,911.0,29.0,706.0
2020-07-24,57993.0,1250.0,32704.0,24039.0,1176.0,41.0,876.0
2020-07-25,58864.0,1275.0,33428.0,24161.0,871.0,25.0,724.0
2020-07-26,60296.0,1294.0,34131.0,24871.0,1432.0,19.0,703.0
2020-07-27,61442.0,1322.0,35086.0,25034.0,1146.0,28.0,955.0
2020-07-28,62223.0,1349.0,36181.0,24693.0,781.0,27.0,1095.0
2020-07-29,63269.0,1374.0,37316.0,24579.0,1046.0,25.0,1135.0
2020-07-30,64191.0,1397.0,38218.0,24576.0,922.0,23.0,902.0
2020-07-31,65256.0,1421.0,39166.0,24669.0,1065.0,24.0,948.0
2020-08-01,66383.0,1449.0,40081.0,24853.0,1127.0,28.0,915.0
2020-08-02,67453.0,1471.0,41038.0,24944.0,1070.0,22.0,957.0
2020-08-03,68456.0,1497.0,42093.0,24866.0,1003.0,26.0,1055.0
2020-08-04,69424.0,1522.0,43330.0,24572.0,968.0,25.0,1237.0
2020-08-05,70231.0,1553.0,44792.0,23886.0,807.0,31.0,1462.0
2020-08-06,71418.0,1574.0,45658.0,24186.0,1187.0,21.0,866.0
2020-08-07,72560.0,1591.0,46675.0,24294.0,1142.0,17.0,1017.0
2020-08-08,73651.0,1609.0,47484.0,24558.0,1091.0,18.0,809.0
2020-08-09,74492.0,1639.0,48748.0,24105.0,841.0,30.0,1264.0
2020-08-10,75394.0,1664.0,49510.0,24220.0,902.0,25.0,762.0
2020-08-11,76464.0,1680.0,50665.0,24119.0,1070.0,16.0,1155.0
2020-08-12,77377.0,1703.0,51597.0,24077.0,913.0,23.0,932.0
2020-08-13,78446.0,1722.0,52210.0,24514.0,1069.0,19.0,613.0
2020-08-14,79402.0,1734.0,52886.0,24782.0,956.0,12.0,676.0
2020-08-15,80665.0,1746.0,53857.0,25062.0,1263.0,12.0,971.0
2020-08-16,81940.0,1767.0,55001.0,25172.0,1275.0,21.0,1144.0
2020-08-17,82543.0,1788.0,55845.0,24910.0,603.0,21.0,844.0
2020-08-18,82790.0,1809.0,57191.0,23790.0,247.0,21.0,1346.0
2020-08-19,83754.0,1827.0,58274.0,23653.0,964.0,18.0,1083.0
2020-08-20,83855.0,1844.0,59174.0,22837.0,101.0,17.0,900.0
2020-08-21,84392.0,1859.0,59722.0,22811.0,537.0,15.0,548.0
2020-08-22,85480.0,1878.0,60528.0,23074.0,1088.0,19.0,806.0
2020-08-23,86900.0,1892.0,61420.0,23588.0,1420.0,14.0,892.0
2020-08-24,87485.0,1906.0,62185.0,23394.0,585.0,14.0,765.0
2020-08-25,88381.0,1919.0,62759.0,23703.0,896.0,13.0,574.0
2020-08-26,89082.0,1932.0,63595.0,23555.0,701.0,13.0,836.0
2020-08-27,89982.0,1948.0,63996.0,24038.0,900.0,16.0,401.0
2020-08-28,90624.0,1966.0,64602.0,24056.0,642.0,18.0,606.0
2020-08-29,91337.0,1983.0,65119.0,24235.0,713.0,17.0,517.0
2020-08-30,92065.0,1995.0,65747.0,24323.0,728.0,12.0,628.0
2020-08-31,92982.0,2002.0,66173.0,24807.0,917.0,7.0,426.0
2020-09-01,93552.0,2018.0,66974.0,24560.0,570.0,16.0,801.0
2020-09-02,94084.0,2030.0,67487.0,24567.0,532.0,12.0,513.0
2020-09-03,94914.0,2046.0,68198.0,24670.0,830.0,16.0,711.0
2020-09-04,95596.0,2063.0,68742.0,24791.0,682.0,17.0,544.0
2020-09-05,96305.0,2075.0,69223.0,25007.0,709.0,12.0,481.0
2020-09-06,97043.0,2086.0,69661.0,25296.0,738.0,11.0,438.0
2020-09-07,97578.0,2099.0,70247.0,25232.0,535.0,13.0,586.0
2020-09-08,98407.0,2107.0,70751.0,25549.0,829.0,8.0,504.0
2020-09-09,99042.0,2116.0,71419.0,25507.0,635.0,9.0,668.0
2020-09-10,99715.0,2127.0,72203.0,25385.0,673.0,11.0,784.0
2020-09-11,100330.0,2140.0,72858.0,25332.0,615.0,13.0,655.0
2020-09-12,101041.0,2155.0,73476.0,25410.0,711.0,15.0,618.0
2020-09-13,101745.0,2166.0,74107.0,25472.0,704.0,11.0,631.0
2020-09-14,102204.0,2173.0,74782.0,25249.0,459.0,7.0,675.0
2020-09-15,102832.0,2187.0,75592.0,25053.0,628.0,14.0,810.0
2020-09-16,103466.0,2198.0,76787.0,24481.0,634.0,11.0,1195.0
2020-09-17,104138.0,2213.0,77881.0,24044.0,672.0,15.0,1094.0
2020-09-18,104879.0,2229.0,79093.0,23557.0,741.0,16.0,1212.0
2020-09-19,105601.0,2247.0,80190.0,23164.0,722.0,18.0,1097.0
2020-09-20,106203.0,2257.0,81365.0,22581.0,602.0,10.0,1175.0
2020-09-21,106810.0,2272.0,82320.0,22218.0,607.0,15.0,955.0
2020-09-22,107284.0,2285.0,83318.0,21681.0,474.0,13.0,998.0
2020-09-23,107990.0,2291.0,84437.0,21262.0,706.0,6.0,1119.0
2020-09-24,108726.0,2297.0,85494.0,20935.0,736.0,6.0,1057.0
2020-09-25,109431.0,2311.0,86158.0,20962.0,705.0,14.0,664.0
2020-09-26,110108.0,2323.0,86796.0,20989.0,677.0,12.0,638.0
2020-09-27,110555.0,2340.0,87215.0,21000.0,447.0,17.0,419.0
2020-09-28,111277.0,2348.0,87695.0,21234.0,722.0,8.0,480.0
2020-09-29,111853.0,2364.0,88202.0,21287.0,576.0,16.0,507.0
2020-09-30,112595.0,2372.0,89061.0,21162.0,742.0,8.0,859.0
2020-10-01,113342.0,2387.0,89903.0,21052.0,747.0,15.0,842.0
2020-10-02,113962.0,2406.0,90772.0,20784.0,620.0,19.0,869.0
2020-10-03,114653.0,2414.0,91195.0,21044.0,691.0,8.0,423.0
2020-10-04,115286.0,2423.0,91809.0,21054.0,633.0,9.0,614.0
2020-10-05,115919.0,2430.0,92423.0,21066.0,633.0,7.0,614.0
2020-10-06,116602.0,2440.0,92950.0,21212.0,683.0,10.0,527.0
2020-10-07,117300.0,2448.0,93610.0,21242.0,698.0,8.0,660.0
2020-10-08,118054.0,2463.0,94391.0,21200.0,754.0,15.0,781.0
2020-10-09,118841.0,2474.0,94962.0,21405.0,787.0,11.0,571.0
2020-10-10,119666.0,2482.0,95552.0,21632.0,825.0,8.0,590.0
2020-10-11,120313.0,2491.0,96164.0,21658.0,647.0,9.0,612.0
2020-10-12,120802.0,2502.0,96675.0,21625.0,489.0,11.0,511.0
2020-10-13,121296.0,2511.0,97297.0,21488.0,494.0,9.0,622.0
2020-10-14,122128.0,2519.0,97919.0,21690.0,832.0,8.0,622.0
2020-10-15,122883.0,2529.0,98671.0,21683.0,755.0,10.0,752.0
2020-10-16,123498.0,2546.0,99286.0,21666.0,615.0,17.0,615.0
2020-10-17,124107.0,2557.0,100348.0,21202.0,609.0,11.0,1062.0
2020-10-18,124745.0,2564.0,101041.0,21140.0,638.0,7.0,693.0
2020-10-19,125181.0,2574.0,101545.0,21062.0,436.0,10.0,504.0
2020-10-20,125739.0,2585.0,102028.0,21126.0,558.0,11.0,483.0
2020-10-21,126435.0,2597.0,102725.0,21113.0,696.0,12.0,697.0
2020-10-22,127227.0,2612.0,103398.0,21217.0,792.0,15.0,673.0
2020-10-23,127866.0,2622.0,103985.0,21259.0,639.0,10.0,587.0
2020-10-24,128515.0,2628.0,104562.0,21325.0,649.0,6.0,577.0
2020-10-25,129200.0,2633.0,105231.0,21336.0,685.0,5.0,669.0
2020-10-26,129751.0,2638.0,105710.0,21403.0,551.0,5.0,479.0
2020-10-27,130422.0,2650.0,106440.0,21332.0,671.0,12.0,730.0
2020-10-28,131247.0,2663.0,107391.0,21193.0,825.0,13.0,951.0
2020-10-29,132045.0,2678.0,108342.0,21025.0,798.0,15.0,951.0
