date,confirmed,deaths,recovered,active,new_confirmed,new_deaths,new_recovered
2020-03-08,1.0,0.0,0.0,1.0,,,
2020-03-09,1.0,0.0,0.0,1.0,0.0,0.0,0.0
2020-03-10,1.0,0.0,0.0,1.0,0.0,0.0,0.0
2020-03-11,5.0,0.0,0.0,5.0,4.0,0.0,0.0
2020-03-12,5.0,0.0,0.0,5.0,0.0,0.0,0.0
2020-03-13,6.0,0.0,0.0,6.0,1.0,0.0,0.0
2020-03-14,6.0,0.0,0.0,6.0,0.0,0.0,0.0
2020-03-15,6.0,0.0,0.0,6.0,0.0,0.0,0.0
2020-03-16,8.0,0.0,0.0,8.0,2.0,0.0,0.0
2020-03-17,9.0,0.0,0.0,9.0,1.0,0.0,0.0
2020-03-18,11.0,0.0,0.0,11.0,2.0,0.0,0.0
2020-03-19,11.0,0.0,0.0,11.0,0.0,0.0,0.0
2020-03-20,13.0,0.0,0.0,13.0,2.0,0.0,0.0
2020-03-21,18.0,1.0,0.0,17.0,5.0,1.0,0.0
2020-03-22,22.0,1.0,0.0,21.0,4.0,0.0,0.0
2020-03-23,22.0,1.0,0.0,21.0,0.0,0.0,0.0
2020-03-24,27.0,2.0,0.0,25.0,5.0,1.0,0.0
2020-03-25,37.0,3.0,0.0,34.0,10.0,1.0,0.0
2020-03-26,41.0,3.0,0.0,38.0,4.0,0.0,0.0
2020-03-27,52.0,3.0,1.0,48.0,11.0,0.0,1.0
2020-03-28,56.0,3.0,1.0,52.0,4.0,0.0,0.0
2020-03-29,59.0,3.0,1.0,55.0,3.0,0.0,0.0
2020-03-30,64.0,3.0,1.0,60.0,5.0,0.0,0.0
2020-03-31,65.0,3.0,1.0,61.0,1.0,0.0,0.0
2020-04-01,69.0,3.0,1.0,65.0,4.0,0.0,0.0
2020-04-02,77.0,3.0,2.0,72.0,8.0,0.0,1.0
2020-04-03,92.0,3.0,6.0,83.0,15.0,0.0,4.0
2020-04-04,96.0,3.0,12.0,81.0,4.0,0.0,6.0
2020-04-05,104.0,3.0,12.0,89.0,8.0,0.0,0.0
2020-04-06,113.0,5.0,12.0,96.0,9.0,2.0,0.0
2020-04-07,115.0,5.0,15.0,95.0,2.0,0.0,3.0
2020-04-08,119.0,5.0,15.0,99.0,4.0,0.0,0.0
2020-04-09,124.0,5.0,18.0,101.0,5.0,0.0,3.0
2020-04-10,129.0,6.0,18.0,105.0,5.0,1.0,0.0
2020-04-11,133.0,6.0,18.0,109.0,4.0,0.0,0.0
2020-04-12,134.0,6.0,22.0,106.0,1.0,0.0,4.0
2020-04-13,147.0,6.0,22.0,119.0,13.0,0.0,0.0
2020-04-14,159.0,7.0,22.0,130.0,12.0,1.0,0.0
2020-04-15,161.0,8.0,23.0,130.0,2.0,1.0,1.0
2020-04-16,174.0,8.0,30.0,136.0,13.0,0.0,7.0
2020-04-17,199.0,8.0,30.0,161.0,25.0,0.0,0.0
2020-04-18,202.0,8.0,35.0,159.0,3.0,0.0,5.0
2020-04-19,206.0,8.0,41.0,157.0,4.0,0.0,6.0
2020-04-20,208.0,8.0,46.0,154.0,2.0,0.0,5.0
2020-04-21,208.0,8.0,53.0,147.0,0.0,0.0,7.0
2020-04-22,213.0,9.0,62.0,142.0,5.0,1.0,9.0
2020-04-23,213.0,9.0,67.0,137.0,0.0,0.0,5.0
2020-04-24,223.0,9.0,78.0,136.0,10.0,0.0,11.0
2020-04-25,228.0,9.0,85.0,134.0,5.0,0.0,7.0
2020-04-26,228.0,9.0,85.0,134.0,0.0,0.0,0.0
2020-04-27,228.0,9.0,93.0,126.0,0.0,0.0,8.0
2020-04-28,239.0,9.0,102.0,128.0,11.0,0.0,9.0
2020-04-29,239.0,9.0,102.0,128.0,0.0,0.0,0.0
2020-04-30,266.0,10.0,113.0,143.0,27.0,1.0,11.0
2020-05-01,333.0,10.0,115.0,208.0,67.0,0.0,2.0
2020-05-02,370.0,10.0,119.0,241.0,37.0,0.0,4.0
2020-05-03,396.0,10.0,126.0,260.0,26.0,0.0,7.0
2020-05-04,415.0,10.0,130.0,275.0,19.0,0.0,4.0
2020-05-05,431.0,10.0,135.0,286.0,16.0,0.0,5.0
2020-05-06,440.0,10.0,142.0,288.0,9.0,0.0,7.0
2020-05-07,462.0,10.0,148.0,304.0,22.0,0.0,6.0
2020-05-08,563.0,10.0,152.0,401.0,101.0,0.0,4.0
2020-05-09,689.0,10.0,155.0,524.0,126.0,0.0,3.0
2020-05-10,713.0,10.0,165.0,538.0,24.0,0.0,10.0
2020-05-11,724.0,10.0,170.0,544.0,11.0,0.0,5.0
2020-05-12,737.0,10.0,173.0,554.0,13.0,0.0,3.0
2020-05-13,740.0,11.0,182.0,547.0,3.0,1.0,9.0
2020-05-14,754.0,11.0,184.0,559.0,14.0,0.0,2.0
2020-05-15,759.0,11.0,193.0,555.0,5.0,0.0,9.0
2020-05-16,778.0,11.0,198.0,569.0,19.0,0.0,5.0
2020-05-17,786.0,11.0,202.0,573.0,8.0,0.0,4.0
2020-05-18,788.0,11.0,219.0,558.0,2.0,0.0,17.0
2020-05-19,829.0,11.0,230.0,588.0,41.0,0.0,11.0
2020-05-20,833.0,11.0,242.0,580.0,4.0,0.0,12.0
2020-05-21,836.0,11.0,256.0,569.0,3.0,0.0,14.0
2020-05-22,838.0,11.0,264.0,563.0,2.0,0.0,8.0
2020-05-23,850.0,11.0,298.0,541.0,12.0,0.0,34.0
2020-05-24,862.0,11.0,307.0,544.0,12.0,0.0,9.0
2020-05-25,865.0,11.0,344.0,510.0,3.0,0.0,37.0
2020-05-26,877.0,11.0,382.0,484.0,12.0,0.0,38.0
2020-05-27,884.0,11.0,392.0,481.0,7.0,0.0,10.0
2020-05-28,900.0,11.0,402.0,487.0,16.0,0.0,10.0
2020-05-29,917.0,11.0,413.0,493.0,17.0,0.0,11.0
2020-05-30,964.0,11.0,466.0,487.0,47.0,0.0,53.0
2020-05-31,986.0,11.0,477.0,498.0,22.0,0.0,11.0
2020-06-01,995.0,11.0,488.0,496.0,9.0,0.0,11.0
2020-06-02,1013.0,11.0,498.0,504.0,18.0,0.0,10.0
2020-06-03,1070.0,11.0,511.0,548.0,57.0,0.0,13.0
2020-06-04,1086.0,11.0,511.0,564.0,16.0,0.0,0.0
2020-06-05,1087.0,11.0,516.0,560.0,1.0,0.0,5.0
2020-06-06,1090.0,11.0,532.0,547.0,3.0,0.0,16.0
2020-06-07,1135.0,11.0,575.0,549.0,45.0,0.0,43.0
2020-06-08,1145.0,11.0,603.0,531.0,10.0,0.0,28.0
2020-06-09,1187.0,11.0,604.0,572.0,42.0,0.0,1.0
2020-06-10,1202.0,11.0,619.0,572.0,15.0,0.0,15.0
2020-06-11,1230.0,11.0,624.0,595.0,28.0,0.0,5.0
2020-06-12,1254.0,11.0,633.0,610.0,24.0,0.0,9.0
2020-06-13,1261.0,11.0,647.0,603.0,7.0,0.0,14.0
2020-06-14,1289.0,11.0,650.0,628.0,28.0,0.0,3.0
2020-06-15,1296.0,12.0,673.0,611.0,7.0,1.0,23.0
2020-06-16,1303.0,13.0,699.0,591.0,7.0,1.0,26.0
2020-06-17,1308.0,13.0,711.0,584.0,5.0,0.0,12.0
2020-06-18,1330.0,13.0,717.0,600.0,22.0,0.0,6.0
2020-06-19,1336.0,13.0,741.0,582.0,6.0,0.0,24.0
2020-06-20,1362.0,13.0,791.0,558.0,26.0,0.0,50.0
2020-06-21,1379.0,13.0,871.0,495.0,17.0,0.0,80.0
2020-06-22,1392.0,13.0,903.0,476.0,13.0,0.0,32.0
2020-06-23,1422.0,13.0,926.0,483.0,30.0,0.0,23.0
2020-06-24,1528.0,13.0,944.0,571.0,106.0,0.0,18.0
2020-06-25,1569.0,13.0,976.0,580.0,41.0,0.0,32.0
2020-06-26,1711.0,13.0,1013.0,685.0,142.0,0.0,37.0
2020-06-27,1942.0,15.0,1045.0,882.0,231.0,2.0,32.0
2020-06-28,2127.0,15.0,1065.0,1047.0,185.0,0.0,20.0
2020-06-29,2191.0,16.0,1080.0,1095.0,64.0,1.0,15.0
2020-06-30,2221.0,17.0,1089.0,1115.0,30.0,1.0,9.0
2020-07-01,2260.0,19.0,1102.0,1139.0,39.0,2.0,13.0
2020-07-02,2303.0,19.0,1108.0,1176.0,43.0,0.0,6.0
2020-07-03,2349.0,19.0,1113.0,1217.0,46.0,0.0,5.0
2020-07-04,2385.0,20.0,1134.0,1231.0,36.0,1.0,21.0
2020-07-05,2427.0,20.0,1166.0,1241.0,42.0,0.0,32.0
2020-07-06,2456.0,20.0,1180.0,1256.0,29.0,0.0,14.0
2020-07-07,2502.0,20.0,1193.0,1289.0,46.0,0.0,13.0
2020-07-08,2554.0,20.0,1212.0,1322.0,52.0,0.0,19.0
2020-07-09,2638.0,20.0,1229.0,1389.0,84.0,0.0,17.0
2020-07-10,2736.0,20.0,1256.0,1460.0,98.0,0.0,27.0
2020-07-11,2820.0,21.0,1261.0,1538.0,84.0,1.0,5.0
2020-07-12,2948.0,22.0,1275.0,1651.0,128.0,1.0,14.0
2020-07-13,2980.0,25.0,1293.0,1662.0,32.0,3.0,18.0
2020-07-14,3074.0,25.0,1308.0,1741.0,94.0,0.0,15.0
2020-07-15,3198.0,25.0,1338.0,1835.0,124.0,0.0,30.0
2020-07-16,3342.0,27.0,1379.0,1936.0,144.0,2.0,41.0
2020-07-17,3457.0,28.0,1481.0,1948.0,115.0,1.0,102.0
2020-07-18,3629.0,29.0,1643.0,1957.0,172.0,1.0,162.0
2020-07-19,3721.0,31.0,1918.0,1772.0,92.0,2.0,275.0
2020-07-20,3748.0,33.0,2171.0,1544.0,27.0,2.0,253.0
2020-07-21,3817.0,35.0,2307.0,1475.0,69.0,2.0,136.0
2020-07-22,4000.0,36.0,2391.0,1573.0,183.0,1.0,84.0
2020-07-23,4113.0,36.0,2487.0,1590.0,113.0,0.0,96.0
2020-07-24,4224.0,38.0,2596.0,1590.0,111.0,2.0,109.0
2020-07-25,4328.0,40.0,2679.0,1609.0,104.0,2.0,83.0
2020-07-26,4444.0,41.0,2794.0,1609.0,116.0,1.0,115.0
2020-07-27,4548.0,43.0,2905.0,1600.0,104.0,2.0,111.0
2020-07-28,4674.0,45.0,3039.0,1590.0,126.0,2.0,134.0
2020-07-29,4866.0,46.0,3169.0,1651.0,192.0,1.0,130.0
2020-07-30,5207.0,47.0,3250.0,1910.0,341.0,1.0,81.0
2020-07-31,5338.0,49.0,3548.0,1741.0,131.0,2.0,298.0
2020-08-01,5485.0,52.0,3786.0,1647.0,147.0,3.0,238.0
2020-08-02,5644.0,52.0,3966.0,1626.0,159.0,0.0,180.0
2020-08-03,5724.0,55.0,4249.0,1420.0,80.0,3.0,283.0
2020-08-04,5852.0,59.0,4645.0,1148.0,128.0,4.0,396.0
2020-08-05,6060.0,61.0,4839.0,1160.0,208.0,2.0,194.0
2020-08-06,6375.0,66.0,4974.0,1335.0,315.0,5.0,135.0
2020-08-07,6508.0,69.0,5123.0,1316.0,133.0,3.0,149.0
2020-08-08,6705.0,72.0,5181.0,1452.0,197.0,3.0,58.0
2020-08-09,6907.0,75.0,5222.0,1610.0,202.0,3.0,41.0
2020-08-10,7234.0,82.0,5276.0,1876.0,327.0,7.0,54.0
2020-08-11,7519.0,86.0,5326.0,2107.0,285.0,4.0,50.0
2020-08-12,8018.0,93.0,5384.0,2541.0,499.0,7.0,58.0
2020-08-13,8389.0,97.0,5516.0,2776.0,371.0,4.0,132.0
2020-08-14,9022.0,108.0,5657.0,3257.0,633.0,11.0,141.0
2020-08-15,9381.0,127.0,5841.0,3413.0,359.0,19.0,184.0
2020-08-16,9791.0,138.0,6034.0,3619.0,410.0,11.0,193.0
2020-08-17,10135.0,145.0,6210.0,3780.0,344.0,7.0,176.0
2020-08-18,10606.0,161.0,6402.0,4043.0,471.0,16.0,192.0
2020-08-19,11133.0,165.0,6582.0,4386.0,527.0,4.0,180.0
2020-08-20,11817.0,170.0,6783.0,4864.0,684.0,5.0,201.0
2020-08-21,12536.0,182.0,7007.0,5347.0,719.0,12.0,224.0
2020-08-22,12974.0,192.0,7197.0,5585.0,438.0,10.0,190.0
2020-08-23,13233.0,205.0,7417.0,5611.0,259.0,13.0,220.0
2020-08-24,13602.0,219.0,7649.0,5734.0,369.0,14.0,232.0
2020-08-25,14228.0,231.0,7883.0,6114.0,626.0,12.0,234.0
2020-08-26,14872.0,247.0,8134.0,6491.0,644.0,16.0,251.0
2020-08-27,15290.0,265.0,8348.0,6677.0,418.0,18.0,214.0
2020-08-28,15873.0,280.0,8595.0,6998.0,583.0,15.0,247.0
2020-08-29,16474.0,294.0,8854.0,7326.0,601.0,14.0,259.0
2020-08-30,17105.0,308.0,9146.0,7651.0,631.0,14.0,292.0
2020-08-31,17662.0,326.0,9421.0,7915.0,557.0,18.0,275.0
2020-09-01,18338.0,348.0,9721.0,8269.0,676.0,22.0,300.0
2020-09-02,19138.0,358.0,9981.0,8799.0,800.0,10.0,260.0
2020-09-03,19959.0,373.0,10251.0,9335.0,821.0,15.0,270.0
2020-09-04,20654.0,398.0,10523.0,9733.0,695.0,25.0,272.0
2020-09-05,21871.0,412.0,10810.0,10649.0,1217.0,14.0,287.0
2020-09-06,22486.0,435.0,11133.0,10918.0,615.0,23.0,323.0
2020-09-07,23353.0,449.0,11524.0,11380.0,867.0,14.0,391.0
2020-09-08,24214.0,463.0,11920.0,11831.0,861.0,14.0,396.0
2020-09-09,25026.0,474.0,12309.0,12243.0,812.0,11.0,389.0
2020-09-10,25631.0,485.0,12729.0,12417.0,605.0,11.0,420.0
2020-09-11,26512.0,496.0,13181.0,12835.0,881.0,11.0,452.0
2020-09-12,27324.0,514.0,13679.0,13131.0,812.0,18.0,498.0
2020-09-13,27817.0,525.0,14288.0,13004.0,493.0,11.0,609.0
2020-09-14,28367.0,539.0,14814.0,13014.0,550.0,14.0,526.0
2020-09-15,29298.0,552.0,15261.0,13485.0,931.0,13.0,447.0
2020-09-16,30419.0,566.0,15740.0,14113.0,1121.0,14.0,479.0
2020-09-17,31113.0,584.0,16313.0,14216.0,694.0,18.0,573.0
2020-09-18,32127.0,611.0,16921.0,14595.0,1014.0,27.0,608.0
2020-09-19,33015.0,636.0,17535.0,14844.0,888.0,25.0,614.0
2020-09-20,33520.0,659.0,18117.0,14744.0,505.0,23.0,582.0
2020-09-21,34260.0,676.0,18629.0,14955.0,740.0,17.0,512.0
2020-09-22,34828.0,705.0,19257.0,14866.0,568.0,29.0,628.0
2020-09-23,35571.0,727.0,19867.0,14977.0,743.0,22.0,610.0
2020-09-24,36404.0,743.0,20502.0,15159.0,833.0,16.0,635.0
2020-09-25,37226.0,761.0,21117.0,15348.0,822.0,18.0,615.0
2020-09-26,37922.0,782.0,21757.0,15383.0,696.0,21.0,640.0
2020-09-27,38684.0,803.0,22419.0,15462.0,762.0,21.0,662.0
2020-09-28,39432.0,818.0,23063.0,15551.0,748.0,15.0,644.0
2020-09-29,40101.0,841.0,23748.0,15512.0,669.0,23.0,685.0
2020-09-30,40758.0,857.0,24449.0,15452.0,657.0,16.0,701.0
2020-10-01,41799.0,869.0,25167.0,15763.0,1041.0,12.0,718.0
2020-10-02,42684.0,890.0,25803.0,15991.0,885.0,21.0,636.0
2020-10-03,43452.0,913.0,26512.0,16027.0,768.0,23.0,709.0
2020-10-04,44182.0,929.0,27203.0,16050.0,730.0,16.0,691.0
2020-10-05,44715.0,947.0,27887.0,15881.0,533.0,18.0,684.0
2020-10-06,45647.0,966.0,28546.0,16135.0,932.0,19.0,659.0
2020-10-07,46435.0,989.0,29270.0,16176.0,788.0,23.0,724.0
2020-10-08,47316.0,1012.0,29976.0,16328.0,881.0,23.0,706.0
2020-10-09,48275.0,1045.0,30643.0,16587.0,959.0,33.0,667.0
2020-10-10,48978.0,1065.0,31351.0,16562.0,703.0,20.0,708.0
2020-10-11,49675.0,1077.0,32090.0,16508.0,697.0,12.0,739.0
2020-10-12,50344.0,1096.0,32751.0,16497.0,669.0,19.0,661.0
2020-10-13,51197.0,1108.0,33325.0,16764.0,853.0,12.0,574.0
2020-10-14,51845.0,1131.0,33921.0,16793.0,648.0,23.0,596.0
2020-10-15,52596.0,1150.0,34427.0,17019.0,751.0,19.0,506.0
2020-10-16,53482.0,1165.0,34927.0,17390.0,886.0,15.0,500.0
2020-10-17,54015.0,1179.0,35524.0,17312.0,533.0,14.0,597.0
2020-10-18,54724.0,1188.0,36068.0,17468.0,709.0,9.0,544.0
2020-10-19,55452.0,1207.0,36663.0,17582.0,728.0,19.0,595.0
2020-10-20,56073.0,1231.0,37167.0,17675.0,621.0,24.0,504.0
2020-10-21,56819.0,1250.0,37673.0,17896.0,746.0,19.0,506.0
2020-10-22,57526.0,1262.0,38187.0,18077.0,707.0,12.0,514.0
2020-10-23,58259.0,1278.0,38797.0,18184.0,733.0,16.0,610.0
2020-10-24,59043.0,1293.0,39214.0,18536.0,784.0,15.0,417.0
2020-10-25,59594.0,1309.0,39735.0,18550.0,551.0,16.0,521.0
2020-10-26,60109.0,1333.0,40247.0,18529.0,515.0,24.0,512.0
2020-10-27,60557.0,1347.0,40748.0,18462.0,448.0,14.0,501.0
2020-10-28,61290.0,1359.0,41288.0,18643.0,733.0,12.0,540.0
2020-10-29,62050.0,1373.0,41800.0,18877.0,760.0,14.0,512.0
2020-10-30,62596.0,1387.0,42337.0,18872.0,546.0,14.0,537.0
2020-10-31,63185.0,1404.0,42900.0,18881.0,589.0,17.0,563.0
2020-11-01,63731.0,1418.0,43403.0,18910.0,546.0,14.0,503.0
2020-11-02,64156.0,1429.0,44006.0,18721.0,425.0,11.0,603.0
2020-11-03,64628.0,1441.0,44523.0,18664.0,472.0,12.0,517.0
2020-11-04,65258.0,1454.0,45123.0,18681.0,630.0,13.0,600.0
2020-11-05,65778.0,1462.0,45794.0,18522.0,520.0,8.0,671.0
2020-11-06,66481.0,1472.0,46466.0,18543.0,703.0,10.0,672.0
2020-11-07,66941.0,1479.0,47154.0,18308.0,460.0,7.0,688.0
