date,confirmed,deaths,recovered,active,new_confirmed,new_deaths,new_recovered
2020-03-06,1.0,0.0,0.0,1.0,,,
2020-03-07,1.0,0.0,0.0,1.0,0.0,0.0,0.0
2020-03-08,6.0,0.0,0.0,6.0,5.0,0.0,0.0
2020-03-09,7.0,0.0,0.0,7.0,1.0,0.0,0.0
2020-03-10,11.0,0.0,0.0,11.0,4.0,0.0,0.0
2020-03-11,11.0,0.0,0.0,11.0,0.0,0.0,0.0
2020-03-12,15.0,0.0,0.0,15.0,4.0,0.0,0.0
2020-03-13,28.0,0.0,0.0,28.0,13.0,0.0,0.0
2020-03-14,38.0,0.0,0.0,38.0,10.0,0.0,0.0
2020-03-15,43.0,0.0,0.0,43.0,5.0,0.0,0.0
2020-03-16,86.0,0.0,0.0,86.0,43.0,0.0,0.0
2020-03-17,117.0,0.0,1.0,116.0,31.0,0.0,1.0
2020-03-18,145.0,0.0,1.0,144.0,28.0,0.0,0.0
2020-03-19,234.0,0.0,1.0,233.0,89.0,0.0,0.0
2020-03-20,234.0,3.0,1.0,230.0,0.0,3.0,0.0
2020-03-21,318.0,5.0,1.0,312.0,84.0,2.0,0.0
2020-03-22,363.0,5.0,1.0,357.0,45.0,0.0,0.0
2020-03-23,395.0,5.0,1.0,389.0,32.0,0.0,0.0
2020-03-24,416.0,7.0,1.0,408.0,21.0,2.0,0.0
2020-03-25,480.0,9.0,1.0,470.0,64.0,2.0,0.0
2020-03-26,580.0,9.0,14.0,557.0,100.0,0.0,13.0
2020-03-27,635.0,11.0,16.0,608.0,55.0,2.0,2.0
2020-03-28,671.0,16.0,16.0,639.0,36.0,5.0,0.0
2020-03-29,852.0,18.0,16.0,818.0,181.0,2.0,0.0
2020-03-30,950.0,24.0,53.0,873.0,98.0,6.0,37.0
2020-03-31,1065.0,30.0,394.0,641.0,115.0,6.0,341.0
2020-04-01,1323.0,38.0,394.0,891.0,258.0,8.0,0.0
2020-04-02,1414.0,55.0,537.0,822.0,91.0,17.0,143.0
2020-04-03,1595.0,61.0,537.0,997.0,181.0,6.0,0.0
2020-04-04,1746.0,73.0,914.0,759.0,151.0,12.0,377.0
2020-04-05,2281.0,83.0,989.0,1209.0,535.0,10.0,75.0
2020-04-06,2561.0,92.0,997.0,1472.0,280.0,9.0,8.0
2020-04-07,2954.0,107.0,1301.0,1546.0,393.0,15.0,304.0
2020-04-08,4342.0,121.0,1333.0,2888.0,1388.0,14.0,32.0
2020-04-09,5256.0,138.0,1438.0,3680.0,914.0,17.0,105.0
2020-04-10,5897.0,169.0,1569.0,4159.0,641.0,31.0,131.0
2020-04-11,6848.0,181.0,1739.0,4928.0,951.0,12.0,170.0
2020-04-12,7519.0,193.0,1798.0,5528.0,671.0,12.0,59.0
2020-04-13,9784.0,216.0,2642.0,6926.0,2265.0,23.0,844.0
2020-04-14,10303.0,230.0,2869.0,7204.0,519.0,14.0,227.0
2020-04-15,11475.0,254.0,3108.0,8113.0,1172.0,24.0,239.0
2020-04-16,12491.0,274.0,6120.0,6097.0,1016.0,20.0,3012.0
2020-04-17,13489.0,300.0,6541.0,6648.0,998.0,26.0,421.0
2020-04-18,14420.0,348.0,6684.0,7388.0,931.0,48.0,143.0
2020-04-19,15628.0,400.0,6811.0,8417.0,1208.0,52.0,127.0
2020-04-20,16325.0,445.0,6968.0,8912.0,697.0,45.0,157.0
2020-04-21,17837.0,484.0,6982.0,10371.0,1512.0,39.0,14.0
2020-04-22,19250.0,530.0,7027.0,11693.0,1413.0,46.0,45.0
2020-04-23,20914.0,572.0,7422.0,12920.0,1664.0,42.0,395.0
2020-04-24,21648.0,634.0,7496.0,13518.0,734.0,62.0,74.0
2020-04-25,25331.0,700.0,7797.0,16834.0,3683.0,66.0,301.0
2020-04-26,27517.0,728.0,8088.0,18701.0,2186.0,28.0,291.0
2020-04-27,28699.0,782.0,8425.0,19492.0,1182.0,54.0,337.0
2020-04-28,31190.0,854.0,9179.0,21157.0,2491.0,72.0,754.0
2020-04-29,33931.0,943.0,10037.0,22951.0,2741.0,89.0,858.0
2020-04-30,36976.0,1051.0,10405.0,25520.0,3045.0,108.0,368.0
2020-05-01,40459.0,1124.0,11129.0,28206.0,3483.0,73.0,724.0
2020-05-02,42534.0,1200.0,12434.0,28900.0,2075.0,76.0,1305.0
2020-05-03,45928.0,1286.0,13550.0,31092.0,3394.0,86.0,1116.0
2020-05-04,47372.0,1344.0,14427.0,31601.0,1444.0,58.0,877.0
2020-05-05,51189.0,1444.0,15413.0,34332.0,3817.0,100.0,986.0
2020-05-06,54817.0,1533.0,17527.0,35757.0,3628.0,89.0,2114.0
2020-05-07,58526.0,1627.0,18388.0,38511.0,3709.0,94.0,861.0
2020-05-08,61847.0,1714.0,19012.0,41121.0,3321.0,87.0,624.0
2020-05-09,65015.0,1814.0,20246.0,42955.0,3168.0,100.0,1234.0
2020-05-10,67307.0,1889.0,21349.0,44069.0,2292.0,75.0,1103.0
2020-05-11,68822.0,1961.0,22406.0,44455.0,1515.0,72.0,1057.0
2020-05-12,72059.0,2057.0,23324.0,46678.0,3237.0,96.0,918.0
2020-05-13,76306.0,2169.0,24324.0,49813.0,4247.0,112.0,1000.0
2020-05-14,80604.0,2267.0,25151.0,53186.0,4298.0,98.0,827.0
2020-05-15,84495.0,2392.0,27147.0,54956.0,3891.0,125.0,1996.0
2020-05-16,88541.0,2523.0,28272.0,57746.0,4046.0,131.0,1125.0
2020-05-17,92273.0,2648.0,28621.0,61004.0,3732.0,125.0,349.0
2020-05-18,94933.0,2789.0,30306.0,61838.0,2660.0,141.0,1685.0
2020-05-19,99483.0,2914.0,36524.0,60045.0,4550.0,125.0,6218.0
2020-05-20,104020.0,3024.0,41968.0,59028.0,4537.0,110.0,5444.0
2020-05-21,108769.0,3148.0,43587.0,62034.0,4749.0,124.0,1619.0
2020-05-22,111698.0,3244.0,44848.0,63606.0,2929.0,96.0,1261.0
2020-05-23,115754.0,3373.0,47915.0,64466.0,4056.0,129.0,3067.0
2020-05-24,119959.0,3456.0,49795.0,66708.0,4205.0,83.0,1880.0
2020-05-25,123979.0,3629.0,50949.0,69401.0,4020.0,173.0,1154.0
2020-05-26,129751.0,3788.0,52906.0,73057.0,5772.0,159.0,1957.0
2020-05-27,135905.0,3983.0,56169.0,75753.0,6154.0,195.0,3263.0
2020-05-28,141779.0,4099.0,59442.0,78238.0,5874.0,116.0,3273.0
2020-05-29,141779.0,4099.0,62791.0,74889.0,0.0,0.0,3349.0
2020-05-30,155671.0,4371.0,66447.0,84853.0,13892.0,272.0,3656.0
2020-05-31,164476.0,4506.0,67208.0,92762.0,8805.0,135.0,761.0
2020-06-01,170039.0,4634.0,68507.0,96898.0,5563.0,128.0,1299.0
2020-06-02,178165.0,4767.0,69257.0,104141.0,8126.0,133.0,750.0
2020-06-03,178914.0,4894.0,72319.0,101701.0,749.0,127.0,3062.0
2020-06-04,183198.0,5031.0,76228.0,101939.0,4284.0,137.0,3909.0
2020-06-05,187400.0,5162.0,79214.0,103024.0,4202.0,131.0,2986.0
2020-06-06,191758.0,5301.0,82731.0,103726.0,4358.0,139.0,3517.0
2020-06-07,196515.0,5465.0,86219.0,104831.0,4757.0,164.0,3488.0
2020-06-08,199696.0,5571.0,89556.0,104569.0,3181.0,106.0,3337.0
2020-06-09,203736.0,5738.0,92929.0,105069.0,4040.0,167.0,3373.0
2020-06-10,208823.0,5903.0,98031.0,104889.0,5087.0,165.0,5102.0
2020-06-11,214788.0,6088.0,102429.0,106271.0,5965.0,185.0,4398.0
2020-06-12,214788.0,6088.0,107133.0,101567.0,0.0,0.0,4704.0
2020-06-13,220749.0,6308.0,111724.0,102717.0,5961.0,220.0,4591.0
2020-06-14,229736.0,6688.0,115579.0,107469.0,8987.0,380.0,3855.0
2020-06-15,232992.0,6860.0,119409.0,106723.0,3256.0,172.0,3830.0
2020-06-16,237156.0,7056.0,125205.0,104895.0,4164.0,196.0,5796.0
2020-06-17,240908.0,7257.0,128622.0,105029.0,3752.0,201.0,3417.0
2020-06-18,244388.0,7461.0,131190.0,105737.0,3480.0,204.0,2568.0
2020-06-19,247925.0,7660.0,131190.0,109075.0,3537.0,199.0,0.0
2020-06-20,251338.0,7861.0,143017.0,100460.0,3413.0,201.0,11827.0
2020-06-21,251338.0,7861.0,141967.0,101510.0,0.0,0.0,-1050.0
2020-06-22,257447.0,8223.0,145320.0,103904.0,6109.0,362.0,3353.0
2020-06-23,260810.0,8404.0,148437.0,103969.0,3363.0,181.0,3117.0
2020-06-24,264689.0,8586.0,151589.0,104514.0,3879.0,182.0,3152.0
2020-06-25,268602.0,8761.0,151225.0,108616.0,3913.0,175.0,-364.0
2020-06-26,272364.0,8939.0,159806.0,103619.0,3762.0,178.0,8581.0
2020-06-27,275989.0,9135.0,164024.0,102830.0,3625.0,196.0,4218.0
2020-06-28,279419.0,9317.0,167998.0,102104.0,3430.0,182.0,3974.0
2020-06-29,282365.0,9504.0,171159.0,101702.0,2946.0,187.0,3161.0
2020-06-30,285213.0,9677.0,174535.0,101001.0,2848.0,173.0,3376.0
2020-07-01,288477.0,9860.0,178245.0,100372.0,3264.0,183.0,3710.0
2020-07-02,292004.0,10045.0,182097.0,99862.0,3527.0,185.0,3852.0
2020-07-03,295599.0,10226.0,185852.0,99521.0,3595.0,181.0,3755.0
2020-07-04,299080.0,10412.0,189621.0,99047.0,3481.0,186.0,3769.0
2020-07-05,302718.0,10589.0,193957.0,98172.0,3638.0,177.0,4336.0
2020-07-06,305703.0,10772.0,197619.0,97312.0,2985.0,183.0,3662.0
2020-07-07,309278.0,10952.0,200938.0,97388.0,3575.0,180.0,3319.0
2020-07-08,312911.0,11133.0,204748.0,97030.0,3633.0,181.0,3810.0
2020-07-09,316448.0,11314.0,207802.0,97332.0,3537.0,181.0,3054.0
2020-07-10,319646.0,11500.0,210638.0,97508.0,3198.0,186.0,2836.0
2020-07-11,322710.0,11682.0,214152.0,96876.0,3064.0,182.0,3514.0
2020-07-12,326326.0,11870.0,217111.0,97345.0,3616.0,188.0,2959.0
2020-07-13,330123.0,12054.0,221008.0,97061.0,3797.0,184.0,3897.0
2020-07-14,333867.0,12229.0,223261.0,98377.0,3744.0,175.0,2253.0
2020-07-15,337751.0,12417.0,226400.0,98934.0,3884.0,188.0,3139.0
2020-07-16,341586.0,12615.0,230994.0,97977.0,3835.0,198.0,4594.0
2020-07-17,345537.0,12799.0,233982.0,98756.0,3951.0,184.0,2988.0
2020-07-18,349500.0,12998.0,238086.0,98416.0,3963.0,199.0,4104.0
2020-07-19,353590.0,13187.0,241955.0,98448.0,4090.0,189.0,3869.0
2020-07-20,353590.0,13187.0,245081.0,95322.0,0.0,0.0,3126.0
2020-07-21,362087.0,13579.0,248746.0,99762.0,8497.0,392.0,3665.0
2020-07-22,366550.0,13767.0,252246.0,100537.0,4463.0,188.0,3500.0
2020-07-23,371096.0,17654.0,255945.0,97497.0,4546.0,3887.0,3699.0
2020-07-24,375961.0,17843.0,259423.0,98695.0,4865.0,189.0,3478.0
2020-07-25,375961.0,17843.0,259423.0,98695.0,0.0,0.0,0.0
2020-07-26,375961.0,17843.0,267850.0,90268.0,0.0,0.0,8427.0
2020-07-27,389717.0,18418.0,272547.0,98752.0,13756.0,575.0,4697.0
2020-07-28,395005.0,18612.0,276452.0,99941.0,5288.0,194.0,3905.0
2020-07-29,400683.0,18816.0,280044.0,101823.0,5678.0,204.0,3592.0
2020-07-30,400683.0,18816.0,283915.0,97952.0,0.0,0.0,3871.0
2020-07-31,407492.0,19021.0,283915.0,104556.0,6809.0,205.0,0.0
2020-08-01,407492.0,19021.0,287127.0,101344.0,0.0,0.0,3212.0
2020-08-02,428850.0,19614.0,294187.0,115049.0,21358.0,593.0,7060.0
2020-08-03,433100.0,19811.0,298091.0,115198.0,4250.0,197.0,3904.0
2020-08-04,439890.0,20007.0,302457.0,117426.0,6790.0,196.0,4366.0
2020-08-05,447624.0,20228.0,306430.0,120966.0,7734.0,221.0,3973.0
2020-08-06,455409.0,20424.0,310337.0,124648.0,7785.0,196.0,3907.0
2020-08-07,463875.0,20649.0,314332.0,128894.0,8466.0,225.0,3995.0
2020-08-08,463875.0,20649.0,319171.0,124055.0,0.0,0.0,4839.0
2020-08-09,478024.0,21072.0,324020.0,132932.0,14149.0,423.0,4849.0
2020-08-10,483133.0,21276.0,324020.0,137837.0,5109.0,204.0,0.0
2020-08-11,489680.0,21501.0,329404.0,138775.0,6547.0,225.0,5384.0
2020-08-12,498555.0,21713.0,341938.0,134904.0,8875.0,212.0,12534.0
2020-08-13,498555.0,21713.0,341938.0,134904.0,0.0,0.0,0.0
2020-08-14,516296.0,25856.0,354232.0,136208.0,17741.0,4143.0,12294.0
2020-08-15,516296.0,25856.0,359781.0,130659.0,0.0,0.0,5549.0
2020-08-16,525803.0,26075.0,365367.0,134361.0,9507.0,219.0,5586.0
2020-08-17,535946.0,26281.0,370717.0,138948.0,10143.0,206.0,5350.0
2020-08-18,541493.0,26481.0,374019.0,140993.0,5547.0,200.0,3302.0
2020-08-19,549321.0,26658.0,377453.0,145210.0,7828.0,177.0,3434.0
2020-08-20,558420.0,26834.0,380730.0,150856.0,9099.0,176.0,3277.0
2020-08-21,567059.0,27034.0,380730.0,159295.0,8639.0,200.0,0.0
2020-08-22,576067.0,27245.0,380730.0,168092.0,9008.0,211.0,0.0
2020-08-23,585236.0,27453.0,399357.0,158426.0,9169.0,208.0,18627.0
2020-08-24,594326.0,27663.0,399357.0,167306.0,9090.0,210.0,0.0
2020-08-25,600438.0,27813.0,414577.0,158048.0,6112.0,150.0,15220.0
2020-08-26,607382.0,28001.0,414577.0,164804.0,6944.0,188.0,0.0
2020-08-27,613378.0,28124.0,421877.0,163377.0,5996.0,123.0,7300.0
2020-08-28,621997.0,28277.0,429662.0,164058.0,8619.0,153.0,7785.0
2020-08-29,629961.0,28471.0,438017.0,163473.0,7964.0,194.0,8355.0
2020-08-30,639435.0,28607.0,446675.0,164153.0,9474.0,136.0,8658.0
2020-08-31,647166.0,28788.0,455457.0,162921.0,7731.0,181.0,8782.0
2020-09-01,652037.0,28944.0,471599.0,151494.0,4871.0,156.0,16142.0
2020-09-02,657129.0,29068.0,480177.0,147884.0,5092.0,124.0,8578.0
2020-09-03,657129.0,29068.0,480177.0,147884.0,0.0,0.0,0.0
2020-09-04,670145.0,29405.0,498523.0,142217.0,13016.0,337.0,18346.0
2020-09-05,676848.0,29554.0,498523.0,148771.0,6703.0,149.0,0.0
2020-09-06,683702.0,29687.0,506422.0,147593.0,6854.0,133.0,7899.0
2020-09-07,689977.0,29838.0,522251.0,137888.0,6275.0,151.0,15829.0
2020-09-08,691575.0,29976.0,522251.0,139348.0,1598.0,138.0,0.0
2020-09-09,696190.0,30123.0,536959.0,129108.0,4615.0,147.0,14708.0
2020-09-10,702776.0,30236.0,536959.0,135581.0,6586.0,113.0,0.0
2020-09-11,710067.0,30344.0,544745.0,134978.0,7291.0,108.0,7786.0
2020-09-12,716670.0,30470.0,559321.0,126879.0,6603.0,126.0,14576.0
2020-09-13,722832.0,30526.0,559321.0,132985.0,6162.0,56.0,0.0
2020-09-14,729619.0,30710.0,566796.0,132113.0,6787.0,184.0,7475.0
2020-09-15,733860.0,30812.0,573364.0,129684.0,4241.0,102.0,6568.0
2020-09-16,738020.0,30927.0,580753.0,126340.0,4160.0,115.0,7389.0
2020-09-17,744400.0,31051.0,594513.0,118836.0,6380.0,124.0,13760.0
2020-09-18,750098.0,31146.0,594513.0,124439.0,5698.0,95.0,0.0
2020-09-19,756412.0,31283.0,594513.0,130616.0,6314.0,137.0,0.0
2020-09-20,762865.0,31369.0,607837.0,123659.0,6453.0,86.0,13324.0
2020-09-21,768895.0,31369.0,607837.0,129689.0,6030.0,0.0,0.0
2020-09-22,768895.0,31369.0,607837.0,129689.0,0.0,0.0,0.0
2020-09-23,776546.0,31568.0,636489.0,108489.0,7651.0,199.0,28652.0
2020-09-24,782695.0,31870.0,636489.0,114336.0,6149.0,302.0,0.0
2020-09-25,794584.0,32037.0,636489.0,126058.0,11889.0,167.0,0.0
2020-09-26,794584.0,32037.0,657836.0,104711.0,0.0,0.0,21347.0
2020-09-27,800142.0,32142.0,657836.0,110164.0,5558.0,105.0,0.0
2020-09-28,805302.0,32262.0,664490.0,108550.0,5160.0,120.0,6654.0
2020-09-29,808714.0,32324.0,670989.0,105401.0,3412.0,62.0,6499.0
2020-09-30,811768.0,32396.0,676925.0,102447.0,3054.0,72.0,5936.0
2020-10-01,814829.0,32463.0,690528.0,91838.0,3061.0,67.0,13603.0
2020-10-02,818297.0,32535.0,690528.0,95234.0,3468.0,72.0,0.0
2020-10-03,821564.0,32609.0,695645.0,93310.0,3267.0,74.0,5117.0
2020-10-04,821564.0,32609.0,700868.0,88087.0,0.0,0.0,5223.0
2020-10-05,828169.0,32742.0,706223.0,89204.0,6605.0,133.0,5355.0
2020-10-06,829999.0,32834.0,712888.0,84277.0,1830.0,92.0,6665.0
2020-10-07,832929.0,32914.0,723606.0,76409.0,2930.0,80.0,10718.0
2020-10-08,835662.0,33009.0,728216.0,74437.0,2733.0,95.0,4610.0
2020-10-09,838614.0,33098.0,728216.0,77300.0,2952.0,89.0,0.0
2020-10-10,846088.0,33223.0,733000.0,79865.0,7474.0,125.0,4784.0
2020-10-11,849371.0,33305.0,738189.0,77877.0,3283.0,82.0,5189.0
2020-10-12,851171.0,33357.0,743969.0,73845.0,1800.0,52.0,5780.0
2020-10-13,853974.0,33419.0,748097.0,72458.0,2803.0,62.0,4128.0
2020-10-14,853974.0,33419.0,753959.0,66596.0,0.0,0.0,5862.0
2020-10-15,859740.0,33577.0,759597.0,66566.0,5766.0,158.0,5638.0
2020-10-16,859740.0,33577.0,769077.0,57086.0,0.0,0.0,9480.0
2020-10-17,862417.0,33648.0,774356.0,54413.0,2677.0,71.0,5279.0
2020-10-18,865549.0,33702.0,774356.0,57491.0,3132.0,54.0,0.0
2020-10-19,868675.0,33759.0,784056.0,50860.0,3126.0,57.0,9700.0
2020-10-20,870876.0,33820.0,788494.0,48562.0,2201.0,61.0,4438.0
2020-10-21,874118.0,33875.0,788494.0,51749.0,3242.0,55.0,0.0
2020-10-22,879876.0,33984.0,796719.0,49173.0,5758.0,109.0,8225.0
2020-10-23,879876.0,33984.0,796719.0,49173.0,0.0,0.0,0.0
2020-10-24,883116.0,34033.0,800480.0,48603.0,3240.0,49.0,3761.0
2020-10-25,888715.0,34149.0,803846.0,50720.0,5599.0,116.0,3366.0
2020-10-26,888715.0,34149.0,810995.0,43571.0,0.0,0.0,7149.0
2020-10-27,890574.0,34197.0,810995.0,45382.0,1859.0,48.0,0.0
2020-10-28,892497.0,34257.0,816688.0,41552.0,1923.0,60.0,5693.0
2020-10-29,894928.0,34315.0,819717.0,40896.0,2431.0,58.0,3029.0
2020-10-30,897594.0,34362.0,819717.0,43515.0,2666.0,47.0,0.0
2020-10-31,900180.0,34411.0,822316.0,43453.0,2586.0,49.0,2599.0
