date,confirmed,deaths,recovered,active,new_confirmed,new_deaths,new_recovered
2020-01-23,0.0,0.0,0.0,0.0,,,
2020-01-30,1.0,0.0,0.0,0.0,1.0,0.0,0.0
2020-01-31,1.0,0.0,0.0,0.0,0.0,0.0,0.0
2020-02-01,1.0,0.0,0.0,1.0,0.0,0.0,0.0
2020-02-02,2.0,1.0,0.0,1.0,1.0,1.0,0.0
2020-02-03,2.0,1.0,0.0,1.0,0.0,0.0,0.0
2020-02-04,2.0,1.0,0.0,1.0,0.0,0.0,0.0
2020-02-05,2.0,1.0,0.0,1.0,0.0,0.0,0.0
2020-02-06,2.0,1.0,0.0,1.0,0.0,0.0,0.0
2020-02-07,3.0,1.0,0.0,2.0,1.0,0.0,0.0
2020-02-08,3.0,1.0,0.0,2.0,0.0,0.0,0.0
2020-02-09,3.0,1.0,0.0,2.0,0.0,0.0,0.0
2020-02-10,3.0,1.0,0.0,2.0,0.0,0.0,0.0
2020-02-11,3.0,1.0,0.0,2.0,0.0,0.0,0.0
2020-02-12,3.0,1.0,1.0,1.0,0.0,0.0,1.0
2020-02-13,3.0,1.0,1.0,1.0,0.0,0.0,0.0
2020-02-14,3.0,1.0,1.0,1.0,0.0,0.0,0.0
2020-02-15,3.0,1.0,1.0,1.0,0.0,0.0,0.0
2020-02-16,3.0,1.0,1.0,1.0,0.0,0.0,0.0
2020-02-17,3.0,1.0,1.0,1.0,0.0,0.0,0.0
2020-02-18,3.0,1.0,1.0,1.0,0.0,0.0,0.0
2020-02-19,3.0,1.0,1.0,1.0,0.0,0.0,0.0
2020-02-20,3.0,1.0,1.0,1.0,0.0,0.0,0.0
2020-02-21,3.0,1.0,1.0,1.0,0.0,0.0,0.0
2020-02-22,3.0,1.0,1.0,1.0,0.0,0.0,0.0
2020-02-23,3.0,1.0,1.0,1.0,0.0,0.0,0.0
2020-02-24,3.0,1.0,1.0,1.0,0.0,0.0,0.0
2020-02-25,3.0,1.0,1.0,1.0,0.0,0.0,0.0
2020-02-26,3.0,1.0,1.0,1.0,0.0,0.0,0.0
2020-02-27,3.0,1.0,1.0,1.0,0.0,0.0,0.0
2020-02-28,3.0,1.0,1.0,1.0,0.0,0.0,0.0
2020-02-29,3.0,1.0,1.0,1.0,0.0,0.0,0.0
2020-03-01,3.0,1.0,1.0,1.0,0.0,0.0,0.0
2020-03-02,3.0,1.0,1.0,1.0,0.0,0.0,0.0
2020-03-03,3.0,1.0,1.0,1.0,0.0,0.0,0.0
2020-03-04,3.0,1.0,1.0,1.0,0.0,0.0,0.0
2020-03-05,3.0,1.0,1.0,1.0,0.0,0.0,0.0
2020-03-06,5.0,1.0,1.0,3.0,2.0,0.0,0.0
2020-03-07,6.0,1.0,1.0,4.0,1.0,0.0,0.0
2020-03-08,10.0,1.0,1.0,8.0,4.0,0.0,0.0
2020-03-09,20.0,1.0,1.0,18.0,10.0,0.0,0.0
2020-03-10,33.0,1.0,2.0,30.0,13.0,0.0,1.0
2020-03-11,49.0,1.0,2.0,46.0,16.0,0.0,0.0
2020-03-12,52.0,2.0,2.0,48.0,3.0,1.0,0.0
2020-03-13,64.0,5.0,2.0,57.0,12.0,3.0,0.0
2020-03-14,111.0,8.0,2.0,101.0,47.0,3.0,0.0
2020-03-15,140.0,11.0,2.0,127.0,29.0,3.0,0.0
2020-03-16,142.0,12.0,2.0,128.0,2.0,1.0,0.0
2020-03-17,187.0,12.0,5.0,170.0,45.0,0.0,3.0
2020-03-18,202.0,19.0,5.0,178.0,15.0,7.0,0.0
2020-03-19,217.0,17.0,8.0,192.0,15.0,-2.0,3.0
2020-03-20,230.0,18.0,8.0,204.0,13.0,1.0,0.0
2020-03-21,307.0,19.0,13.0,275.0,77.0,1.0,5.0
2020-03-22,380.0,25.0,15.0,340.0,73.0,6.0,2.0
2020-03-23,462.0,33.0,18.0,411.0,82.0,8.0,3.0
2020-03-24,552.0,35.0,20.0,497.0,90.0,2.0,2.0
2020-03-25,636.0,38.0,26.0,572.0,84.0,3.0,6.0
2020-03-26,707.0,45.0,28.0,634.0,71.0,7.0,2.0
2020-03-27,803.0,54.0,31.0,718.0,96.0,9.0,3.0
2020-03-28,1075.0,68.0,35.0,972.0,272.0,14.0,4.0
2020-03-29,1418.0,71.0,42.0,1305.0,343.0,3.0,7.0
2020-03-30,1546.0,78.0,42.0,1426.0,128.0,7.0,0.0
2020-03-31,2084.0,88.0,49.0,1947.0,538.0,10.0,7.0
2020-04-01,2311.0,96.0,50.0,2165.0,227.0,8.0,1.0
2020-04-02,2633.0,107.0,51.0,2475.0,322.0,11.0,1.0
2020-04-03,3018.0,136.0,52.0,2830.0,385.0,29.0,1.0
2020-04-04,3094.0,144.0,57.0,2893.0,76.0,8.0,5.0
2020-04-05,3246.0,152.0,64.0,3030.0,152.0,8.0,7.0
2020-04-06,3660.0,163.0,73.0,3424.0,414.0,11.0,9.0
2020-04-07,3764.0,177.0,84.0,3503.0,104.0,14.0,11.0
2020-04-08,3870.0,182.0,96.0,3592.0,106.0,5.0,12.0
2020-04-09,4076.0,203.0,124.0,3749.0,206.0,21.0,28.0
2020-04-10,4195.0,221.0,140.0,3834.0,119.0,18.0,16.0
2020-04-11,4428.0,247.0,157.0,4024.0,233.0,26.0,17.0
2020-04-12,4648.0,297.0,197.0,4154.0,220.0,50.0,40.0
2020-04-13,4932.0,315.0,242.0,4375.0,284.0,18.0,45.0
2020-04-14,5223.0,335.0,295.0,4593.0,291.0,20.0,53.0
2020-04-15,5453.0,349.0,353.0,4751.0,230.0,14.0,58.0
2020-04-16,5660.0,362.0,435.0,4863.0,207.0,13.0,82.0
2020-04-17,5878.0,387.0,487.0,5004.0,218.0,25.0,52.0
2020-04-18,6087.0,397.0,516.0,5174.0,209.0,10.0,29.0
2020-04-19,6259.0,409.0,572.0,5278.0,172.0,12.0,56.0
2020-04-20,6459.0,428.0,613.0,5418.0,200.0,19.0,41.0
2020-04-21,6599.0,437.0,654.0,5508.0,140.0,9.0,41.0
2020-04-22,6710.0,446.0,693.0,5571.0,111.0,9.0,39.0
2020-04-23,6981.0,462.0,722.0,5797.0,271.0,16.0,29.0
2020-04-24,7192.0,477.0,762.0,5953.0,211.0,15.0,40.0
2020-04-25,7294.0,494.0,792.0,6008.0,102.0,17.0,30.0
2020-04-26,7579.0,501.0,862.0,6216.0,285.0,7.0,70.0
2020-04-27,7777.0,511.0,932.0,6334.0,198.0,10.0,70.0
2020-04-28,7958.0,530.0,975.0,6453.0,181.0,19.0,43.0
2020-04-29,8212.0,558.0,1023.0,6631.0,254.0,28.0,48.0
2020-04-30,8488.0,568.0,1043.0,6877.0,276.0,10.0,20.0
2020-05-01,8772.0,579.0,1084.0,7109.0,284.0,11.0,41.0
2020-05-02,8928.0,603.0,1124.0,7201.0,156.0,24.0,40.0
2020-05-03,9223.0,607.0,1214.0,7402.0,295.0,4.0,90.0
2020-05-04,9485.0,623.0,1315.0,7547.0,262.0,16.0,101.0
2020-05-05,9684.0,637.0,1408.0,7639.0,199.0,14.0,93.0
2020-05-06,10004.0,658.0,1506.0,7840.0,320.0,21.0,98.0
2020-05-07,10343.0,685.0,1618.0,8040.0,339.0,27.0,112.0
2020-05-08,10463.0,696.0,1734.0,8033.0,120.0,11.0,116.0
2020-05-09,10610.0,704.0,1842.0,8064.0,147.0,8.0,108.0
2020-05-10,10794.0,719.0,1924.0,8151.0,184.0,15.0,82.0
2020-05-11,11086.0,726.0,1999.0,8361.0,292.0,7.0,75.0
2020-05-12,11350.0,751.0,2106.0,8493.0,264.0,25.0,107.0
2020-05-13,11618.0,772.0,2251.0,8595.0,268.0,21.0,145.0
2020-05-14,11876.0,790.0,2337.0,8749.0,258.0,18.0,86.0
2020-05-15,12091.0,806.0,2460.0,8825.0,215.0,16.0,123.0
2020-05-16,12305.0,817.0,2561.0,8927.0,214.0,11.0,101.0
2020-05-17,12513.0,824.0,2635.0,9054.0,208.0,7.0,74.0
2020-05-18,12718.0,831.0,2729.0,9158.0,205.0,7.0,94.0
2020-05-19,12942.0,837.0,2843.0,9262.0,224.0,6.0,114.0
2020-05-20,13221.0,842.0,2932.0,9447.0,279.0,5.0,89.0
2020-05-21,13434.0,846.0,3000.0,9588.0,213.0,4.0,68.0
2020-05-22,13597.0,857.0,3092.0,9648.0,163.0,11.0,92.0
2020-05-23,13777.0,863.0,3177.0,9737.0,180.0,6.0,85.0
2020-05-24,14035.0,868.0,3249.0,9918.0,258.0,5.0,72.0
2020-05-25,14319.0,873.0,3323.0,10123.0,284.0,5.0,74.0
2020-05-26,14669.0,886.0,3412.0,10371.0,350.0,13.0,89.0
2020-05-27,15049.0,904.0,3506.0,10639.0,380.0,18.0,94.0
2020-05-28,15588.0,921.0,3598.0,11069.0,539.0,17.0,92.0
2020-05-29,16634.0,942.0,3720.0,11972.0,1046.0,21.0,122.0
2020-05-30,17224.0,950.0,3808.0,12466.0,590.0,8.0,88.0
2020-05-31,18086.0,957.0,3909.0,13220.0,862.0,7.0,101.0
2020-06-01,18638.0,960.0,3979.0,13699.0,552.0,3.0,70.0
2020-06-02,18997.0,966.0,4063.0,13968.0,359.0,6.0,84.0
2020-06-03,19748.0,974.0,4153.0,14621.0,751.0,8.0,90.0
2020-06-04,20382.0,984.0,4248.0,15150.0,634.0,10.0,95.0
2020-06-05,20626.0,987.0,4330.0,15309.0,244.0,3.0,82.0
2020-06-06,21340.0,994.0,4441.0,15905.0,714.0,7.0,111.0
2020-06-07,21895.0,1003.0,4530.0,16362.0,555.0,9.0,89.0
2020-06-08,22474.0,1011.0,4637.0,16826.0,579.0,8.0,107.0
2020-06-09,22992.0,1017.0,4736.0,17239.0,518.0,6.0,99.0
2020-06-10,23732.0,1027.0,4895.0,17810.0,740.0,10.0,159.0
2020-06-11,24175.0,1036.0,5165.0,17974.0,443.0,9.0,270.0
2020-06-12,24787.0,1052.0,5454.0,18281.0,612.0,16.0,289.0
2020-06-13,25392.0,1074.0,5706.0,18612.0,605.0,22.0,252.0
2020-06-14,25930.0,1088.0,5954.0,18888.0,538.0,14.0,248.0
2020-06-15,26420.0,1098.0,6252.0,19070.0,490.0,10.0,298.0
2020-06-16,26781.0,1103.0,6552.0,19126.0,361.0,5.0,300.0
2020-06-17,27238.0,1108.0,6820.0,19310.0,457.0,5.0,268.0
2020-06-18,27799.0,1116.0,7090.0,19593.0,561.0,8.0,270.0
2020-06-19,28459.0,1130.0,7378.0,19951.0,660.0,14.0,288.0
2020-06-20,29400.0,1150.0,7650.0,20600.0,941.0,20.0,272.0
2020-06-21,30052.0,1169.0,7893.0,20990.0,652.0,19.0,243.0
2020-06-22,30682.0,1177.0,8143.0,21362.0,630.0,8.0,250.0
2020-06-23,31825.0,1186.0,8442.0,22197.0,1143.0,9.0,299.0
2020-06-24,32295.0,1204.0,8656.0,22435.0,470.0,18.0,214.0
2020-06-25,33069.0,1212.0,8910.0,22947.0,774.0,8.0,254.0
2020-06-26,34073.0,1224.0,9182.0,23667.0,1004.0,12.0,272.0
2020-06-27,34803.0,1236.0,9430.0,24137.0,730.0,12.0,248.0
2020-06-28,35455.0,1244.0,9686.0,24525.0,652.0,8.0,256.0
2020-06-29,36438.0,1255.0,9956.0,25227.0,983.0,11.0,270.0
2020-06-30,37514.0,1266.0,10233.0,26015.0,1076.0,11.0,277.0
2020-07-01,38511.0,1270.0,10438.0,26803.0,997.0,4.0,205.0
2020-07-02,38805.0,1274.0,10673.0,26858.0,294.0,4.0,235.0
2020-07-03,40336.0,1280.0,11073.0,27983.0,1531.0,6.0,400.0
2020-07-04,41830.0,1290.0,11453.0,29087.0,1494.0,10.0,380.0
2020-07-05,44254.0,1297.0,11942.0,31015.0,2424.0,7.0,489.0
2020-07-06,46333.0,1303.0,12185.0,32845.0,2079.0,6.0,243.0
2020-07-07,47873.0,1309.0,12386.0,34178.0,1540.0,6.0,201.0
2020-07-08,50359.0,1314.0,12588.0,36457.0,2486.0,5.0,202.0
2020-07-09,51754.0,1314.0,12813.0,37627.0,1395.0,0.0,225.0
2020-07-10,52914.0,1360.0,13230.0,38324.0,1160.0,46.0,417.0
2020-07-11,54222.0,1372.0,14037.0,38813.0,1308.0,12.0,807.0
2020-07-12,56259.0,1534.0,16046.0,38679.0,2037.0,162.0,2009.0
2020-07-13,57006.0,1599.0,20371.0,35036.0,747.0,65.0,4325.0
2020-07-14,57545.0,1603.0,20459.0,35483.0,539.0,4.0,88.0
2020-07-15,58850.0,1614.0,20976.0,36260.0,1305.0,11.0,517.0
2020-07-16,61266.0,1643.0,21440.0,38183.0,2416.0,29.0,464.0
2020-07-17,63001.0,1660.0,21748.0,39593.0,1735.0,17.0,308.0
2020-07-18,65304.0,1773.0,22067.0,41464.0,2303.0,113.0,319.0
2020-07-19,67456.0,1831.0,22465.0,43160.0,2152.0,58.0,398.0
2020-07-20,68898.0,1835.0,23072.0,43991.0,1442.0,4.0,607.0
2020-07-21,70764.0,1837.0,23281.0,45646.0,1866.0,2.0,209.0
2020-07-22,72269.0,1843.0,23623.0,46803.0,1505.0,6.0,342.0
2020-07-23,74390.0,1871.0,24383.0,48136.0,2121.0,28.0,760.0
2020-07-24,76444.0,1879.0,24502.0,50063.0,2054.0,8.0,119.0
2020-07-25,78412.0,1897.0,25752.0,50763.0,1968.0,18.0,1250.0
2020-07-26,80448.0,1932.0,26110.0,52406.0,2036.0,35.0,358.0
2020-07-27,82040.0,1945.0,26446.0,53649.0,1592.0,13.0,336.0
2020-07-28,83673.0,1947.0,26617.0,55109.0,1633.0,2.0,171.0
2020-07-29,85486.0,1962.0,26996.0,56528.0,1813.0,15.0,379.0
2020-07-30,89374.0,1983.0,65064.0,22327.0,3888.0,21.0,38068.0
2020-07-31,93354.0,2023.0,65178.0,26153.0,3980.0,40.0,114.0
2020-08-01,98232.0,2039.0,65265.0,30928.0,4878.0,16.0,87.0
2020-08-02,103185.0,2059.0,65557.0,35569.0,4953.0,20.0,292.0
2020-08-03,106330.0,2104.0,65821.0,38405.0,3145.0,45.0,264.0
2020-08-04,112593.0,2115.0,66049.0,44429.0,6263.0,11.0,228.0
2020-08-05,115980.0,2123.0,66270.0,47587.0,3387.0,8.0,221.0
2020-08-06,119460.0,2150.0,66837.0,50473.0,3480.0,27.0,567.0
2020-08-07,122754.0,2168.0,66852.0,53734.0,3294.0,18.0,15.0
2020-08-08,126885.0,2209.0,67117.0,57559.0,4131.0,41.0,265.0
2020-08-09,129913.0,2270.0,67673.0,59970.0,3028.0,61.0,556.0
2020-08-10,136638.0,2294.0,68159.0,66185.0,6725.0,24.0,486.0
2020-08-11,139538.0,2312.0,68432.0,68794.0,2900.0,18.0,273.0
2020-08-12,143749.0,2404.0,68997.0,72348.0,4211.0,92.0,565.0
2020-08-13,147526.0,2426.0,70387.0,74713.0,3777.0,22.0,1390.0
2020-08-14,153660.0,2442.0,71405.0,79813.0,6134.0,16.0,1018.0
2020-08-15,157918.0,2600.0,72209.0,83109.0,4258.0,158.0,804.0
2020-08-16,161253.0,2665.0,112586.0,46002.0,3335.0,65.0,40377.0
2020-08-17,164474.0,2681.0,112759.0,49034.0,3221.0,16.0,173.0
2020-08-18,169213.0,2687.0,112861.0,53665.0,4739.0,6.0,102.0
2020-08-19,173774.0,2795.0,113481.0,57498.0,4561.0,108.0,620.0
2020-08-20,178022.0,2883.0,114114.0,61025.0,4248.0,88.0,633.0
2020-08-21,182365.0,2940.0,114519.0,64906.0,4343.0,57.0,405.0
2020-08-22,187249.0,2966.0,114921.0,69362.0,4884.0,26.0,402.0
2020-08-23,189601.0,2998.0,131367.0,55236.0,2352.0,32.0,16446.0
2020-08-24,194252.0,3010.0,132042.0,59200.0,4651.0,12.0,675.0
2020-08-25,197164.0,3038.0,132396.0,61730.0,2912.0,28.0,354.0
2020-08-26,202361.0,3137.0,133460.0,65764.0,5197.0,99.0,1064.0
2020-08-27,205581.0,3234.0,133990.0,68357.0,3220.0,97.0,530.0
2020-08-28,209544.0,3325.0,134474.0,71745.0,3963.0,91.0,484.0
2020-08-29,213131.0,3419.0,135101.0,74611.0,3587.0,94.0,627.0
2020-08-30,217396.0,3520.0,157403.0,56473.0,4265.0,101.0,22302.0
2020-08-31,220819.0,3558.0,157562.0,59699.0,3423.0,38.0,159.0
2020-09-01,224264.0,3597.0,158012.0,62655.0,3445.0,39.0,450.0
2020-09-02,226440.0,3623.0,158610.0,64207.0,2176.0,26.0,598.0
2020-09-03,228403.0,3688.0,159475.0,65240.0,1963.0,65.0,865.0
2020-09-04,232072.0,3737.0,160549.0,67786.0,3669.0,49.0,1074.0
2020-09-05,234570.0,3790.0,161668.0,69112.0,2498.0,53.0,1119.0
2020-09-06,237365.0,3875.0,184687.0,48803.0,2795.0,85.0,23019.0
2020-09-07,238727.0,3890.0,184906.0,49931.0,1362.0,15.0,219.0
2020-09-08,241987.0,3916.0,185178.0,52893.0,3260.0,26.0,272.0
2020-09-09,245143.0,3986.0,185543.0,55614.0,3156.0,70.0,365.0
2020-09-10,248947.0,4066.0,186058.0,58823.0,3804.0,80.0,515.0
2020-09-11,252964.0,4108.0,186606.0,62250.0,4017.0,42.0,548.0
2020-09-12,257863.0,4292.0,187116.0,66455.0,4899.0,184.0,510.0
2020-09-13,261216.0,4371.0,207568.0,49277.0,3353.0,79.0,20452.0
2020-09-14,265888.0,4630.0,207504.0,53754.0,4672.0,259.0,-64.0
2020-09-15,269407.0,4663.0,207352.0,57392.0,3519.0,33.0,-152.0
2020-09-16,272934.0,4732.0,207858.0,60344.0,3527.0,69.0,506.0
2020-09-17,276289.0,4785.0,208096.0,63408.0,3355.0,53.0,238.0
2020-09-18,279526.0,4830.0,208790.0,65906.0,3237.0,45.0,694.0
