date,confirmed,deaths,recovered,active,new_confirmed,new_deaths,new_recovered
2020-03-04,1.0,0.0,0.0,1.0,,,
2020-03-05,1.0,0.0,0.0,1.0,0.0,0.0,0.0
2020-03-06,5.0,0.0,0.0,5.0,4.0,0.0,0.0
2020-03-07,5.0,0.0,0.0,5.0,0.0,0.0,0.0
2020-03-08,11.0,0.0,0.0,11.0,6.0,0.0,0.0
2020-03-09,16.0,0.0,0.0,16.0,5.0,0.0,0.0
2020-03-10,22.0,0.0,0.0,22.0,6.0,0.0,0.0
2020-03-11,31.0,0.0,0.0,31.0,9.0,0.0,0.0
2020-03-12,49.0,1.0,0.0,48.0,18.0,1.0,0.0
2020-03-13,68.0,2.0,0.0,66.0,19.0,1.0,0.0
2020-03-14,103.0,3.0,0.0,100.0,35.0,1.0,0.0
2020-03-15,119.0,3.0,0.0,116.0,16.0,0.0,0.0
2020-03-16,177.0,4.0,13.0,160.0,58.0,1.0,13.0
2020-03-17,238.0,5.0,13.0,220.0,61.0,1.0,0.0
2020-03-18,251.0,5.0,13.0,233.0,13.0,0.0,0.0
2020-03-19,355.0,5.0,1.0,349.0,104.0,0.0,-12.0
2020-03-20,425.0,5.0,1.0,419.0,70.0,0.0,0.0
2020-03-21,536.0,5.0,1.0,530.0,111.0,0.0,0.0
2020-03-22,634.0,7.0,13.0,614.0,98.0,2.0,12.0
2020-03-23,749.0,8.0,13.0,728.0,115.0,1.0,0.0
2020-03-24,901.0,10.0,1.0,890.0,152.0,2.0,-12.0
2020-03-25,1051.0,14.0,7.0,1030.0,150.0,4.0,6.0
2020-03-26,1221.0,16.0,7.0,1198.0,170.0,2.0,0.0
2020-03-27,1389.0,16.0,7.0,1366.0,168.0,0.0,0.0
2020-03-28,1638.0,18.0,7.0,1613.0,249.0,2.0,0.0
2020-03-29,1862.0,22.0,7.0,1833.0,224.0,4.0,0.0
2020-03-30,2055.0,31.0,7.0,2017.0,193.0,9.0,0.0
2020-03-31,2311.0,33.0,7.0,2271.0,256.0,2.0,0.0
2020-04-01,2554.0,43.0,47.0,2464.0,243.0,10.0,40.0
2020-04-02,2946.0,57.0,56.0,2833.0,392.0,14.0,9.0
2020-04-03,3383.0,71.0,56.0,3256.0,437.0,14.0,0.0
2020-04-04,3627.0,79.0,116.0,3432.0,244.0,8.0,60.0
2020-04-05,4102.0,94.0,134.0,3874.0,475.0,15.0,18.0
2020-04-06,4413.0,107.0,162.0,4144.0,311.0,13.0,28.0
2020-04-07,4848.0,129.0,191.0,4528.0,435.0,22.0,29.0
2020-04-08,5205.0,159.0,222.0,4824.0,357.0,30.0,31.0
2020-04-09,5575.0,174.0,284.0,5117.0,370.0,15.0,62.0
2020-04-10,5955.0,181.0,318.0,5456.0,380.0,7.0,34.0
2020-04-11,6356.0,208.0,375.0,5773.0,401.0,27.0,57.0
2020-04-12,6674.0,232.0,439.0,6003.0,318.0,24.0,64.0
2020-04-13,6934.0,245.0,487.0,6202.0,260.0,13.0,48.0
2020-04-14,7202.0,263.0,618.0,6321.0,268.0,18.0,131.0
2020-04-15,7582.0,286.0,668.0,6628.0,380.0,23.0,50.0
2020-04-16,7918.0,314.0,774.0,6830.0,336.0,28.0,106.0
2020-04-17,8379.0,332.0,866.0,7181.0,461.0,18.0,92.0
2020-04-18,8742.0,347.0,981.0,7414.0,363.0,15.0,115.0
2020-04-19,9287.0,360.0,1040.0,7887.0,545.0,13.0,59.0
2020-04-20,9593.0,380.0,1133.0,8080.0,306.0,20.0,93.0
2020-04-21,9856.0,401.0,1297.0,8158.0,263.0,21.0,164.0
2020-04-22,10169.0,426.0,1513.0,8230.0,313.0,25.0,216.0
2020-04-23,10511.0,454.0,1740.0,8317.0,342.0,28.0,227.0
2020-04-24,10892.0,494.0,1944.0,8454.0,381.0,40.0,204.0
2020-04-25,11273.0,524.0,2126.0,8623.0,381.0,30.0,182.0
2020-04-26,11617.0,535.0,2265.0,8817.0,344.0,11.0,139.0
2020-04-27,11902.0,562.0,2466.0,8874.0,285.0,27.0,201.0
2020-04-28,12218.0,596.0,2655.0,8967.0,316.0,34.0,189.0
2020-04-29,12640.0,624.0,3025.0,8991.0,422.0,28.0,370.0
2020-04-30,12877.0,644.0,3236.0,8997.0,237.0,20.0,211.0
2020-05-01,13105.0,651.0,3491.0,8963.0,228.0,7.0,255.0
2020-05-02,13375.0,664.0,3762.0,8949.0,270.0,13.0,271.0
2020-05-03,13693.0,678.0,3945.0,9070.0,318.0,14.0,183.0
2020-05-04,14006.0,698.0,4095.0,9213.0,313.0,20.0,150.0
2020-05-05,14431.0,716.0,4280.0,9435.0,425.0,18.0,185.0
2020-05-06,14740.0,733.0,4655.0,9352.0,309.0,17.0,375.0
2020-05-07,15047.0,755.0,4862.0,9430.0,307.0,22.0,207.0
2020-05-08,15366.0,776.0,5184.0,9406.0,319.0,21.0,322.0
2020-05-09,15651.0,785.0,5437.0,9429.0,285.0,9.0,253.0
2020-05-10,15996.0,800.0,5698.0,9498.0,345.0,15.0,261.0
2020-05-11,16326.0,811.0,5816.0,9699.0,330.0,11.0,118.0
2020-05-12,16921.0,839.0,6131.0,9951.0,595.0,28.0,315.0
2020-05-13,17204.0,861.0,6410.0,9933.0,283.0,22.0,279.0
2020-05-14,17615.0,883.0,6696.0,10036.0,411.0,22.0,286.0
2020-05-15,18016.0,907.0,6918.0,10191.0,401.0,24.0,222.0
2020-05-16,18257.0,915.0,7175.0,10167.0,241.0,8.0,257.0
2020-05-17,18529.0,925.0,7451.0,10153.0,272.0,10.0,276.0
2020-05-18,18885.0,936.0,7628.0,10321.0,356.0,11.0,177.0
2020-05-19,19268.0,948.0,7903.0,10417.0,383.0,12.0,275.0
2020-05-20,19739.0,962.0,8183.0,10594.0,471.0,14.0,280.0
2020-05-21,20143.0,972.0,8452.0,10719.0,404.0,10.0,269.0
2020-05-22,20619.0,982.0,8731.0,10906.0,476.0,10.0,279.0
2020-05-23,20931.0,993.0,8977.0,10961.0,312.0,11.0,246.0
2020-05-24,21326.0,996.0,9194.0,11136.0,395.0,3.0,217.0
2020-05-25,21631.0,1007.0,9276.0,11348.0,305.0,11.0,82.0
2020-05-26,22074.0,1024.0,10020.0,11030.0,443.0,17.0,744.0
2020-05-27,22473.0,1028.0,10330.0,11115.0,399.0,4.0,310.0
2020-05-28,22825.0,1038.0,10560.0,11227.0,352.0,10.0,230.0
2020-05-29,23155.0,1051.0,10692.0,11412.0,330.0,13.0,132.0
2020-05-30,23571.0,1061.0,11016.0,11494.0,416.0,10.0,324.0
2020-05-31,23786.0,1064.0,11271.0,11451.0,215.0,3.0,255.0
2020-06-01,24165.0,1074.0,11449.0,11642.0,379.0,10.0,178.0
2020-06-02,24395.0,1092.0,11726.0,11577.0,230.0,18.0,277.0
2020-06-03,24687.0,1115.0,12014.0,11558.0,292.0,23.0,288.0
2020-06-04,25048.0,1117.0,12227.0,11704.0,361.0,2.0,213.0
2020-06-05,25410.0,1137.0,12410.0,11863.0,362.0,20.0,183.0
2020-06-06,25986.0,1153.0,12641.0,12192.0,576.0,16.0,231.0
2020-06-07,26561.0,1157.0,12855.0,12549.0,575.0,4.0,214.0
2020-06-08,27160.0,1166.0,12998.0,12996.0,599.0,9.0,143.0
2020-06-09,27560.0,1183.0,13196.0,13181.0,400.0,17.0,198.0
2020-06-10,27842.0,1206.0,13411.0,13225.0,282.0,23.0,215.0
2020-06-11,28201.0,1215.0,13696.0,13290.0,359.0,9.0,285.0
2020-06-12,28577.0,1222.0,13805.0,13550.0,376.0,7.0,109.0
2020-06-13,29017.0,1237.0,14104.0,13676.0,440.0,15.0,299.0
2020-06-14,29392.0,1247.0,14226.0,13919.0,375.0,10.0,122.0
2020-06-15,29788.0,1256.0,14383.0,14149.0,396.0,9.0,157.0
2020-06-16,30195.0,1272.0,14654.0,14269.0,407.0,16.0,271.0
2020-06-17,30701.0,1286.0,14921.0,14494.0,506.0,14.0,267.0
2020-06-18,31015.0,1316.0,15317.0,14382.0,314.0,30.0,396.0
2020-06-19,31316.0,1334.0,15698.0,14284.0,301.0,18.0,381.0
2020-06-20,31620.0,1346.0,16181.0,14093.0,304.0,12.0,483.0
2020-06-21,31931.0,1356.0,16683.0,13892.0,311.0,10.0,502.0
2020-06-22,32227.0,1359.0,17076.0,13792.0,296.0,3.0,393.0
2020-06-23,32527.0,1375.0,17573.0,13579.0,300.0,16.0,497.0
2020-06-24,32821.0,1396.0,18134.0,13291.0,294.0,21.0,561.0
2020-06-25,33119.0,1412.0,18654.0,13053.0,298.0,16.0,520.0
2020-06-26,33395.0,1429.0,19218.0,12748.0,276.0,17.0,564.0
2020-06-27,33714.0,1435.0,19972.0,12307.0,319.0,6.0,754.0
2020-06-28,33907.0,1438.0,20548.0,11921.0,193.0,3.0,576.0
2020-06-29,34154.0,1444.0,20897.0,11813.0,247.0,6.0,349.0
2020-06-30,34393.0,1463.0,21281.0,11649.0,239.0,19.0,384.0
2020-07-01,34775.0,1477.0,21791.0,11507.0,382.0,14.0,510.0
2020-07-02,35146.0,1492.0,22209.0,11445.0,371.0,15.0,418.0
2020-07-03,35405.0,1507.0,22651.0,11247.0,259.0,15.0,442.0
2020-07-04,35719.0,1512.0,23127.0,11080.0,314.0,5.0,476.0
2020-07-05,35950.0,1517.0,23746.0,10687.0,231.0,5.0,619.0
2020-07-06,36155.0,1521.0,23966.0,10668.0,205.0,4.0,220.0
2020-07-07,36412.0,1528.0,24238.0,10646.0,257.0,7.0,272.0
2020-07-08,36689.0,1542.0,24878.0,10269.0,277.0,14.0,640.0
2020-07-09,36951.0,1551.0,25477.0,9923.0,262.0,9.0,599.0
2020-07-10,37216.0,1562.0,26048.0,9606.0,265.0,11.0,571.0
2020-07-11,37521.0,1568.0,26635.0,9318.0,305.0,6.0,587.0
2020-07-12,37891.0,1571.0,27148.0,9172.0,370.0,3.0,513.0
2020-07-13,38190.0,1576.0,27515.0,9099.0,299.0,5.0,367.0
2020-07-14,38457.0,1588.0,27756.0,9113.0,267.0,12.0,241.0
2020-07-15,38721.0,1594.0,28492.0,8635.0,264.0,6.0,736.0
2020-07-16,39054.0,1605.0,28928.0,8521.0,333.0,11.0,436.0
2020-07-17,39407.0,1612.0,29505.0,8290.0,353.0,7.0,577.0
2020-07-18,39746.0,1618.0,29924.0,8204.0,339.0,6.0,419.0
2020-07-19,40104.0,1624.0,30292.0,8188.0,358.0,6.0,368.0
2020-07-20,40383.0,1627.0,30539.0,8217.0,279.0,3.0,247.0
2020-07-21,40782.0,1636.0,30771.0,8375.0,399.0,9.0,232.0
2020-07-22,41162.0,1642.0,31139.0,8381.0,380.0,6.0,368.0
2020-07-23,41580.0,1651.0,31541.0,8388.0,418.0,9.0,402.0
2020-07-24,42038.0,1655.0,31997.0,8386.0,458.0,4.0,456.0
2020-07-25,42622.0,1664.0,32419.0,8539.0,584.0,9.0,422.0
2020-07-26,43065.0,1671.0,32753.0,8641.0,443.0,7.0,334.0
2020-07-27,43402.0,1676.0,32856.0,8870.0,337.0,5.0,103.0
2020-07-28,43904.0,1682.0,33043.0,9179.0,502.0,6.0,187.0
2020-07-29,44416.0,1694.0,33190.0,9532.0,512.0,12.0,147.0
2020-07-30,45031.0,1709.0,33643.0,9679.0,615.0,15.0,453.0
2020-07-31,45688.0,1716.0,33987.0,9985.0,657.0,7.0,344.0
2020-08-01,46346.0,1721.0,34374.0,10251.0,658.0,5.0,387.0
2020-08-02,46894.0,1731.0,34709.0,10454.0,548.0,10.0,335.0
2020-08-03,47469.0,1732.0,34881.0,10856.0,575.0,1.0,172.0
2020-08-04,48149.0,1738.0,35056.0,11355.0,680.0,6.0,175.0
2020-08-05,48789.0,1756.0,35321.0,11712.0,640.0,18.0,265.0
2020-08-06,49515.0,1774.0,35642.0,12099.0,726.0,18.0,321.0
2020-08-07,50324.0,1787.0,36041.0,12496.0,809.0,13.0,399.0
2020-08-08,51167.0,1800.0,36403.0,12964.0,843.0,13.0,362.0
2020-08-09,51791.0,1807.0,36691.0,13293.0,624.0,7.0,288.0
2020-08-10,52410.0,1809.0,36877.0,13724.0,619.0,2.0,186.0
2020-08-11,52961.0,1821.0,37150.0,13990.0,551.0,12.0,273.0
2020-08-12,53676.0,1830.0,37611.0,14235.0,715.0,9.0,461.0
2020-08-13,54487.0,1844.0,37961.0,14682.0,811.0,14.0,350.0
2020-08-14,55319.0,1858.0,38362.0,15099.0,832.0,14.0,401.0
2020-08-15,56090.0,1869.0,38853.0,15368.0,771.0,11.0,491.0
2020-08-16,56684.0,1877.0,39130.0,15677.0,594.0,8.0,277.0
2020-08-17,57279.0,1885.0,39359.0,16035.0,595.0,8.0,229.0
2020-08-18,57876.0,1896.0,39643.0,16337.0,597.0,11.0,284.0
2020-08-19,58611.0,1913.0,40099.0,16599.0,735.0,17.0,456.0
2020-08-20,59378.0,1925.0,40481.0,16972.0,767.0,12.0,382.0
2020-08-21,60281.0,1938.0,41029.0,17314.0,903.0,13.0,548.0
2020-08-22,61181.0,1951.0,41661.0,17569.0,900.0,13.0,632.0
2020-08-23,61762.0,1955.0,42183.0,17624.0,581.0,4.0,522.0
2020-08-24,62310.0,1960.0,42448.0,17902.0,548.0,5.0,265.0
2020-08-25,63073.0,1977.0,42784.0,18312.0,763.0,17.0,336.0
2020-08-26,63802.0,1994.0,43399.0,18409.0,729.0,17.0,615.0
2020-08-27,64689.0,2010.0,44097.0,18582.0,887.0,16.0,698.0
2020-08-28,65480.0,2018.0,44785.0,18677.0,791.0,8.0,688.0
2020-08-29,66239.0,2032.0,45536.0,18671.0,759.0,14.0,751.0
2020-08-30,66870.0,2033.0,46192.0,18645.0,631.0,1.0,656.0
2020-08-31,67372.0,2039.0,46638.0,18695.0,502.0,6.0,446.0
2020-09-01,67922.0,2058.0,47030.0,18834.0,550.0,19.0,392.0
2020-09-02,68517.0,2078.0,47865.0,18574.0,595.0,20.0,835.0
2020-09-03,69129.0,2092.0,48593.0,18444.0,612.0,14.0,728.0
2020-09-04,69820.0,2100.0,49820.0,17900.0,691.0,8.0,1227.0
2020-09-05,70387.0,2113.0,52346.0,15928.0,567.0,13.0,2526.0
2020-09-06,70824.0,2120.0,54256.0,14448.0,437.0,7.0,1910.0
2020-09-07,71126.0,2124.0,55113.0,13889.0,302.0,4.0,857.0
2020-09-08,71526.0,2136.0,55910.0,13480.0,400.0,12.0,797.0
2020-09-09,71947.0,2147.0,57135.0,12665.0,421.0,11.0,1225.0
2020-09-10,72453.0,2159.0,58069.0,12225.0,506.0,12.0,934.0
2020-09-11,73047.0,2169.0,58848.0,12030.0,594.0,10.0,779.0
2020-09-12,73650.0,2182.0,59725.0,11743.0,603.0,13.0,877.0
2020-09-13,74152.0,2188.0,60659.0,11305.0,502.0,6.0,934.0
2020-09-14,74529.0,2203.0,61097.0,11229.0,377.0,15.0,438.0
2020-09-15,75134.0,2227.0,61548.0,11359.0,605.0,24.0,451.0
2020-09-16,75734.0,2237.0,62110.0,11387.0,600.0,10.0,562.0
2020-09-17,76571.0,2253.0,62725.0,11593.0,837.0,16.0,615.0
2020-09-18,77328.0,2270.0,63312.0,11746.0,757.0,17.0,587.0
2020-09-19,78330.0,2282.0,63861.0,12187.0,1002.0,12.0,549.0
2020-09-20,79240.0,2293.0,64302.0,12645.0,910.0,11.0,441.0
2020-09-21,79988.0,2298.0,64604.0,13086.0,748.0,5.0,302.0
2020-09-22,80699.0,2316.0,64972.0,13411.0,711.0,18.0,368.0
2020-09-23,81673.0,2344.0,65561.0,13768.0,974.0,28.0,589.0
2020-09-24,82809.0,2369.0,66158.0,14282.0,1136.0,25.0,597.0
2020-09-25,84396.0,2392.0,66740.0,15264.0,1587.0,23.0,582.0
2020-09-26,85980.0,2424.0,67326.0,16230.0,1584.0,32.0,586.0
2020-09-27,87330.0,2432.0,67904.0,16994.0,1350.0,8.0,578.0
2020-09-28,88636.0,2447.0,68420.0,17769.0,1306.0,15.0,516.0
2020-09-29,89962.0,2483.0,68955.0,18524.0,1326.0,36.0,535.0
2020-09-30,91514.0,2513.0,69695.0,19306.0,1552.0,30.0,740.0
