date,confirmed,deaths,recovered,active,new_confirmed,new_deaths,new_recovered
2020-02-26,1.0,0.0,0.0,1.0,,,
2020-02-27,1.0,0.0,0.0,1.0,0.0,0.0,0.0
2020-02-28,3.0,0.0,0.0,3.0,2.0,0.0,0.0
2020-02-29,3.0,0.0,0.0,3.0,0.0,0.0,0.0
2020-03-01,3.0,0.0,0.0,3.0,0.0,0.0,0.0
2020-03-02,3.0,0.0,0.0,3.0,0.0,0.0,0.0
2020-03-03,3.0,0.0,0.0,3.0,0.0,0.0,0.0
2020-03-04,4.0,0.0,1.0,3.0,1.0,0.0,1.0
2020-03-05,6.0,0.0,1.0,5.0,2.0,0.0,0.0
2020-03-06,9.0,0.0,1.0,8.0,3.0,0.0,0.0
2020-03-07,9.0,0.0,3.0,6.0,0.0,0.0,2.0
2020-03-08,15.0,0.0,3.0,12.0,6.0,0.0,0.0
2020-03-09,15.0,0.0,3.0,12.0,0.0,0.0,0.0
2020-03-10,25.0,0.0,3.0,22.0,10.0,0.0,0.0
2020-03-11,45.0,0.0,6.0,39.0,20.0,0.0,3.0
2020-03-12,49.0,0.0,6.0,43.0,4.0,0.0,0.0
2020-03-13,89.0,0.0,7.0,82.0,40.0,0.0,1.0
2020-03-14,123.0,0.0,9.0,114.0,34.0,0.0,2.0
2020-03-15,131.0,0.0,9.0,122.0,8.0,0.0,0.0
2020-03-16,158.0,0.0,9.0,149.0,27.0,0.0,0.0
2020-03-17,184.0,0.0,16.0,168.0,26.0,0.0,7.0
2020-03-18,260.0,0.0,19.0,241.0,76.0,0.0,3.0
2020-03-19,277.0,0.0,25.0,252.0,17.0,0.0,6.0
2020-03-20,308.0,0.0,25.0,283.0,31.0,0.0,0.0
2020-03-21,367.0,0.0,52.0,315.0,59.0,0.0,27.0
2020-03-22,433.0,3.0,64.0,366.0,66.0,3.0,12.0
2020-03-23,576.0,7.0,73.0,496.0,143.0,4.0,9.0
2020-03-24,794.0,11.0,79.0,704.0,218.0,4.0,6.0
2020-03-25,906.0,17.0,86.0,803.0,112.0,6.0,7.0
2020-03-26,1029.0,23.0,94.0,912.0,123.0,6.0,8.0
2020-03-27,1292.0,26.0,115.0,1151.0,263.0,3.0,21.0
2020-03-28,1452.0,37.0,139.0,1276.0,160.0,11.0,24.0
2020-03-29,1815.0,43.0,206.0,1566.0,363.0,6.0,67.0
2020-03-30,2109.0,65.0,209.0,1835.0,294.0,22.0,3.0
2020-03-31,2245.0,82.0,220.0,1943.0,136.0,17.0,11.0
2020-04-01,2460.0,92.0,252.0,2116.0,215.0,10.0,32.0
2020-04-02,2738.0,115.0,267.0,2356.0,278.0,23.0,15.0
2020-04-03,3183.0,133.0,283.0,2767.0,445.0,18.0,16.0
2020-04-04,3613.0,146.0,329.0,3138.0,430.0,13.0,46.0
2020-04-05,3864.0,151.0,374.0,3339.0,251.0,5.0,45.0
2020-04-06,4057.0,176.0,406.0,3475.0,193.0,25.0,32.0
2020-04-07,4417.0,197.0,460.0,3760.0,360.0,21.0,54.0
2020-04-08,4761.0,220.0,528.0,4013.0,344.0,23.0,68.0
2020-04-09,5202.0,248.0,647.0,4307.0,441.0,28.0,119.0
2020-04-10,5467.0,270.0,729.0,4468.0,265.0,22.0,82.0
2020-04-11,5990.0,291.0,758.0,4941.0,523.0,21.0,29.0
2020-04-12,6300.0,316.0,852.0,5132.0,310.0,25.0,94.0
2020-04-13,6633.0,331.0,914.0,5388.0,333.0,15.0,62.0
2020-04-14,6879.0,351.0,1051.0,5477.0,246.0,20.0,137.0
2020-04-15,7216.0,372.0,1217.0,5627.0,337.0,21.0,166.0
2020-04-16,7707.0,392.0,1357.0,5958.0,491.0,20.0,140.0
2020-04-17,8067.0,411.0,1508.0,6148.0,360.0,19.0,151.0
2020-04-18,8418.0,421.0,1730.0,6267.0,351.0,10.0,222.0
2020-04-19,8746.0,451.0,1892.0,6403.0,328.0,30.0,162.0
2020-04-20,8936.0,478.0,2017.0,6441.0,190.0,27.0,125.0
2020-04-21,9242.0,498.0,2153.0,6591.0,306.0,20.0,136.0
2020-04-22,9710.0,524.0,2406.0,6780.0,468.0,26.0,253.0
2020-04-23,10096.0,545.0,2478.0,7073.0,386.0,21.0,72.0
2020-04-24,10417.0,567.0,2817.0,7033.0,321.0,22.0,339.0
2020-04-25,10635.0,601.0,2890.0,7144.0,218.0,34.0,73.0
2020-04-26,11036.0,619.0,3054.0,7363.0,401.0,18.0,164.0
2020-04-27,11339.0,641.0,3141.0,7557.0,303.0,22.0,87.0
2020-04-28,11616.0,663.0,3404.0,7549.0,277.0,22.0,263.0
2020-04-29,11978.0,693.0,3569.0,7716.0,362.0,30.0,165.0
2020-04-30,12240.0,717.0,4017.0,7506.0,262.0,24.0,448.0
2020-05-01,12567.0,744.0,4328.0,7495.0,327.0,27.0,311.0
2020-05-02,12732.0,771.0,4547.0,7414.0,165.0,27.0,219.0
2020-05-03,13163.0,790.0,4869.0,7504.0,431.0,19.0,322.0
2020-05-04,13512.0,818.0,5269.0,7425.0,349.0,28.0,400.0
2020-05-05,13837.0,841.0,5454.0,7542.0,325.0,23.0,185.0
2020-05-06,14107.0,864.0,5788.0,7455.0,270.0,23.0,334.0
2020-05-07,14499.0,888.0,6144.0,7467.0,392.0,24.0,356.0
2020-05-08,14811.0,923.0,6423.0,7465.0,312.0,35.0,279.0
2020-05-09,15131.0,939.0,6912.0,7280.0,320.0,16.0,489.0
2020-05-10,15362.0,961.0,7051.0,7350.0,231.0,22.0,139.0
2020-05-11,15588.0,982.0,7245.0,7361.0,226.0,21.0,194.0
2020-05-12,15778.0,1002.0,7685.0,7091.0,190.0,20.0,440.0
2020-05-13,16002.0,1036.0,7961.0,7005.0,224.0,34.0,276.0
2020-05-14,16247.0,1053.0,9053.0,6141.0,245.0,17.0,1092.0
2020-05-15,16437.0,1070.0,9370.0,5997.0,190.0,17.0,317.0
2020-05-16,16704.0,1094.0,9574.0,6036.0,267.0,24.0,204.0
2020-05-17,16871.0,1107.0,9890.0,5874.0,167.0,13.0,316.0
2020-05-18,17036.0,1120.0,9930.0,5986.0,165.0,13.0,40.0
2020-05-19,17191.0,1137.0,10166.0,5888.0,155.0,17.0,236.0
2020-05-20,17387.0,1147.0,10356.0,5884.0,196.0,10.0,190.0
2020-05-21,17585.0,1156.0,10581.0,5848.0,198.0,9.0,225.0
2020-05-22,17712.0,1166.0,10777.0,5769.0,127.0,10.0,196.0
2020-05-23,17857.0,1176.0,11187.0,5494.0,145.0,10.0,410.0
2020-05-24,18070.0,1185.0,11399.0,5486.0,213.0,9.0,212.0
2020-05-25,18283.0,1205.0,11630.0,5448.0,213.0,20.0,231.0
2020-05-26,18429.0,1216.0,11874.0,5339.0,146.0,11.0,244.0
2020-05-27,18594.0,1227.0,12162.0,5205.0,165.0,11.0,288.0
2020-05-28,18791.0,1235.0,12629.0,4927.0,197.0,8.0,467.0
2020-05-29,18982.0,1248.0,12829.0,4905.0,191.0,13.0,200.0
2020-05-30,19133.0,1259.0,13046.0,4828.0,151.0,11.0,217.0
2020-05-31,19257.0,1266.0,13256.0,4735.0,124.0,7.0,210.0
2020-06-01,19398.0,1276.0,13426.0,4696.0,141.0,10.0,170.0
2020-06-02,19517.0,1288.0,13526.0,4703.0,119.0,12.0,100.0
2020-06-03,19669.0,1296.0,13800.0,4573.0,152.0,8.0,274.0
2020-06-04,19907.0,1305.0,13919.0,4683.0,238.0,9.0,119.0
2020-06-05,20103.0,1316.0,14145.0,4642.0,196.0,11.0,226.0
2020-06-06,20290.0,1322.0,14419.0,4549.0,187.0,6.0,274.0
2020-06-07,20479.0,1333.0,14638.0,4508.0,189.0,11.0,219.0
2020-06-08,20604.0,1339.0,14826.0,4439.0,125.0,6.0,188.0
2020-06-09,20749.0,1354.0,14910.0,4485.0,145.0,15.0,84.0
2020-06-10,20945.0,1360.0,15103.0,4482.0,196.0,6.0,193.0
2020-06-11,21182.0,1369.0,15283.0,4530.0,237.0,9.0,180.0
2020-06-12,21404.0,1380.0,15445.0,4579.0,222.0,11.0,162.0
2020-06-13,21679.0,1394.0,15635.0,4650.0,275.0,14.0,190.0
2020-06-14,21999.0,1410.0,15719.0,4870.0,320.0,16.0,84.0
2020-06-15,22165.0,1427.0,15817.0,4921.0,166.0,17.0,98.0
2020-06-16,22415.0,1437.0,16071.0,4907.0,250.0,10.0,254.0
2020-06-17,22760.0,1451.0,16117.0,5192.0,345.0,14.0,46.0
2020-06-18,23080.0,1473.0,16308.0,5299.0,320.0,22.0,191.0
2020-06-19,23400.0,1484.0,16555.0,5361.0,320.0,11.0,247.0
2020-06-20,23730.0,1500.0,16735.0,5495.0,330.0,16.0,180.0
2020-06-21,24045.0,1512.0,16911.0,5622.0,315.0,12.0,176.0
2020-06-22,24291.0,1523.0,17031.0,5737.0,246.0,11.0,120.0
2020-06-23,24505.0,1539.0,17187.0,5779.0,214.0,16.0,156.0
2020-06-24,24826.0,1555.0,17391.0,5880.0,321.0,16.0,204.0
2020-06-25,25286.0,1565.0,17906.0,5815.0,460.0,10.0,515.0
2020-06-26,25697.0,1579.0,18181.0,5937.0,411.0,14.0,275.0
2020-06-27,26022.0,1589.0,18530.0,5903.0,325.0,10.0,349.0
2020-06-28,26313.0,1612.0,18814.0,5887.0,291.0,23.0,284.0
2020-06-29,26582.0,1634.0,18912.0,6036.0,269.0,22.0,98.0
2020-06-30,26970.0,1651.0,19050.0,6269.0,388.0,17.0,138.0
2020-07-01,27296.0,1667.0,19314.0,6315.0,326.0,16.0,264.0
2020-07-02,27746.0,1687.0,19363.0,6696.0,450.0,20.0,49.0
2020-07-03,28166.0,1708.0,19545.0,6913.0,420.0,21.0,182.0
2020-07-04,28582.0,1731.0,19854.0,6997.0,416.0,23.0,309.0
2020-07-05,28973.0,1750.0,20026.0,7197.0,391.0,19.0,172.0
2020-07-06,29223.0,1768.0,20213.0,7242.0,250.0,18.0,187.0
2020-07-07,29620.0,1799.0,20534.0,7287.0,397.0,31.0,321.0
2020-07-08,30175.0,1817.0,20799.0,7559.0,555.0,18.0,265.0
2020-07-09,30789.0,1834.0,20969.0,7986.0,614.0,17.0,170.0
2020-07-10,31381.0,1847.0,21129.0,8405.0,592.0,13.0,160.0
2020-07-11,32079.0,1871.0,21414.0,8794.0,698.0,24.0,285.0
2020-07-12,32535.0,1884.0,21545.0,9106.0,456.0,13.0,131.0
2020-07-13,32948.0,1901.0,21692.0,9355.0,413.0,17.0,147.0
2020-07-14,33585.0,1931.0,21803.0,9851.0,637.0,30.0,111.0
2020-07-15,34226.0,1952.0,22049.0,10225.0,641.0,21.0,246.0
2020-07-16,35003.0,1971.0,22189.0,10843.0,777.0,19.0,140.0
2020-07-17,35802.0,1988.0,22312.0,11502.0,799.0,17.0,123.0
2020-07-18,36691.0,2009.0,22488.0,12194.0,889.0,21.0,176.0
2020-07-19,37458.0,2026.0,22617.0,12815.0,767.0,17.0,129.0
2020-07-20,38139.0,2038.0,22747.0,13354.0,681.0,12.0,130.0
2020-07-21,39133.0,2074.0,24454.0,12605.0,994.0,36.0,1707.0
2020-07-22,40163.0,2101.0,24663.0,13399.0,1030.0,27.0,209.0
2020-07-23,41275.0,2126.0,24862.0,14287.0,1112.0,25.0,199.0
2020-07-24,42394.0,2150.0,25349.0,14895.0,1119.0,24.0,487.0
2020-07-25,43678.0,2165.0,25373.0,16140.0,1284.0,15.0,24.0
2020-07-26,44798.0,2187.0,25643.0,16968.0,1120.0,22.0,270.0
2020-07-27,45902.0,2206.0,25794.0,17902.0,1104.0,19.0,151.0
2020-07-28,47053.0,2239.0,26128.0,18686.0,1151.0,33.0,334.0
2020-07-29,48235.0,2269.0,26446.0,19520.0,1182.0,30.0,318.0
2020-07-30,49591.0,2304.0,26609.0,20678.0,1356.0,35.0,163.0
2020-07-31,50886.0,2343.0,27007.0,21536.0,1295.0,39.0,398.0
2020-08-01,52111.0,2379.0,27346.0,22386.0,1225.0,36.0,339.0
2020-08-02,53186.0,2413.0,27592.0,23181.0,1075.0,34.0,246.0
2020-08-03,54009.0,2432.0,27750.0,23827.0,823.0,19.0,158.0
2020-08-04,55241.0,2480.0,28006.0,24755.0,1232.0,48.0,256.0
2020-08-05,56550.0,2521.0,28584.0,25445.0,1309.0,41.0,578.0
2020-08-06,57895.0,2566.0,28992.0,26337.0,1345.0,45.0,408.0
2020-08-07,59273.0,2616.0,29289.0,27368.0,1378.0,50.0,297.0
2020-08-08,60623.0,2659.0,29872.0,28092.0,1350.0,43.0,583.0
2020-08-09,61768.0,2700.0,30119.0,28949.0,1145.0,41.0,247.0
2020-08-10,62547.0,2729.0,30311.0,29507.0,779.0,29.0,192.0
2020-08-11,63762.0,2764.0,30585.0,30413.0,1215.0,35.0,274.0
2020-08-12,65177.0,2807.0,31048.0,31322.0,1415.0,43.0,463.0
2020-08-13,66631.0,2860.0,31547.0,32224.0,1454.0,53.0,499.0
2020-08-14,68046.0,2904.0,31920.0,33222.0,1415.0,44.0,373.0
2020-08-15,69374.0,2954.0,32334.0,34086.0,1328.0,50.0,414.0
2020-08-16,70461.0,2991.0,32587.0,34883.0,1087.0,37.0,253.0
2020-08-17,71194.0,3029.0,32759.0,35406.0,733.0,38.0,172.0
2020-08-18,72208.0,3074.0,33135.0,35999.0,1014.0,45.0,376.0
2020-08-19,73617.0,3106.0,33566.0,36945.0,1409.0,32.0,431.0
2020-08-20,74963.0,3154.0,34196.0,37613.0,1346.0,48.0,630.0
2020-08-21,76355.0,3196.0,34523.0,38636.0,1392.0,42.0,327.0
2020-08-22,77544.0,3233.0,35079.0,39232.0,1189.0,37.0,556.0
2020-08-23,78505.0,3272.0,35287.0,39946.0,961.0,39.0,208.0
2020-08-24,79330.0,3309.0,35517.0,40504.0,825.0,37.0,230.0
2020-08-25,80390.0,3367.0,35816.0,41207.0,1060.0,58.0,299.0
2020-08-26,81646.0,3421.0,36286.0,41939.0,1256.0,54.0,470.0
2020-08-27,83150.0,3459.0,36677.0,43014.0,1504.0,38.0,391.0
2020-08-28,84468.0,3507.0,37056.0,43905.0,1318.0,48.0,379.0
2020-08-29,85833.0,3539.0,37388.0,44906.0,1365.0,32.0,332.0
2020-08-30,86785.0,3578.0,37665.0,45542.0,952.0,39.0,277.0
2020-08-31,87540.0,3621.0,37869.0,46050.0,755.0,43.0,204.0
2020-09-01,88593.0,3681.0,38454.0,46458.0,1053.0,60.0,585.0
2020-09-02,89891.0,3721.0,38701.0,47469.0,1298.0,40.0,247.0
2020-09-03,91256.0,3765.0,39275.0,48216.0,1365.0,44.0,574.0
2020-09-04,92595.0,3812.0,39626.0,49157.0,1339.0,47.0,351.0
2020-09-05,93864.0,3850.0,40028.0,49986.0,1269.0,38.0,402.0
2020-09-06,95014.0,3893.0,40307.0,50814.0,1150.0,43.0,279.0
2020-09-07,95897.0,3926.0,40454.0,51517.0,883.0,33.0,147.0
2020-09-08,97033.0,3967.0,40838.0,52228.0,1136.0,41.0,384.0
2020-09-09,98304.0,4018.0,41002.0,53284.0,1271.0,51.0,164.0
2020-09-10,99684.0,4065.0,41010.0,54609.0,1380.0,47.0,8.0
2020-09-11,101075.0,4100.0,41010.0,55965.0,1391.0,35.0,0.0
2020-09-12,102386.0,4127.0,42811.0,55448.0,1311.0,27.0,1801.0
2020-09-13,103495.0,4163.0,43025.0,56307.0,1109.0,36.0,214.0
2020-09-14,104187.0,4185.0,43244.0,56758.0,692.0,22.0,219.0
2020-09-15,105298.0,4236.0,43244.0,57818.0,1111.0,51.0,0.0
2020-09-16,107011.0,4285.0,43244.0,59482.0,1713.0,49.0,0.0
2020-09-17,108690.0,4312.0,43244.0,61134.0,1679.0,27.0,0.0
2020-09-18,110217.0,4360.0,88235.0,17622.0,1527.0,48.0,44991.0
2020-09-19,111550.0,4402.0,89119.0,18029.0,1333.0,42.0,884.0
2020-09-20,112781.0,4435.0,89771.0,18575.0,1231.0,33.0,652.0
2020-09-21,113589.0,4458.0,90649.0,18482.0,808.0,23.0,878.0
2020-09-22,114648.0,4503.0,92169.0,17976.0,1059.0,45.0,1520.0
2020-09-23,116415.0,4550.0,93558.0,18307.0,1767.0,47.0,1389.0
2020-09-24,118054.0,4591.0,94877.0,18586.0,1639.0,41.0,1319.0
2020-09-25,119683.0,4633.0,96158.0,18892.0,1629.0,42.0,1281.0
2020-09-26,121235.0,4687.0,97554.0,18994.0,1552.0,54.0,1396.0
2020-09-27,122673.0,4718.0,98607.0,19348.0,1438.0,31.0,1053.0
2020-09-28,123944.0,4748.0,99344.0,19852.0,1271.0,30.0,737.0
2020-09-29,125414.0,4792.0,100636.0,19986.0,1470.0,44.0,1292.0
2020-09-30,127572.0,4825.0,102476.0,20271.0,2158.0,33.0,1840.0
2020-10-01,129658.0,4862.0,103994.0,20802.0,2086.0,37.0,1518.0
2020-10-02,132001.0,4915.0,105582.0,21504.0,2343.0,53.0,1588.0
2020-10-03,134065.0,4947.0,107058.0,22060.0,2064.0,32.0,1476.0
2020-10-04,135900.0,5003.0,108135.0,22762.0,1835.0,56.0,1077.0
2020-10-05,137491.0,5048.0,108526.0,23917.0,1591.0,45.0,391.0
2020-10-06,139612.0,5121.0,109898.0,24593.0,2121.0,73.0,1372.0
2020-10-07,142570.0,5203.0,111564.0,25803.0,2958.0,82.0,1666.0
2020-10-08,145700.0,5247.0,113112.0,27341.0,3130.0,44.0,1548.0
2020-10-09,148886.0,5299.0,114792.0,28795.0,3186.0,52.0,1680.0
2020-10-10,152403.0,5358.0,116628.0,30417.0,3517.0,59.0,1836.0
2020-10-11,155283.0,5411.0,117942.0,31930.0,2880.0,53.0,1314.0
2020-10-12,157352.0,5467.0,118912.0,32973.0,2069.0,56.0,970.0
2020-10-13,160461.0,5535.0,120515.0,34411.0,3109.0,68.0,1603.0
2020-10-14,164477.0,5601.0,122714.0,36162.0,4016.0,66.0,2199.0
2020-10-15,168490.0,5674.0,125009.0,37807.0,4013.0,73.0,2295.0
2020-10-16,172516.0,5749.0,127076.0,39691.0,4026.0,75.0,2067.0
2020-10-17,176468.0,5812.0,129556.0,41100.0,3952.0,63.0,2480.0
2020-10-18,180388.0,5872.0,130894.0,43622.0,3920.0,60.0,1338.0
2020-10-19,182854.0,5931.0,132082.0,44841.0,2466.0,59.0,1188.0
2020-10-20,186254.0,5996.0,134395.0,45863.0,3400.0,65.0,2313.0
2020-10-21,191102.0,6065.0,137835.0,47202.0,4848.0,69.0,3440.0
2020-10-22,196004.0,6163.0,141089.0,48752.0,4902.0,98.0,3254.0
2020-10-23,201032.0,6245.0,144429.0,50358.0,5028.0,82.0,3340.0
2020-10-24,205793.0,6318.0,147932.0,51543.0,4761.0,73.0,3503.0
