date,confirmed,deaths,recovered,active,new_confirmed,new_deaths,new_recovered
2020-01-31,2.0,0.0,0.0,0.0,,,
2020-02-01,2.0,0.0,0.0,2.0,0.0,0.0,0.0
2020-02-02,2.0,0.0,0.0,2.0,0.0,0.0,0.0
2020-02-03,2.0,0.0,0.0,2.0,0.0,0.0,0.0
2020-02-04,2.0,0.0,0.0,2.0,0.0,0.0,0.0
2020-02-05,2.0,0.0,0.0,2.0,0.0,0.0,0.0
2020-02-06,2.0,0.0,0.0,2.0,0.0,0.0,0.0
2020-02-07,2.0,0.0,0.0,2.0,0.0,0.0,0.0
2020-02-08,2.0,0.0,0.0,2.0,0.0,0.0,0.0
2020-02-09,2.0,0.0,0.0,2.0,0.0,0.0,0.0
2020-02-10,2.0,0.0,0.0,2.0,0.0,0.0,0.0
2020-02-11,2.0,0.0,0.0,2.0,0.0,0.0,0.0
2020-02-12,2.0,0.0,2.0,0.0,0.0,0.0,2.0
2020-02-13,2.0,0.0,2.0,0.0,0.0,0.0,0.0
2020-02-14,2.0,0.0,2.0,0.0,0.0,0.0,0.0
2020-02-15,2.0,0.0,2.0,0.0,0.0,0.0,0.0
2020-02-16,2.0,0.0,2.0,0.0,0.0,0.0,0.0
2020-02-17,2.0,0.0,2.0,0.0,0.0,0.0,0.0
2020-02-18,2.0,0.0,2.0,0.0,0.0,0.0,0.0
2020-02-19,2.0,0.0,2.0,0.0,0.0,0.0,0.0
2020-02-20,2.0,0.0,2.0,0.0,0.0,0.0,0.0
2020-02-21,2.0,0.0,2.0,0.0,0.0,0.0,0.0
2020-02-22,2.0,0.0,2.0,0.0,0.0,0.0,0.0
2020-02-23,2.0,0.0,2.0,0.0,0.0,0.0,0.0
2020-02-24,2.0,0.0,2.0,0.0,0.0,0.0,0.0
2020-02-25,2.0,0.0,2.0,0.0,0.0,0.0,0.0
2020-02-26,2.0,0.0,2.0,0.0,0.0,0.0,0.0
2020-02-27,2.0,0.0,2.0,0.0,0.0,0.0,0.0
2020-02-28,2.0,0.0,2.0,0.0,0.0,0.0,0.0
2020-02-29,2.0,0.0,2.0,0.0,0.0,0.0,0.0
2020-03-01,2.0,0.0,2.0,0.0,0.0,0.0,0.0
2020-03-02,3.0,0.0,2.0,1.0,1.0,0.0,0.0
2020-03-03,3.0,0.0,2.0,1.0,0.0,0.0,0.0
2020-03-04,3.0,0.0,2.0,1.0,0.0,0.0,0.0
2020-03-05,4.0,0.0,2.0,2.0,1.0,0.0,0.0
2020-03-06,13.0,0.0,2.0,11.0,9.0,0.0,0.0
2020-03-07,13.0,0.0,2.0,11.0,0.0,0.0,0.0
2020-03-08,17.0,0.0,3.0,14.0,4.0,0.0,1.0
2020-03-09,17.0,0.0,3.0,14.0,0.0,0.0,0.0
2020-03-10,10.0,0.0,3.0,7.0,-7.0,0.0,0.0
2020-03-11,20.0,0.0,3.0,17.0,10.0,0.0,0.0
2020-03-12,28.0,0.0,3.0,25.0,8.0,0.0,0.0
2020-03-13,45.0,0.0,3.0,42.0,17.0,0.0,0.0
2020-03-14,59.0,0.0,8.0,51.0,14.0,0.0,5.0
2020-03-15,63.0,0.0,8.0,55.0,4.0,0.0,0.0
2020-03-16,90.0,0.0,8.0,82.0,27.0,0.0,0.0
2020-03-17,114.0,0.0,8.0,106.0,24.0,0.0,0.0
2020-03-18,147.0,0.0,8.0,139.0,33.0,0.0,0.0
2020-03-19,199.0,1.0,9.0,189.0,52.0,1.0,1.0
2020-03-20,253.0,1.0,9.0,243.0,54.0,0.0,0.0
2020-03-21,306.0,1.0,12.0,293.0,53.0,0.0,3.0
2020-03-22,367.0,1.0,16.0,350.0,61.0,0.0,4.0
2020-03-23,438.0,1.0,17.0,420.0,71.0,0.0,1.0
2020-03-24,495.0,1.0,22.0,472.0,57.0,0.0,5.0
2020-03-25,658.0,3.0,29.0,626.0,163.0,2.0,7.0
2020-03-26,840.0,3.0,38.0,799.0,182.0,0.0,9.0
2020-03-27,1036.0,4.0,45.0,987.0,196.0,1.0,7.0
2020-03-28,1264.0,4.0,49.0,1211.0,228.0,0.0,4.0
2020-03-29,1534.0,8.0,64.0,1462.0,270.0,4.0,15.0
2020-03-30,1836.0,9.0,66.0,1761.0,302.0,1.0,2.0
2020-03-31,2337.0,17.0,121.0,2199.0,501.0,8.0,55.0
2020-04-01,2777.0,24.0,190.0,2563.0,440.0,7.0,69.0
2020-04-02,3548.0,30.0,235.0,3283.0,771.0,6.0,45.0
2020-04-03,4149.0,34.0,281.0,3834.0,601.0,4.0,46.0
2020-04-04,4731.0,43.0,333.0,4355.0,582.0,9.0,52.0
2020-04-05,5389.0,45.0,355.0,4989.0,658.0,2.0,22.0
2020-04-06,6343.0,47.0,406.0,5890.0,954.0,2.0,51.0
2020-04-07,7497.0,58.0,494.0,6945.0,1154.0,11.0,88.0
2020-04-08,8672.0,63.0,580.0,8029.0,1175.0,5.0,86.0
2020-04-09,10131.0,76.0,698.0,9357.0,1459.0,13.0,118.0
2020-04-10,11917.0,94.0,795.0,11028.0,1786.0,18.0,97.0
2020-04-11,13584.0,106.0,1045.0,12433.0,1667.0,12.0,250.0
2020-04-12,15770.0,130.0,1291.0,14349.0,2186.0,24.0,246.0
2020-04-13,18328.0,148.0,1470.0,16710.0,2558.0,18.0,179.0
2020-04-14,21102.0,170.0,1694.0,19238.0,2774.0,22.0,224.0
2020-04-15,24490.0,198.0,1986.0,22306.0,3388.0,28.0,292.0
2020-04-16,27938.0,232.0,2304.0,25402.0,3448.0,34.0,318.0
2020-04-17,32008.0,273.0,2590.0,29145.0,4070.0,41.0,286.0
2020-04-18,36793.0,313.0,3057.0,33423.0,4785.0,40.0,467.0
2020-04-19,42853.0,361.0,3291.0,39201.0,6060.0,48.0,234.0
2020-04-20,47121.0,405.0,3446.0,43270.0,4268.0,44.0,155.0
2020-04-21,52763.0,456.0,3873.0,48434.0,5642.0,51.0,427.0
2020-04-22,57999.0,513.0,4420.0,53066.0,5236.0,57.0,547.0
2020-04-23,62773.0,555.0,4891.0,57327.0,4774.0,42.0,471.0
2020-04-24,68622.0,615.0,5568.0,62439.0,5849.0,60.0,677.0
2020-04-25,74588.0,681.0,6250.0,67657.0,5966.0,66.0,682.0
2020-04-26,80949.0,747.0,6767.0,73435.0,6361.0,66.0,517.0
2020-04-27,87147.0,794.0,7346.0,79007.0,6198.0,47.0,579.0
2020-04-28,93558.0,867.0,8456.0,84235.0,6411.0,73.0,1110.0
2020-04-29,99399.0,972.0,10286.0,88141.0,5841.0,105.0,1830.0
2020-04-30,106498.0,1073.0,11619.0,93806.0,7099.0,101.0,1333.0
2020-05-01,114431.0,1169.0,13220.0,100042.0,7933.0,96.0,1601.0
2020-05-02,124054.0,1222.0,15013.0,107819.0,9623.0,53.0,1793.0
2020-05-03,134687.0,1280.0,16639.0,116768.0,10633.0,58.0,1626.0
2020-05-04,145268.0,1356.0,18095.0,125817.0,10581.0,76.0,1456.0
2020-05-05,155370.0,1451.0,19865.0,134054.0,10102.0,95.0,1770.0
2020-05-06,165929.0,1537.0,21327.0,143065.0,10559.0,86.0,1462.0
2020-05-07,177160.0,1625.0,23803.0,151732.0,11231.0,88.0,2476.0
2020-05-08,187859.0,1723.0,26608.0,159528.0,10699.0,98.0,2805.0
2020-05-09,198676.0,1827.0,31916.0,164933.0,10817.0,104.0,5308.0
2020-05-10,209688.0,1915.0,34306.0,173467.0,11012.0,88.0,2390.0
2020-05-11,221344.0,2009.0,39801.0,179534.0,11656.0,94.0,5495.0
2020-05-12,232243.0,2116.0,43512.0,186615.0,10899.0,107.0,3711.0
2020-05-13,242271.0,2212.0,48003.0,192056.0,10028.0,96.0,4491.0
2020-05-14,252245.0,2305.0,53530.0,196410.0,9974.0,93.0,5527.0
2020-05-15,262843.0,2418.0,58226.0,202199.0,10598.0,113.0,4696.0
2020-05-16,272043.0,2537.0,63166.0,206340.0,9200.0,119.0,4940.0
2020-05-17,281752.0,2631.0,67373.0,211748.0,9709.0,94.0,4207.0
2020-05-18,290678.0,2722.0,70209.0,217747.0,8926.0,91.0,2836.0
2020-05-19,299941.0,2837.0,76130.0,220974.0,9263.0,115.0,5921.0
2020-05-20,308705.0,2972.0,85392.0,220341.0,8764.0,135.0,9262.0
2020-05-21,317554.0,3099.0,92681.0,221774.0,8849.0,127.0,7289.0
2020-05-22,326448.0,3249.0,99825.0,223374.0,8894.0,150.0,7144.0
2020-05-23,335882.0,3388.0,107936.0,224558.0,9434.0,139.0,8111.0
2020-05-24,344481.0,3541.0,113299.0,227641.0,8599.0,153.0,5363.0
2020-05-25,353427.0,3633.0,118798.0,230996.0,8946.0,92.0,5499.0
2020-05-26,362342.0,3807.0,131129.0,227406.0,8915.0,174.0,12331.0
2020-05-27,370680.0,3968.0,142208.0,224504.0,8338.0,161.0,11079.0
2020-05-28,379051.0,4142.0,150993.0,223916.0,8371.0,174.0,8785.0
2020-05-29,387623.0,4374.0,159257.0,223992.0,8572.0,232.0,8264.0
2020-05-30,396575.0,4555.0,167469.0,224551.0,8952.0,181.0,8212.0
2020-05-31,405843.0,4693.0,171883.0,229267.0,9268.0,138.0,4414.0
2020-06-01,414328.0,4849.0,175514.0,233965.0,8485.0,156.0,3631.0
2020-06-02,423186.0,5031.0,186602.0,231553.0,8858.0,182.0,11088.0
2020-06-03,431715.0,5208.0,195559.0,230948.0,8529.0,177.0,8957.0
2020-06-04,440538.0,5376.0,204197.0,230965.0,8823.0,168.0,8638.0
2020-06-05,449256.0,5520.0,212237.0,231499.0,8718.0,144.0,8040.0
2020-06-06,458102.0,5717.0,220935.0,231450.0,8846.0,197.0,8698.0
2020-06-07,467073.0,5851.0,226272.0,234950.0,8971.0,134.0,5337.0
2020-06-08,476043.0,5963.0,230226.0,239854.0,8970.0,112.0,3954.0
2020-06-09,484630.0,6134.0,241917.0,236579.0,8587.0,171.0,11691.0
2020-06-10,493023.0,6350.0,252295.0,234378.0,8393.0,216.0,10378.0
2020-06-11,501800.0,6522.0,260649.0,234629.0,8777.0,172.0,8354.0
2020-06-12,510761.0,6705.0,268862.0,235194.0,8961.0,183.0,8213.0
2020-06-13,519458.0,6819.0,274128.0,238511.0,8697.0,114.0,5266.0
2020-06-14,528267.0,6938.0,279536.0,241793.0,8809.0,119.0,5408.0
2020-06-15,536484.0,7081.0,284021.0,245382.0,8217.0,143.0,4485.0
2020-06-16,544725.0,7274.0,293780.0,243671.0,8241.0,193.0,9759.0
2020-06-17,552549.0,7468.0,303800.0,241281.0,7824.0,194.0,10020.0
2020-06-18,560321.0,7650.0,313409.0,239262.0,7772.0,182.0,9609.0
2020-06-19,568292.0,7831.0,323851.0,236610.0,7971.0,181.0,10442.0
2020-06-20,576162.0,7992.0,334024.0,234146.0,7870.0,161.0,10173.0
2020-06-21,583879.0,8101.0,339142.0,236636.0,7717.0,109.0,5118.0
2020-06-22,591465.0,8196.0,343847.0,239422.0,7586.0,95.0,4705.0
2020-06-23,598878.0,8349.0,355847.0,234682.0,7413.0,153.0,12000.0
2020-06-24,606043.0,8503.0,368222.0,229318.0,7165.0,154.0,12375.0
2020-06-25,613148.0,8594.0,374557.0,229997.0,7105.0,91.0,6335.0
2020-06-26,619936.0,8770.0,383524.0,227642.0,6788.0,176.0,8967.0
2020-06-27,626779.0,8958.0,392703.0,225118.0,6843.0,188.0,9179.0
2020-06-28,633563.0,9060.0,398436.0,226067.0,6784.0,102.0,5733.0
2020-06-29,640246.0,9152.0,402778.0,228316.0,6683.0,92.0,4342.0
2020-06-30,646929.0,9306.0,411973.0,225650.0,6683.0,154.0,9195.0
2020-07-01,653479.0,9521.0,422235.0,221723.0,6550.0,215.0,10262.0
2020-07-02,660231.0,9668.0,428276.0,222287.0,6752.0,147.0,6041.0
2020-07-03,666941.0,9844.0,437155.0,219942.0,6710.0,176.0,8879.0
2020-07-04,673564.0,10011.0,446127.0,217426.0,6623.0,167.0,8972.0
2020-07-05,680283.0,10145.0,449995.0,220143.0,6719.0,134.0,3868.0
2020-07-06,686852.0,10280.0,453570.0,223002.0,6569.0,135.0,3575.0
2020-07-07,693215.0,10478.0,463103.0,219634.0,6363.0,198.0,9533.0
2020-07-08,699749.0,10650.0,471718.0,217381.0,6534.0,172.0,8615.0
2020-07-09,706240.0,10826.0,480494.0,214920.0,6491.0,176.0,8776.0
2020-07-10,712863.0,11000.0,488234.0,213629.0,6623.0,174.0,7740.0
2020-07-11,719449.0,11188.0,496594.0,211667.0,6586.0,188.0,8360.0
2020-07-12,726036.0,11318.0,500208.0,214510.0,6587.0,130.0,3614.0
2020-07-13,732547.0,11422.0,503168.0,217957.0,6511.0,104.0,2960.0
2020-07-14,738787.0,11597.0,511958.0,215232.0,6240.0,175.0,8790.0
2020-07-15,745197.0,11753.0,522375.0,211069.0,6410.0,156.0,10417.0
2020-07-16,751612.0,11920.0,530801.0,208891.0,6415.0,167.0,8426.0
2020-07-17,758001.0,12106.0,538467.0,207428.0,6389.0,186.0,7666.0
2020-07-18,764215.0,12228.0,545909.0,206078.0,6214.0,122.0,7442.0
2020-07-19,770311.0,12323.0,549387.0,208601.0,6096.0,95.0,3478.0
2020-07-20,776212.0,12408.0,552644.0,211160.0,5901.0,85.0,3257.0
2020-07-21,782040.0,12561.0,561397.0,208082.0,5828.0,153.0,8753.0
2020-07-22,787890.0,12726.0,571049.0,204115.0,5850.0,165.0,9652.0
2020-07-23,793720.0,12873.0,579295.0,201552.0,5830.0,147.0,8246.0
2020-07-24,799499.0,13026.0,587728.0,198745.0,5779.0,153.0,8433.0
2020-07-25,805332.0,13172.0,596064.0,196096.0,5833.0,146.0,8336.0
2020-07-26,811073.0,13249.0,599172.0,198652.0,5741.0,77.0,3108.0
2020-07-27,816680.0,13334.0,602249.0,201097.0,5607.0,85.0,3077.0
2020-07-28,822060.0,13483.0,611109.0,197468.0,5380.0,149.0,8860.0
2020-07-29,827509.0,13650.0,619204.0,194655.0,5449.0,167.0,8095.0
2020-07-30,832993.0,13778.0,628482.0,190733.0,5484.0,128.0,9278.0
2020-07-31,838461.0,13939.0,637217.0,187305.0,5468.0,161.0,8735.0
2020-08-01,843890.0,14034.0,645316.0,184540.0,5429.0,95.0,8099.0
2020-08-02,849277.0,14104.0,648961.0,186212.0,5387.0,70.0,3645.0
2020-08-03,854641.0,14183.0,652372.0,188086.0,5364.0,79.0,3411.0
2020-08-04,859762.0,14327.0,660235.0,185200.0,5121.0,144.0,7863.0
2020-08-05,864948.0,14465.0,667769.0,182714.0,5186.0,138.0,7534.0
2020-08-06,870187.0,14579.0,675069.0,180539.0,5239.0,114.0,7300.0
2020-08-07,875378.0,14698.0,682278.0,178402.0,5191.0,119.0,7209.0
2020-08-08,880563.0,14827.0,688856.0,176880.0,5185.0,129.0,6578.0
2020-08-09,885718.0,14903.0,692059.0,178756.0,5155.0,76.0,3203.0
2020-08-10,890799.0,14973.0,695317.0,180509.0,5081.0,70.0,3258.0
2020-08-11,895691.0,15103.0,701796.0,178792.0,4892.0,130.0,6479.0
2020-08-12,900745.0,15231.0,708900.0,176614.0,5054.0,128.0,7104.0
2020-08-13,905762.0,15353.0,714934.0,175475.0,5017.0,122.0,6034.0
2020-08-14,910778.0,15467.0,721473.0,173838.0,5016.0,114.0,6539.0
2020-08-15,915808.0,15585.0,727895.0,172328.0,5030.0,118.0,6422.0
2020-08-16,920719.0,15653.0,731444.0,173622.0,4911.0,68.0,3549.0
2020-08-17,925558.0,15707.0,734573.0,175278.0,4839.0,54.0,3129.0
2020-08-18,930276.0,15836.0,741045.0,173395.0,4718.0,129.0,6472.0
2020-08-19,935066.0,15951.0,747802.0,171313.0,4790.0,115.0,6757.0
2020-08-20,939833.0,16058.0,753868.0,169907.0,4767.0,107.0,6066.0
2020-08-21,944671.0,16148.0,759639.0,168884.0,4838.0,90.0,5771.0
2020-08-22,949531.0,16268.0,765754.0,167509.0,4860.0,120.0,6115.0
2020-08-23,954328.0,16341.0,768906.0,169081.0,4797.0,73.0,3152.0
2020-08-24,959016.0,16406.0,771357.0,171253.0,4688.0,65.0,2451.0
2020-08-25,963655.0,16524.0,777960.0,169171.0,4639.0,118.0,6603.0
2020-08-26,968297.0,16638.0,784277.0,167382.0,4642.0,114.0,6317.0
2020-08-27,972972.0,16758.0,790629.0,165585.0,4675.0,120.0,6352.0
2020-08-28,977730.0,16866.0,796498.0,164366.0,4758.0,108.0,5869.0
2020-08-29,982573.0,16977.0,802365.0,163231.0,4843.0,111.0,5867.0
2020-08-30,987470.0,17045.0,804941.0,165484.0,4897.0,68.0,2576.0
2020-08-31,992402.0,17128.0,807339.0,167935.0,4932.0,83.0,2398.0
2020-09-01,997072.0,17250.0,813603.0,166219.0,4670.0,122.0,6264.0
2020-09-02,1001965.0,17365.0,819043.0,165557.0,4893.0,115.0,5440.0
2020-09-03,1006923.0,17479.0,824783.0,164661.0,4958.0,114.0,5740.0
2020-09-04,1011987.0,17598.0,830532.0,163857.0,5064.0,119.0,5749.0
2020-09-05,1017131.0,17707.0,835884.0,163540.0,5144.0,109.0,5352.0
2020-09-06,1022228.0,17768.0,838680.0,165780.0,5097.0,61.0,2796.0
2020-09-07,1027334.0,17818.0,840997.0,168519.0,5106.0,50.0,2317.0
2020-09-08,1032354.0,17939.0,847746.0,166669.0,5020.0,121.0,6749.0
2020-09-09,1037526.0,18080.0,854069.0,165377.0,5172.0,141.0,6323.0
2020-09-10,1042836.0,18207.0,859961.0,164668.0,5310.0,127.0,5892.0
2020-09-11,1048257.0,18309.0,865646.0,164302.0,5421.0,102.0,5685.0
2020-09-12,1053663.0,18426.0,871000.0,164237.0,5406.0,117.0,5354.0
