date,confirmed,deaths,recovered,active,new_confirmed,new_deaths,new_recovered
2020-03-14,1.0,0.0,0.0,1.0,,,
2020-03-15,1.0,0.0,0.0,1.0,0.0,0.0,0.0
2020-03-16,5.0,0.0,0.0,5.0,4.0,0.0,0.0
2020-03-17,7.0,0.0,0.0,7.0,2.0,0.0,0.0
2020-03-18,8.0,0.0,0.0,8.0,1.0,0.0,0.0
2020-03-19,8.0,0.0,0.0,8.0,0.0,0.0,0.0
2020-03-20,17.0,0.0,0.0,17.0,9.0,0.0,0.0
2020-03-21,17.0,0.0,0.0,17.0,0.0,0.0,0.0
2020-03-22,19.0,0.0,0.0,19.0,2.0,0.0,0.0
2020-03-23,36.0,0.0,0.0,36.0,17.0,0.0,0.0
2020-03-24,40.0,0.0,0.0,40.0,4.0,0.0,0.0
2020-03-25,41.0,0.0,0.0,41.0,1.0,0.0,0.0
2020-03-26,50.0,0.0,0.0,50.0,9.0,0.0,0.0
2020-03-27,54.0,0.0,0.0,54.0,4.0,0.0,0.0
2020-03-28,60.0,0.0,0.0,60.0,6.0,0.0,0.0
2020-03-29,70.0,0.0,0.0,70.0,10.0,0.0,0.0
2020-03-30,70.0,0.0,0.0,70.0,0.0,0.0,0.0
2020-03-31,75.0,0.0,0.0,75.0,5.0,0.0,0.0
2020-04-01,82.0,0.0,0.0,82.0,7.0,0.0,0.0
2020-04-02,84.0,0.0,0.0,84.0,2.0,0.0,0.0
2020-04-03,89.0,0.0,0.0,89.0,5.0,0.0,0.0
2020-04-04,102.0,0.0,0.0,102.0,13.0,0.0,0.0
2020-04-05,104.0,0.0,4.0,100.0,2.0,0.0,4.0
2020-04-06,105.0,0.0,4.0,101.0,1.0,0.0,0.0
2020-04-07,105.0,0.0,7.0,98.0,0.0,0.0,3.0
2020-04-08,110.0,0.0,7.0,103.0,5.0,0.0,0.0
2020-04-09,110.0,0.0,7.0,103.0,0.0,0.0,0.0
2020-04-10,118.0,0.0,7.0,111.0,8.0,0.0,0.0
2020-04-11,120.0,0.0,18.0,102.0,2.0,0.0,11.0
2020-04-12,126.0,0.0,25.0,101.0,6.0,0.0,7.0
2020-04-13,127.0,0.0,42.0,85.0,1.0,0.0,17.0
2020-04-14,134.0,0.0,49.0,85.0,7.0,0.0,7.0
2020-04-15,136.0,0.0,54.0,82.0,2.0,0.0,5.0
2020-04-16,138.0,0.0,60.0,78.0,2.0,0.0,6.0
2020-04-17,143.0,0.0,65.0,78.0,5.0,0.0,5.0
2020-04-18,144.0,0.0,69.0,75.0,1.0,0.0,4.0
2020-04-19,147.0,0.0,76.0,71.0,3.0,0.0,7.0
2020-04-20,147.0,0.0,76.0,71.0,0.0,0.0,0.0
2020-04-21,150.0,0.0,84.0,66.0,3.0,0.0,8.0
2020-04-22,153.0,0.0,84.0,69.0,3.0,0.0,0.0
2020-04-23,154.0,0.0,87.0,67.0,1.0,0.0,3.0
2020-04-24,176.0,0.0,87.0,89.0,22.0,0.0,0.0
2020-04-25,183.0,0.0,88.0,95.0,7.0,0.0,1.0
2020-04-26,191.0,0.0,92.0,99.0,8.0,0.0,4.0
2020-04-27,207.0,0.0,93.0,114.0,16.0,0.0,1.0
2020-04-28,212.0,0.0,95.0,117.0,5.0,0.0,2.0
2020-04-29,225.0,0.0,98.0,127.0,13.0,0.0,3.0
2020-04-30,243.0,0.0,104.0,139.0,18.0,0.0,6.0
2020-05-01,249.0,0.0,109.0,140.0,6.0,0.0,5.0
2020-05-02,255.0,0.0,120.0,135.0,6.0,0.0,11.0
2020-05-03,259.0,0.0,124.0,135.0,4.0,0.0,4.0
2020-05-04,261.0,0.0,128.0,133.0,2.0,0.0,4.0
2020-05-05,261.0,0.0,129.0,132.0,0.0,0.0,1.0
2020-05-06,268.0,0.0,130.0,138.0,7.0,0.0,1.0
2020-05-07,271.0,0.0,133.0,138.0,3.0,0.0,3.0
2020-05-08,273.0,0.0,136.0,137.0,2.0,0.0,3.0
2020-05-09,280.0,0.0,140.0,140.0,7.0,0.0,4.0
2020-05-10,284.0,0.0,140.0,144.0,4.0,0.0,0.0
2020-05-11,285.0,0.0,150.0,135.0,1.0,0.0,10.0
2020-05-12,286.0,0.0,153.0,133.0,1.0,0.0,3.0
2020-05-13,287.0,0.0,164.0,123.0,1.0,0.0,11.0
2020-05-14,287.0,0.0,168.0,119.0,0.0,0.0,4.0
2020-05-15,287.0,0.0,177.0,110.0,0.0,0.0,9.0
2020-05-16,289.0,0.0,178.0,111.0,2.0,0.0,1.0
2020-05-17,292.0,0.0,197.0,95.0,3.0,0.0,19.0
2020-05-18,297.0,0.0,203.0,94.0,5.0,0.0,6.0
2020-05-19,308.0,0.0,209.0,99.0,11.0,0.0,6.0
2020-05-20,314.0,0.0,216.0,98.0,6.0,0.0,7.0
2020-05-21,320.0,0.0,217.0,103.0,6.0,0.0,1.0
2020-05-22,321.0,0.0,222.0,99.0,1.0,0.0,5.0
2020-05-23,325.0,0.0,227.0,98.0,4.0,0.0,5.0
2020-05-24,327.0,0.0,237.0,90.0,2.0,0.0,10.0
2020-05-25,336.0,0.0,238.0,98.0,9.0,0.0,1.0
2020-05-26,339.0,0.0,244.0,95.0,3.0,0.0,6.0
2020-05-27,346.0,0.0,245.0,101.0,7.0,0.0,1.0
2020-05-28,349.0,0.0,245.0,104.0,3.0,0.0,0.0
2020-05-29,355.0,0.0,247.0,108.0,6.0,0.0,2.0
2020-05-30,359.0,1.0,250.0,108.0,4.0,1.0,3.0
2020-05-31,370.0,1.0,256.0,113.0,11.0,0.0,6.0
2020-06-01,377.0,1.0,262.0,114.0,7.0,0.0,6.0
2020-06-02,384.0,2.0,269.0,113.0,7.0,1.0,7.0
2020-06-03,397.0,2.0,271.0,124.0,13.0,0.0,2.0
2020-06-04,410.0,2.0,280.0,128.0,13.0,0.0,9.0
2020-06-05,420.0,2.0,282.0,136.0,10.0,0.0,2.0
2020-06-06,431.0,2.0,283.0,146.0,11.0,0.0,1.0
2020-06-07,439.0,2.0,290.0,147.0,8.0,0.0,7.0
2020-06-08,451.0,2.0,297.0,152.0,12.0,0.0,7.0
2020-06-09,463.0,2.0,300.0,161.0,12.0,0.0,3.0
2020-06-10,476.0,2.0,307.0,167.0,13.0,0.0,7.0
2020-06-11,494.0,2.0,313.0,179.0,18.0,0.0,6.0
2020-06-12,510.0,2.0,321.0,187.0,16.0,0.0,8.0
2020-06-13,541.0,2.0,332.0,207.0,31.0,0.0,11.0
2020-06-14,582.0,2.0,332.0,248.0,41.0,0.0,0.0
2020-06-15,612.0,2.0,338.0,272.0,30.0,0.0,6.0
2020-06-16,636.0,2.0,338.0,296.0,24.0,0.0,0.0
2020-06-17,639.0,2.0,347.0,290.0,3.0,0.0,9.0
2020-06-18,646.0,2.0,350.0,294.0,7.0,0.0,3.0
2020-06-19,661.0,2.0,351.0,308.0,15.0,0.0,1.0
2020-06-20,702.0,2.0,357.0,343.0,41.0,0.0,6.0
2020-06-21,728.0,2.0,359.0,367.0,26.0,0.0,2.0
2020-06-22,787.0,2.0,370.0,415.0,59.0,0.0,11.0
2020-06-23,798.0,2.0,371.0,425.0,11.0,0.0,1.0
2020-06-24,830.0,2.0,376.0,452.0,32.0,0.0,5.0
2020-06-25,850.0,2.0,385.0,463.0,20.0,0.0,9.0
2020-06-26,858.0,2.0,398.0,458.0,8.0,0.0,13.0
2020-06-27,878.0,2.0,413.0,463.0,20.0,0.0,15.0
2020-06-28,900.0,2.0,443.0,455.0,22.0,0.0,30.0
2020-06-29,1001.0,2.0,443.0,556.0,101.0,0.0,0.0
2020-06-30,1025.0,2.0,447.0,576.0,24.0,0.0,4.0
2020-07-01,1042.0,3.0,480.0,559.0,17.0,1.0,33.0
2020-07-02,1063.0,3.0,493.0,567.0,21.0,0.0,13.0
2020-07-03,1081.0,3.0,512.0,566.0,18.0,0.0,19.0
2020-07-04,1092.0,3.0,523.0,566.0,11.0,0.0,11.0
2020-07-05,1105.0,3.0,567.0,535.0,13.0,0.0,44.0
2020-07-06,1113.0,3.0,575.0,535.0,8.0,0.0,8.0
2020-07-07,1172.0,3.0,595.0,574.0,59.0,0.0,20.0
2020-07-08,1194.0,3.0,610.0,581.0,22.0,0.0,15.0
2020-07-09,1210.0,3.0,623.0,584.0,16.0,0.0,13.0
2020-07-10,1252.0,3.0,635.0,614.0,42.0,0.0,12.0
2020-07-11,1299.0,4.0,663.0,632.0,47.0,1.0,28.0
2020-07-12,1337.0,4.0,684.0,649.0,38.0,0.0,21.0
2020-07-13,1378.0,4.0,710.0,664.0,41.0,0.0,26.0
2020-07-14,1416.0,4.0,737.0,675.0,38.0,0.0,27.0
2020-07-15,1435.0,4.0,752.0,679.0,19.0,0.0,15.0
2020-07-16,1473.0,4.0,770.0,699.0,38.0,0.0,18.0
2020-07-17,1485.0,4.0,811.0,670.0,12.0,0.0,41.0
2020-07-18,1539.0,5.0,819.0,715.0,54.0,1.0,8.0
2020-07-19,1582.0,5.0,834.0,743.0,43.0,0.0,15.0
2020-07-20,1629.0,5.0,838.0,786.0,47.0,0.0,4.0
2020-07-21,1655.0,5.0,848.0,802.0,26.0,0.0,10.0
2020-07-22,1689.0,5.0,867.0,817.0,34.0,0.0,19.0
2020-07-23,1710.0,5.0,889.0,816.0,21.0,0.0,22.0
2020-07-24,1729.0,5.0,900.0,824.0,19.0,0.0,11.0
2020-07-25,1752.0,5.0,907.0,840.0,23.0,0.0,7.0
2020-07-26,1821.0,5.0,918.0,898.0,69.0,0.0,11.0
2020-07-27,1879.0,5.0,975.0,899.0,58.0,0.0,57.0
2020-07-28,1926.0,5.0,1005.0,916.0,47.0,0.0,30.0
2020-07-29,1963.0,5.0,1036.0,922.0,37.0,0.0,31.0
2020-07-30,1994.0,5.0,1085.0,904.0,31.0,0.0,49.0
2020-07-31,2022.0,5.0,1106.0,911.0,28.0,0.0,21.0
2020-08-01,2042.0,5.0,1119.0,918.0,20.0,0.0,13.0
2020-08-02,2062.0,5.0,1144.0,913.0,20.0,0.0,25.0
2020-08-03,2092.0,5.0,1169.0,918.0,30.0,0.0,25.0
2020-08-04,2099.0,5.0,1222.0,872.0,7.0,0.0,53.0
2020-08-05,2104.0,5.0,1237.0,862.0,5.0,0.0,15.0
2020-08-06,2111.0,5.0,1258.0,848.0,7.0,0.0,21.0
2020-08-07,2128.0,5.0,1297.0,826.0,17.0,0.0,39.0
2020-08-08,2134.0,6.0,1300.0,828.0,6.0,1.0,3.0
2020-08-09,2140.0,7.0,1346.0,787.0,6.0,1.0,46.0
2020-08-10,2152.0,7.0,1392.0,753.0,12.0,0.0,46.0
2020-08-11,2171.0,7.0,1478.0,686.0,19.0,0.0,86.0
2020-08-12,2189.0,8.0,1524.0,657.0,18.0,1.0,46.0
2020-08-13,2200.0,8.0,1558.0,634.0,11.0,0.0,34.0
2020-08-14,2293.0,8.0,1604.0,681.0,93.0,0.0,46.0
2020-08-15,2352.0,8.0,1631.0,713.0,59.0,0.0,27.0
2020-08-16,2453.0,8.0,1648.0,797.0,101.0,0.0,17.0
2020-08-17,2540.0,8.0,1661.0,871.0,87.0,0.0,13.0
2020-08-18,2577.0,10.0,1683.0,884.0,37.0,2.0,22.0
2020-08-19,2644.0,10.0,1698.0,936.0,67.0,0.0,15.0
2020-08-20,2717.0,11.0,1705.0,1001.0,73.0,1.0,7.0
2020-08-21,2780.0,11.0,1712.0,1057.0,63.0,0.0,7.0
2020-08-22,2889.0,11.0,1754.0,1124.0,109.0,0.0,42.0
2020-08-23,3089.0,12.0,1755.0,1322.0,200.0,1.0,1.0
2020-08-24,3306.0,14.0,1785.0,1507.0,217.0,2.0,30.0
2020-08-25,3537.0,15.0,1806.0,1716.0,231.0,1.0,21.0
2020-08-26,3625.0,15.0,1810.0,1800.0,88.0,0.0,4.0
2020-08-27,3672.0,15.0,1863.0,1794.0,47.0,0.0,53.0
2020-08-28,3742.0,16.0,1866.0,1860.0,70.0,1.0,3.0
2020-08-29,3843.0,16.0,1904.0,1923.0,101.0,0.0,38.0
2020-08-30,4020.0,16.0,1918.0,2086.0,177.0,0.0,14.0
2020-08-31,4063.0,16.0,2013.0,2034.0,43.0,0.0,95.0
2020-09-01,4142.0,16.0,2044.0,2082.0,79.0,0.0,31.0
2020-09-02,4218.0,17.0,2071.0,2130.0,76.0,1.0,27.0
2020-09-03,4255.0,18.0,2163.0,2074.0,37.0,1.0,92.0
2020-09-04,4304.0,18.0,2191.0,2095.0,49.0,0.0,28.0
2020-09-05,4349.0,18.0,2199.0,2132.0,45.0,0.0,8.0
2020-09-06,4374.0,19.0,2235.0,2120.0,25.0,1.0,36.0
2020-09-07,4409.0,19.0,2271.0,2119.0,35.0,0.0,36.0
2020-09-08,4439.0,20.0,2307.0,2112.0,30.0,1.0,36.0
2020-09-09,4460.0,21.0,2325.0,2114.0,21.0,1.0,18.0
2020-09-10,4479.0,22.0,2352.0,2105.0,19.0,1.0,27.0
2020-09-11,4534.0,22.0,2450.0,2062.0,55.0,0.0,98.0
2020-09-12,4565.0,22.0,2544.0,1999.0,31.0,0.0,94.0
2020-09-13,4591.0,22.0,2556.0,2013.0,26.0,0.0,12.0
2020-09-14,4602.0,22.0,2736.0,1844.0,11.0,0.0,180.0
2020-09-15,4624.0,22.0,2767.0,1835.0,22.0,0.0,31.0
2020-09-16,4634.0,22.0,2789.0,1823.0,10.0,0.0,22.0
2020-09-17,4653.0,23.0,2817.0,1813.0,19.0,1.0,28.0
2020-09-18,4671.0,25.0,2845.0,1801.0,18.0,2.0,28.0
2020-09-19,4689.0,26.0,2910.0,1753.0,18.0,1.0,65.0
2020-09-20,4711.0,26.0,2961.0,1724.0,22.0,0.0,51.0
2020-09-21,4722.0,27.0,2973.0,1722.0,11.0,1.0,12.0
2020-09-22,4738.0,27.0,2991.0,1720.0,16.0,0.0,18.0
2020-09-23,4779.0,27.0,2995.0,1757.0,41.0,0.0,4.0
2020-09-24,4789.0,27.0,3050.0,1712.0,10.0,0.0,55.0
2020-09-25,4798.0,29.0,3080.0,1689.0,9.0,2.0,30.0
2020-09-26,4811.0,29.0,3091.0,1691.0,13.0,0.0,11.0
2020-09-27,4820.0,29.0,3099.0,1692.0,9.0,0.0,8.0
2020-09-28,4832.0,29.0,3117.0,1686.0,12.0,0.0,18.0
2020-09-29,4836.0,29.0,3125.0,1682.0,4.0,0.0,8.0
2020-09-30,4840.0,29.0,3154.0,1657.0,4.0,0.0,29.0
2020-10-01,4843.0,29.0,3181.0,1633.0,3.0,0.0,27.0
2020-10-02,4847.0,29.0,3197.0,1621.0,4.0,0.0,16.0
2020-10-03,4852.0,29.0,3211.0,1612.0,5.0,0.0,14.0
2020-10-04,4866.0,29.0,3216.0,1621.0,14.0,0.0,5.0
2020-10-05,4867.0,29.0,3226.0,1612.0,1.0,0.0,10.0
2020-10-06,4873.0,29.0,3246.0,1598.0,6.0,0.0,20.0
2020-10-07,4883.0,29.0,3408.0,1446.0,10.0,0.0,162.0
2020-10-08,4885.0,29.0,3542.0,1314.0,2.0,0.0,134.0
2020-10-09,4890.0,30.0,3555.0,1305.0,5.0,1.0,13.0
2020-10-10,4892.0,30.0,3566.0,1296.0,2.0,0.0,11.0
2020-10-11,4896.0,31.0,3606.0,1259.0,4.0,1.0,40.0
2020-10-12,4905.0,32.0,3877.0,996.0,9.0,1.0,271.0
2020-10-13,4908.0,32.0,4130.0,746.0,3.0,0.0,253.0
2020-10-14,4940.0,33.0,4398.0,509.0,32.0,1.0,268.0
2020-10-15,4953.0,33.0,4601.0,319.0,13.0,0.0,203.0
2020-10-16,4965.0,34.0,4664.0,267.0,12.0,1.0,63.0
2020-10-17,4971.0,34.0,4768.0,169.0,6.0,0.0,104.0
2020-10-18,4974.0,34.0,4783.0,157.0,3.0,0.0,15.0
2020-10-19,4992.0,34.0,4797.0,161.0,18.0,0.0,14.0
2020-10-20,4996.0,34.0,4797.0,165.0,4.0,0.0,0.0
2020-10-21,5012.0,34.0,4798.0,180.0,16.0,0.0,1.0
2020-10-22,5017.0,34.0,4803.0,180.0,5.0,0.0,5.0
2020-10-23,5052.0,34.0,4806.0,212.0,35.0,0.0,3.0
2020-10-24,5060.0,34.0,4806.0,220.0,8.0,0.0,0.0
2020-10-25,5066.0,34.0,4830.0,202.0,6.0,0.0,24.0
2020-10-26,5073.0,34.0,4848.0,191.0,7.0,0.0,18.0
2020-10-27,5084.0,35.0,4851.0,198.0,11.0,1.0,3.0
2020-10-28,5129.0,35.0,4851.0,243.0,45.0,0.0,0.0
2020-10-29,5131.0,35.0,4851.0,245.0,2.0,0.0,0.0
2020-10-30,5134.0,35.0,4878.0,221.0,3.0,0.0,27.0
2020-10-31,5137.0,35.0,4879.0,223.0,3.0,0.0,1.0
2020-11-01,5146.0,35.0,4921.0,190.0,9.0,0.0,42.0
2020-11-02,5155.0,35.0,4922.0,198.0,9.0,0.0,1.0
2020-11-03,5162.0,35.0,4930.0,197.0,7.0,0.0,8.0
2020-11-04,5174.0,35.0,4930.0,209.0,12.0,0.0,0.0
2020-11-05,5192.0,36.0,4940.0,216.0,18.0,1.0,10.0
2020-11-06,5208.0,36.0,4953.0,219.0,16.0,0.0,13.0
2020-11-07,5213.0,36.0,4953.0,224.0,5.0,0.0,0.0
2020-11-08,5222.0,36.0,4960.0,226.0,9.0,0.0,7.0
2020-11-09,5242.0,38.0,4967.0,237.0,20.0,2.0,7.0
2020-11-10,5262.0,40.0,4967.0,255.0,20.0,2.0,0.0
2020-11-11,5312.0,41.0,4974.0,297.0,50.0,1.0,7.0
2020-11-12,5319.0,41.0,4974.0,304.0,7.0,0.0,0.0
2020-11-13,5362.0,42.0,4993.0,327.0,43.0,1.0,19.0
2020-11-14,5394.0,42.0,4994.0,358.0,32.0,0.0,1.0
2020-11-15,5455.0,45.0,4995.0,415.0,61.0,3.0,1.0
2020-11-16,5491.0,45.0,5004.0,442.0,36.0,0.0,9.0
