date,confirmed,deaths,recovered,active,new_confirmed,new_deaths,new_recovered
2020-02-27,1.0,0.0,0.0,1.0,,,
2020-02-28,1.0,0.0,0.0,1.0,0.0,0.0,0.0
2020-02-29,1.0,0.0,0.0,1.0,0.0,0.0,0.0
2020-03-01,1.0,0.0,0.0,1.0,0.0,0.0,0.0
2020-03-02,8.0,0.0,0.0,8.0,7.0,0.0,0.0
2020-03-03,10.0,1.0,0.0,9.0,2.0,1.0,0.0
2020-03-04,16.0,1.0,0.0,15.0,6.0,0.0,0.0
2020-03-05,21.0,1.0,0.0,20.0,5.0,0.0,0.0
2020-03-06,21.0,1.0,0.0,20.0,0.0,0.0,0.0
2020-03-07,23.0,1.0,0.0,22.0,2.0,0.0,0.0
2020-03-08,36.0,1.0,0.0,35.0,13.0,0.0,0.0
2020-03-09,36.0,1.0,0.0,35.0,0.0,0.0,0.0
2020-03-10,51.0,2.0,0.0,49.0,15.0,1.0,0.0
2020-03-11,62.0,2.0,0.0,60.0,11.0,0.0,0.0
2020-03-12,69.0,3.0,0.0,66.0,7.0,1.0,0.0
2020-03-13,80.0,5.0,0.0,75.0,11.0,2.0,0.0
2020-03-14,80.0,5.0,4.0,71.0,0.0,0.0,4.0
2020-03-15,101.0,5.0,4.0,92.0,21.0,0.0,0.0
2020-03-16,109.0,7.0,4.0,98.0,8.0,2.0,0.0
2020-03-17,109.0,7.0,4.0,98.0,0.0,0.0,0.0
2020-03-18,119.0,11.0,4.0,104.0,10.0,4.0,0.0
2020-03-19,119.0,11.0,4.0,104.0,0.0,0.0,0.0
2020-03-20,144.0,14.0,4.0,126.0,25.0,3.0,0.0
2020-03-21,144.0,20.0,4.0,120.0,0.0,6.0,0.0
2020-03-22,175.0,20.0,4.0,151.0,31.0,0.0,0.0
2020-03-23,187.0,20.0,4.0,163.0,12.0,0.0,0.0
2020-03-24,187.0,21.0,4.0,162.0,0.0,1.0,0.0
2020-03-25,208.0,21.0,4.0,183.0,21.0,0.0,0.0
2020-03-26,208.0,21.0,4.0,183.0,0.0,0.0,0.0
2020-03-27,223.0,21.0,4.0,198.0,15.0,0.0,0.0
2020-03-28,224.0,22.0,6.0,196.0,1.0,1.0,2.0
2020-03-29,224.0,22.0,6.0,196.0,0.0,0.0,0.0
2020-03-30,230.0,25.0,13.0,192.0,6.0,3.0,7.0
2020-03-31,236.0,26.0,13.0,197.0,6.0,1.0,0.0
2020-04-01,236.0,26.0,13.0,197.0,0.0,0.0,0.0
2020-04-02,245.0,30.0,21.0,194.0,9.0,4.0,8.0
2020-04-03,245.0,30.0,21.0,194.0,0.0,0.0,0.0
2020-04-04,259.0,32.0,27.0,200.0,14.0,2.0,6.0
2020-04-05,266.0,32.0,35.0,199.0,7.0,0.0,8.0
2020-04-06,266.0,32.0,35.0,199.0,0.0,0.0,0.0
2020-04-07,279.0,34.0,40.0,205.0,13.0,2.0,5.0
2020-04-08,279.0,34.0,40.0,205.0,0.0,0.0,0.0
2020-04-09,333.0,34.0,49.0,250.0,54.0,0.0,9.0
2020-04-10,344.0,34.0,50.0,260.0,11.0,0.0,1.0
2020-04-11,356.0,35.0,53.0,268.0,12.0,1.0,3.0
2020-04-12,356.0,35.0,53.0,268.0,0.0,0.0,0.0
2020-04-13,356.0,35.0,53.0,268.0,0.0,0.0,0.0
2020-04-14,371.0,36.0,53.0,282.0,15.0,1.0,0.0
2020-04-15,372.0,36.0,53.0,283.0,1.0,0.0,0.0
2020-04-16,426.0,38.0,55.0,333.0,54.0,2.0,2.0
2020-04-17,435.0,39.0,57.0,339.0,9.0,1.0,2.0
2020-04-18,455.0,39.0,60.0,356.0,20.0,0.0,3.0
2020-04-19,461.0,39.0,60.0,362.0,6.0,0.0,0.0
2020-04-20,462.0,39.0,61.0,362.0,1.0,0.0,1.0
2020-04-21,476.0,40.0,62.0,374.0,14.0,1.0,1.0
2020-04-22,488.0,40.0,62.0,386.0,12.0,0.0,0.0
2020-04-23,501.0,40.0,63.0,398.0,13.0,0.0,1.0
2020-04-24,513.0,40.0,64.0,409.0,12.0,0.0,1.0
2020-04-25,513.0,40.0,64.0,409.0,0.0,0.0,0.0
2020-04-26,538.0,41.0,64.0,433.0,25.0,1.0,0.0
2020-04-27,538.0,41.0,64.0,433.0,0.0,0.0,0.0
2020-04-28,553.0,41.0,64.0,448.0,15.0,0.0,0.0
2020-04-29,563.0,41.0,69.0,453.0,10.0,0.0,5.0
2020-04-30,569.0,41.0,78.0,450.0,6.0,0.0,9.0
2020-05-01,580.0,41.0,82.0,457.0,11.0,0.0,4.0
2020-05-02,580.0,41.0,83.0,456.0,0.0,0.0,1.0
2020-05-03,582.0,41.0,86.0,455.0,2.0,0.0,3.0
2020-05-04,582.0,41.0,86.0,455.0,0.0,0.0,0.0
2020-05-05,589.0,41.0,92.0,456.0,7.0,0.0,6.0
2020-05-06,608.0,41.0,97.0,470.0,19.0,0.0,5.0
2020-05-07,622.0,41.0,106.0,475.0,14.0,0.0,9.0
2020-05-08,623.0,41.0,114.0,468.0,1.0,0.0,8.0
2020-05-09,637.0,41.0,126.0,470.0,14.0,0.0,12.0
2020-05-10,628.0,41.0,126.0,461.0,-9.0,0.0,0.0
2020-05-11,628.0,41.0,130.0,457.0,0.0,0.0,4.0
2020-05-12,638.0,41.0,161.0,436.0,10.0,0.0,31.0
2020-05-13,643.0,41.0,161.0,441.0,5.0,0.0,0.0
2020-05-14,648.0,41.0,172.0,435.0,5.0,0.0,11.0
2020-05-15,652.0,41.0,189.0,422.0,4.0,0.0,17.0
2020-05-16,653.0,41.0,198.0,414.0,1.0,0.0,9.0
2020-05-17,654.0,41.0,201.0,412.0,1.0,0.0,3.0
2020-05-18,654.0,41.0,203.0,410.0,0.0,0.0,2.0
2020-05-19,655.0,41.0,211.0,403.0,1.0,0.0,8.0
2020-05-20,656.0,41.0,220.0,395.0,1.0,0.0,9.0
2020-05-21,658.0,41.0,235.0,382.0,2.0,0.0,15.0
2020-05-22,661.0,41.0,254.0,366.0,3.0,0.0,19.0
2020-05-23,665.0,42.0,266.0,357.0,4.0,1.0,12.0
2020-05-24,665.0,42.0,266.0,357.0,0.0,0.0,0.0
2020-05-25,666.0,42.0,270.0,354.0,1.0,0.0,4.0
2020-05-26,666.0,42.0,275.0,349.0,0.0,0.0,5.0
2020-05-27,667.0,42.0,294.0,331.0,1.0,0.0,19.0
2020-05-28,670.0,42.0,322.0,306.0,3.0,0.0,28.0
2020-05-29,671.0,42.0,344.0,285.0,1.0,0.0,22.0
2020-05-30,671.0,42.0,357.0,272.0,0.0,0.0,13.0
2020-05-31,671.0,42.0,357.0,272.0,0.0,0.0,0.0
2020-06-01,671.0,42.0,359.0,270.0,0.0,0.0,2.0
2020-06-02,672.0,42.0,384.0,246.0,1.0,0.0,25.0
2020-06-03,674.0,42.0,391.0,241.0,2.0,0.0,7.0
2020-06-04,678.0,42.0,408.0,228.0,4.0,0.0,17.0
2020-06-05,680.0,42.0,428.0,210.0,2.0,0.0,20.0
2020-06-06,680.0,42.0,428.0,210.0,0.0,0.0,0.0
2020-06-07,680.0,42.0,428.0,210.0,0.0,0.0,0.0
2020-06-08,687.0,42.0,478.0,167.0,7.0,0.0,50.0
2020-06-09,688.0,42.0,483.0,163.0,1.0,0.0,5.0
2020-06-10,691.0,42.0,496.0,153.0,3.0,0.0,13.0
2020-06-11,691.0,42.0,496.0,153.0,0.0,0.0,0.0
2020-06-12,694.0,42.0,520.0,132.0,3.0,0.0,24.0
2020-06-13,694.0,42.0,520.0,132.0,0.0,0.0,0.0
2020-06-14,694.0,42.0,520.0,132.0,0.0,0.0,0.0
2020-06-15,694.0,42.0,575.0,77.0,0.0,0.0,55.0
2020-06-16,694.0,42.0,590.0,62.0,0.0,0.0,15.0
2020-06-17,696.0,42.0,591.0,63.0,2.0,0.0,1.0
2020-06-18,696.0,42.0,609.0,45.0,0.0,0.0,18.0
2020-06-19,696.0,42.0,610.0,44.0,0.0,0.0,1.0
2020-06-20,696.0,42.0,610.0,44.0,0.0,0.0,0.0
2020-06-21,696.0,42.0,610.0,44.0,0.0,0.0,0.0
2020-06-22,697.0,42.0,627.0,28.0,1.0,0.0,17.0
2020-06-23,698.0,42.0,632.0,24.0,1.0,0.0,5.0
2020-06-24,698.0,42.0,647.0,9.0,0.0,0.0,15.0
2020-06-25,698.0,42.0,653.0,3.0,0.0,0.0,6.0
2020-06-26,698.0,42.0,656.0,0.0,0.0,0.0,3.0
2020-06-27,698.0,42.0,656.0,0.0,0.0,0.0,0.0
2020-06-28,698.0,42.0,656.0,0.0,0.0,0.0,0.0
2020-06-29,698.0,42.0,656.0,0.0,0.0,0.0,0.0
2020-06-30,698.0,42.0,656.0,0.0,0.0,0.0,0.0
2020-07-01,698.0,42.0,656.0,0.0,0.0,0.0,0.0
2020-07-02,698.0,42.0,656.0,0.0,0.0,0.0,0.0
2020-07-03,698.0,42.0,656.0,0.0,0.0,0.0,0.0
2020-07-04,698.0,42.0,656.0,0.0,0.0,0.0,0.0
2020-07-05,698.0,42.0,656.0,0.0,0.0,0.0,0.0
2020-07-06,698.0,42.0,656.0,0.0,0.0,0.0,0.0
2020-07-07,698.0,42.0,656.0,0.0,0.0,0.0,0.0
2020-07-08,698.0,42.0,656.0,0.0,0.0,0.0,0.0
2020-07-09,699.0,42.0,656.0,1.0,1.0,0.0,0.0
2020-07-10,699.0,42.0,656.0,1.0,0.0,0.0,0.0
2020-07-11,699.0,42.0,656.0,1.0,0.0,0.0,0.0
2020-07-12,699.0,42.0,656.0,1.0,0.0,0.0,0.0
2020-07-13,699.0,42.0,656.0,1.0,0.0,0.0,0.0
2020-07-14,699.0,42.0,656.0,1.0,0.0,0.0,0.0
2020-07-15,699.0,42.0,656.0,1.0,0.0,0.0,0.0
2020-07-16,699.0,42.0,656.0,1.0,0.0,0.0,0.0
2020-07-17,699.0,42.0,656.0,1.0,0.0,0.0,0.0
2020-07-18,699.0,42.0,656.0,1.0,0.0,0.0,0.0
2020-07-19,699.0,42.0,656.0,1.0,0.0,0.0,0.0
2020-07-20,699.0,42.0,656.0,1.0,0.0,0.0,0.0
2020-07-21,699.0,42.0,656.0,1.0,0.0,0.0,0.0
2020-07-22,699.0,42.0,656.0,1.0,0.0,0.0,0.0
2020-07-23,699.0,42.0,656.0,1.0,0.0,0.0,0.0
2020-07-24,699.0,42.0,657.0,0.0,0.0,0.0,1.0
2020-07-25,699.0,42.0,657.0,0.0,0.0,0.0,0.0
2020-07-26,699.0,42.0,657.0,0.0,0.0,0.0,0.0
2020-07-27,699.0,42.0,657.0,0.0,0.0,0.0,0.0
2020-07-28,699.0,42.0,657.0,0.0,0.0,0.0,0.0
2020-07-29,699.0,42.0,657.0,0.0,0.0,0.0,0.0
2020-07-30,699.0,42.0,657.0,0.0,0.0,0.0,0.0
2020-07-31,699.0,42.0,657.0,0.0,0.0,0.0,0.0
2020-08-01,699.0,42.0,657.0,0.0,0.0,0.0,0.0
2020-08-02,699.0,42.0,657.0,0.0,0.0,0.0,0.0
2020-08-03,699.0,42.0,657.0,0.0,0.0,0.0,0.0
2020-08-04,699.0,42.0,657.0,0.0,0.0,0.0,0.0
2020-08-05,699.0,42.0,657.0,0.0,0.0,0.0,0.0
2020-08-06,699.0,42.0,657.0,0.0,0.0,0.0,0.0
2020-08-07,699.0,42.0,657.0,0.0,0.0,0.0,0.0
2020-08-08,699.0,42.0,657.0,0.0,0.0,0.0,0.0
2020-08-09,699.0,42.0,657.0,0.0,0.0,0.0,0.0
2020-08-10,699.0,42.0,657.0,0.0,0.0,0.0,0.0
2020-08-11,699.0,42.0,657.0,0.0,0.0,0.0,0.0
2020-08-12,699.0,42.0,657.0,0.0,0.0,0.0,0.0
2020-08-13,699.0,42.0,657.0,0.0,0.0,0.0,0.0
2020-08-14,699.0,42.0,657.0,0.0,0.0,0.0,0.0
2020-08-15,699.0,42.0,657.0,0.0,0.0,0.0,0.0
2020-08-16,699.0,42.0,657.0,0.0,0.0,0.0,0.0
2020-08-17,699.0,42.0,657.0,0.0,0.0,0.0,0.0
2020-08-18,702.0,42.0,657.0,3.0,3.0,0.0,0.0
2020-08-19,704.0,42.0,657.0,5.0,2.0,0.0,0.0
2020-08-20,704.0,42.0,657.0,5.0,0.0,0.0,0.0
2020-08-21,704.0,42.0,657.0,5.0,0.0,0.0,0.0
2020-08-22,704.0,42.0,657.0,5.0,0.0,0.0,0.0
2020-08-23,704.0,42.0,657.0,5.0,0.0,0.0,0.0
2020-08-24,704.0,42.0,657.0,5.0,0.0,0.0,0.0
2020-08-25,710.0,42.0,658.0,10.0,6.0,0.0,1.0
2020-08-26,710.0,42.0,658.0,10.0,0.0,0.0,0.0
2020-08-27,710.0,42.0,658.0,10.0,0.0,0.0,0.0
2020-08-28,710.0,42.0,658.0,10.0,0.0,0.0,0.0
2020-08-29,710.0,42.0,658.0,10.0,0.0,0.0,0.0
2020-08-30,710.0,42.0,658.0,10.0,0.0,0.0,0.0
2020-08-31,715.0,42.0,660.0,13.0,5.0,0.0,2.0
2020-09-01,715.0,42.0,660.0,13.0,0.0,0.0,0.0
2020-09-02,735.0,42.0,660.0,33.0,20.0,0.0,0.0
2020-09-03,735.0,42.0,660.0,33.0,0.0,0.0,0.0
2020-09-04,735.0,42.0,660.0,33.0,0.0,0.0,0.0
2020-09-05,716.0,42.0,660.0,14.0,-19.0,0.0,0.0
2020-09-06,716.0,42.0,660.0,14.0,0.0,0.0,0.0
2020-09-07,716.0,42.0,660.0,14.0,0.0,0.0,0.0
2020-09-08,716.0,42.0,660.0,14.0,0.0,0.0,0.0
2020-09-09,722.0,42.0,662.0,18.0,6.0,0.0,2.0
2020-09-10,722.0,42.0,662.0,18.0,0.0,0.0,0.0
2020-09-11,722.0,42.0,662.0,18.0,0.0,0.0,0.0
2020-09-12,722.0,42.0,662.0,18.0,0.0,0.0,0.0
2020-09-13,722.0,42.0,662.0,18.0,0.0,0.0,0.0
