date,confirmed,deaths,recovered,active,new_confirmed,new_deaths,new_recovered
2020-04-06,4.0,0.0,0.0,4.0,,,
2020-04-07,4.0,0.0,0.0,4.0,0.0,0.0,0.0
2020-04-08,4.0,0.0,0.0,4.0,0.0,0.0,0.0
2020-04-09,4.0,0.0,0.0,4.0,0.0,0.0,0.0
2020-04-10,4.0,0.0,0.0,4.0,0.0,0.0,0.0
2020-04-11,4.0,0.0,0.0,4.0,0.0,0.0,0.0
2020-04-12,4.0,0.0,0.0,4.0,0.0,0.0,0.0
2020-04-13,4.0,0.0,0.0,4.0,0.0,0.0,0.0
2020-04-14,4.0,0.0,0.0,4.0,0.0,0.0,0.0
2020-04-15,4.0,0.0,0.0,4.0,0.0,0.0,0.0
2020-04-16,4.0,0.0,0.0,4.0,0.0,0.0,0.0
2020-04-17,4.0,0.0,0.0,4.0,0.0,0.0,0.0
2020-04-18,4.0,0.0,0.0,4.0,0.0,0.0,0.0
2020-04-19,4.0,0.0,0.0,4.0,0.0,0.0,0.0
2020-04-20,4.0,0.0,0.0,4.0,0.0,0.0,0.0
2020-04-21,4.0,0.0,0.0,4.0,0.0,0.0,0.0
2020-04-22,4.0,0.0,0.0,4.0,0.0,0.0,0.0
2020-04-23,4.0,0.0,0.0,4.0,0.0,0.0,0.0
2020-04-24,4.0,0.0,0.0,4.0,0.0,0.0,0.0
2020-04-25,4.0,0.0,0.0,4.0,0.0,0.0,0.0
2020-04-26,4.0,0.0,0.0,4.0,0.0,0.0,0.0
2020-04-27,4.0,0.0,0.0,4.0,0.0,0.0,0.0
2020-04-28,8.0,0.0,4.0,4.0,4.0,0.0,4.0
2020-04-29,8.0,0.0,4.0,4.0,0.0,0.0,0.0
2020-04-30,14.0,0.0,4.0,10.0,6.0,0.0,0.0
2020-05-01,16.0,1.0,4.0,11.0,2.0,1.0,0.0
2020-05-02,16.0,1.0,4.0,11.0,0.0,0.0,0.0
2020-05-03,16.0,1.0,4.0,11.0,0.0,0.0,0.0
2020-05-04,23.0,3.0,4.0,16.0,7.0,2.0,0.0
2020-05-05,174.0,3.0,4.0,167.0,151.0,0.0,0.0
2020-05-06,174.0,3.0,4.0,167.0,0.0,0.0,0.0
2020-05-07,187.0,4.0,4.0,179.0,13.0,1.0,0.0
2020-05-08,208.0,5.0,4.0,199.0,21.0,1.0,0.0
2020-05-09,208.0,5.0,4.0,199.0,0.0,0.0,0.0
2020-05-10,208.0,5.0,4.0,199.0,0.0,0.0,0.0
2020-05-11,208.0,5.0,4.0,199.0,0.0,0.0,0.0
2020-05-12,208.0,5.0,4.0,199.0,0.0,0.0,0.0
2020-05-13,220.0,6.0,4.0,210.0,12.0,1.0,0.0
2020-05-14,235.0,7.0,4.0,224.0,15.0,1.0,0.0
2020-05-15,235.0,7.0,4.0,224.0,0.0,0.0,0.0
2020-05-16,235.0,7.0,4.0,224.0,0.0,0.0,0.0
2020-05-17,235.0,7.0,4.0,224.0,0.0,0.0,0.0
2020-05-18,246.0,7.0,4.0,235.0,11.0,0.0,0.0
2020-05-19,251.0,8.0,4.0,239.0,5.0,1.0,0.0
2020-05-20,251.0,8.0,4.0,239.0,0.0,0.0,0.0
2020-05-21,251.0,8.0,4.0,239.0,0.0,0.0,0.0
2020-05-22,251.0,8.0,4.0,239.0,0.0,0.0,0.0
2020-05-23,251.0,8.0,4.0,239.0,0.0,0.0,0.0
2020-05-24,251.0,8.0,4.0,239.0,0.0,0.0,0.0
2020-05-25,299.0,11.0,4.0,284.0,48.0,3.0,0.0
2020-05-26,441.0,12.0,68.0,361.0,142.0,1.0,64.0
2020-05-27,443.0,12.0,68.0,363.0,2.0,0.0,0.0
2020-05-28,458.0,12.0,68.0,378.0,15.0,0.0,0.0
2020-05-29,463.0,12.0,68.0,383.0,5.0,0.0,0.0
2020-05-30,479.0,12.0,68.0,399.0,16.0,0.0,0.0
2020-05-31,483.0,12.0,68.0,403.0,4.0,0.0,0.0
2020-06-01,484.0,12.0,68.0,404.0,1.0,0.0,0.0
2020-06-02,484.0,12.0,68.0,404.0,0.0,0.0,0.0
2020-06-03,484.0,12.0,68.0,404.0,0.0,0.0,0.0
2020-06-04,485.0,12.0,68.0,405.0,1.0,0.0,0.0
2020-06-05,499.0,12.0,68.0,419.0,14.0,0.0,0.0
2020-06-06,499.0,12.0,68.0,419.0,0.0,0.0,0.0
2020-06-07,513.0,12.0,68.0,433.0,14.0,0.0,0.0
2020-06-08,513.0,12.0,68.0,433.0,0.0,0.0,0.0
2020-06-09,514.0,12.0,76.0,426.0,1.0,0.0,8.0
2020-06-10,611.0,12.0,135.0,464.0,97.0,0.0,59.0
2020-06-11,632.0,12.0,146.0,474.0,21.0,0.0,11.0
2020-06-12,639.0,12.0,156.0,471.0,7.0,0.0,10.0
2020-06-13,659.0,12.0,176.0,471.0,20.0,0.0,20.0
2020-06-14,661.0,12.0,177.0,472.0,2.0,0.0,1.0
2020-06-15,662.0,12.0,177.0,473.0,1.0,0.0,0.0
2020-06-16,671.0,12.0,182.0,477.0,9.0,0.0,5.0
2020-06-17,683.0,12.0,188.0,483.0,12.0,0.0,6.0
2020-06-18,688.0,12.0,191.0,485.0,5.0,0.0,3.0
2020-06-19,693.0,12.0,199.0,482.0,5.0,0.0,8.0
2020-06-20,698.0,12.0,203.0,483.0,5.0,0.0,4.0
2020-06-21,698.0,12.0,203.0,483.0,0.0,0.0,0.0
2020-06-22,702.0,12.0,203.0,487.0,4.0,0.0,0.0
2020-06-23,707.0,12.0,208.0,487.0,5.0,0.0,5.0
2020-06-24,710.0,13.0,211.0,486.0,3.0,1.0,3.0
2020-06-25,711.0,13.0,214.0,484.0,1.0,0.0,3.0
2020-06-26,712.0,13.0,219.0,480.0,1.0,0.0,5.0
2020-06-27,713.0,13.0,219.0,481.0,1.0,0.0,0.0
2020-06-28,713.0,13.0,219.0,481.0,0.0,0.0,0.0
2020-06-29,713.0,13.0,235.0,465.0,0.0,0.0,16.0
2020-06-30,714.0,13.0,236.0,465.0,1.0,0.0,1.0
2020-07-01,715.0,13.0,252.0,450.0,1.0,0.0,16.0
2020-07-02,717.0,13.0,260.0,444.0,2.0,0.0,8.0
2020-07-03,719.0,13.0,267.0,439.0,2.0,0.0,7.0
2020-07-04,719.0,13.0,267.0,439.0,0.0,0.0,0.0
2020-07-05,720.0,13.0,268.0,439.0,1.0,0.0,1.0
2020-07-06,721.0,13.0,269.0,439.0,1.0,0.0,1.0
2020-07-07,724.0,13.0,279.0,432.0,3.0,0.0,10.0
2020-07-08,724.0,13.0,283.0,428.0,0.0,0.0,4.0
2020-07-09,726.0,14.0,283.0,429.0,2.0,1.0,0.0
2020-07-10,727.0,14.0,284.0,429.0,1.0,0.0,1.0
2020-07-11,727.0,14.0,284.0,429.0,0.0,0.0,0.0
2020-07-12,729.0,14.0,286.0,429.0,2.0,0.0,2.0
2020-07-13,732.0,14.0,286.0,432.0,3.0,0.0,0.0
2020-07-14,732.0,14.0,286.0,432.0,0.0,0.0,0.0
2020-07-15,737.0,14.0,322.0,401.0,5.0,0.0,36.0
2020-07-16,740.0,14.0,325.0,401.0,3.0,0.0,3.0
2020-07-17,741.0,14.0,325.0,402.0,1.0,0.0,0.0
2020-07-18,743.0,14.0,337.0,392.0,2.0,0.0,12.0
2020-07-19,746.0,14.0,451.0,281.0,3.0,0.0,114.0
2020-07-20,746.0,14.0,536.0,196.0,0.0,0.0,85.0
2020-07-21,746.0,14.0,588.0,144.0,0.0,0.0,52.0
2020-07-22,747.0,14.0,601.0,132.0,1.0,0.0,13.0
2020-07-23,749.0,14.0,604.0,131.0,2.0,0.0,3.0
2020-07-24,860.0,14.0,610.0,236.0,111.0,0.0,6.0
2020-07-25,862.0,14.0,662.0,186.0,2.0,0.0,52.0
2020-07-26,863.0,14.0,696.0,153.0,1.0,0.0,34.0
2020-07-27,865.0,14.0,734.0,117.0,2.0,0.0,38.0
2020-07-28,867.0,14.0,759.0,94.0,2.0,0.0,25.0
2020-07-29,868.0,15.0,766.0,87.0,1.0,1.0,7.0
2020-07-30,870.0,15.0,771.0,84.0,2.0,0.0,5.0
2020-07-31,871.0,15.0,778.0,78.0,1.0,0.0,7.0
2020-08-01,874.0,15.0,782.0,77.0,3.0,0.0,4.0
2020-08-02,874.0,15.0,787.0,72.0,0.0,0.0,5.0
2020-08-03,874.0,15.0,787.0,72.0,0.0,0.0,0.0
2020-08-04,875.0,15.0,794.0,66.0,1.0,0.0,7.0
2020-08-05,878.0,15.0,795.0,68.0,3.0,0.0,1.0
2020-08-06,878.0,15.0,797.0,66.0,0.0,0.0,2.0
2020-08-07,878.0,15.0,799.0,64.0,0.0,0.0,2.0
2020-08-08,878.0,15.0,800.0,63.0,0.0,0.0,1.0
2020-08-09,878.0,15.0,800.0,63.0,0.0,0.0,0.0
2020-08-10,878.0,15.0,800.0,63.0,0.0,0.0,0.0
2020-08-11,881.0,15.0,804.0,62.0,3.0,0.0,4.0
2020-08-12,882.0,15.0,807.0,60.0,1.0,0.0,3.0
2020-08-13,883.0,15.0,808.0,60.0,1.0,0.0,1.0
2020-08-14,885.0,15.0,809.0,61.0,2.0,0.0,1.0
2020-08-15,885.0,15.0,815.0,55.0,0.0,0.0,6.0
2020-08-16,885.0,15.0,818.0,52.0,0.0,0.0,3.0
2020-08-17,885.0,15.0,821.0,49.0,0.0,0.0,3.0
2020-08-18,885.0,15.0,821.0,49.0,0.0,0.0,0.0
2020-08-19,885.0,15.0,826.0,44.0,0.0,0.0,5.0
2020-08-20,888.0,15.0,829.0,44.0,3.0,0.0,3.0
2020-08-21,891.0,15.0,830.0,46.0,3.0,0.0,1.0
2020-08-22,892.0,15.0,831.0,46.0,1.0,0.0,1.0
2020-08-23,892.0,15.0,831.0,46.0,0.0,0.0,0.0
2020-08-24,892.0,15.0,832.0,45.0,0.0,0.0,1.0
2020-08-25,892.0,15.0,833.0,44.0,0.0,0.0,1.0
2020-08-26,892.0,15.0,842.0,35.0,0.0,0.0,9.0
2020-08-27,894.0,15.0,846.0,33.0,2.0,0.0,4.0
2020-08-28,895.0,15.0,848.0,32.0,1.0,0.0,2.0
2020-08-29,895.0,15.0,848.0,32.0,0.0,0.0,0.0
2020-08-30,896.0,15.0,851.0,30.0,1.0,0.0,3.0
2020-08-31,896.0,15.0,851.0,30.0,0.0,0.0,0.0
2020-09-01,896.0,15.0,853.0,28.0,0.0,0.0,2.0
2020-09-02,896.0,15.0,855.0,26.0,0.0,0.0,2.0
2020-09-03,897.0,15.0,857.0,25.0,1.0,0.0,2.0
2020-09-04,897.0,15.0,859.0,23.0,0.0,0.0,2.0
2020-09-05,898.0,15.0,859.0,24.0,1.0,0.0,0.0
2020-09-06,898.0,15.0,859.0,24.0,0.0,0.0,0.0
2020-09-07,898.0,15.0,859.0,24.0,0.0,0.0,0.0
2020-09-08,898.0,15.0,859.0,24.0,0.0,0.0,0.0
2020-09-09,898.0,15.0,862.0,21.0,0.0,0.0,3.0
2020-09-10,901.0,15.0,866.0,20.0,3.0,0.0,4.0
2020-09-11,906.0,15.0,866.0,25.0,5.0,0.0,0.0
2020-09-12,906.0,15.0,866.0,25.0,0.0,0.0,0.0
2020-09-13,906.0,15.0,870.0,21.0,0.0,0.0,4.0
2020-09-14,906.0,15.0,870.0,21.0,0.0,0.0,0.0
2020-09-15,907.0,15.0,871.0,21.0,1.0,0.0,1.0
2020-09-16,907.0,15.0,871.0,21.0,0.0,0.0,0.0
2020-09-17,907.0,15.0,873.0,19.0,0.0,0.0,2.0
2020-09-18,908.0,15.0,873.0,20.0,1.0,0.0,0.0
2020-09-19,908.0,15.0,876.0,17.0,0.0,0.0,3.0
2020-09-20,908.0,15.0,878.0,15.0,0.0,0.0,2.0
2020-09-21,908.0,15.0,880.0,13.0,0.0,0.0,2.0
2020-09-22,908.0,15.0,880.0,13.0,0.0,0.0,0.0
2020-09-23,908.0,15.0,880.0,13.0,0.0,0.0,0.0
2020-09-24,910.0,15.0,881.0,14.0,2.0,0.0,1.0
2020-09-25,911.0,15.0,881.0,15.0,1.0,0.0,0.0
2020-09-26,911.0,15.0,883.0,13.0,0.0,0.0,2.0
2020-09-27,911.0,15.0,883.0,13.0,0.0,0.0,0.0
2020-09-28,911.0,15.0,885.0,11.0,0.0,0.0,2.0
2020-09-29,911.0,15.0,885.0,11.0,0.0,0.0,0.0
2020-09-30,911.0,15.0,886.0,10.0,0.0,0.0,1.0
2020-10-01,911.0,15.0,886.0,10.0,0.0,0.0,0.0
2020-10-02,911.0,15.0,886.0,10.0,0.0,0.0,0.0
2020-10-03,913.0,15.0,886.0,12.0,2.0,0.0,0.0
2020-10-04,913.0,15.0,887.0,11.0,0.0,0.0,1.0
2020-10-05,913.0,15.0,888.0,10.0,0.0,0.0,1.0
2020-10-06,914.0,15.0,888.0,11.0,1.0,0.0,0.0
2020-10-07,914.0,15.0,888.0,11.0,0.0,0.0,0.0
2020-10-08,921.0,15.0,890.0,16.0,7.0,0.0,2.0
2020-10-09,922.0,15.0,890.0,17.0,1.0,0.0,0.0
2020-10-10,922.0,15.0,890.0,17.0,0.0,0.0,0.0
2020-10-11,929.0,15.0,892.0,22.0,7.0,0.0,2.0
2020-10-12,929.0,15.0,895.0,19.0,0.0,0.0,3.0
2020-10-13,929.0,15.0,895.0,19.0,0.0,0.0,0.0
2020-10-14,929.0,15.0,896.0,18.0,0.0,0.0,1.0
2020-10-15,929.0,15.0,896.0,18.0,0.0,0.0,0.0
2020-10-16,932.0,15.0,896.0,21.0,3.0,0.0,0.0
2020-10-17,932.0,15.0,896.0,21.0,0.0,0.0,0.0
2020-10-18,933.0,15.0,898.0,20.0,1.0,0.0,2.0
2020-10-19,933.0,15.0,898.0,20.0,0.0,0.0,0.0
2020-10-20,933.0,15.0,898.0,20.0,0.0,0.0,0.0
2020-10-21,935.0,15.0,898.0,22.0,2.0,0.0,0.0
2020-10-22,935.0,15.0,898.0,22.0,0.0,0.0,0.0
2020-10-23,938.0,15.0,898.0,25.0,3.0,0.0,0.0
2020-10-24,940.0,15.0,900.0,25.0,2.0,0.0,2.0
2020-10-25,940.0,15.0,902.0,23.0,0.0,0.0,2.0
2020-10-26,941.0,15.0,902.0,24.0,1.0,0.0,0.0
2020-10-27,941.0,15.0,902.0,24.0,0.0,0.0,0.0
2020-10-28,943.0,15.0,903.0,25.0,2.0,0.0,1.0
2020-10-29,944.0,16.0,904.0,24.0,1.0,1.0,1.0
2020-10-30,945.0,16.0,904.0,25.0,1.0,0.0,0.0
2020-10-31,945.0,16.0,904.0,25.0,0.0,0.0,0.0
2020-11-01,949.0,16.0,904.0,29.0,4.0,0.0,0.0
2020-11-02,949.0,16.0,904.0,29.0,0.0,0.0,0.0
2020-11-03,954.0,16.0,907.0,31.0,5.0,0.0,3.0
2020-11-04,958.0,16.0,907.0,35.0,4.0,0.0,0.0
2020-11-05,958.0,16.0,909.0,33.0,0.0,0.0,2.0
2020-11-06,960.0,16.0,910.0,34.0,2.0,0.0,1.0
2020-11-07,962.0,16.0,910.0,36.0,2.0,0.0,0.0
2020-11-08,962.0,16.0,912.0,34.0,0.0,0.0,2.0
2020-11-09,962.0,16.0,912.0,34.0,0.0,0.0,0.0
2020-11-10,962.0,16.0,914.0,32.0,0.0,0.0,2.0
2020-11-11,962.0,16.0,914.0,32.0,0.0,0.0,0.0
2020-11-12,963.0,16.0,914.0,33.0,1.0,0.0,0.0
2020-11-13,963.0,16.0,916.0,31.0,0.0,0.0,2.0
