date,confirmed,deaths,recovered,active,new_confirmed,new_deaths,new_recovered
2020-03-02,1.0,0.0,0.0,1.0,,,
2020-03-03,1.0,0.0,0.0,1.0,0.0,0.0,0.0
2020-03-04,1.0,0.0,0.0,1.0,0.0,0.0,0.0
2020-03-05,5.0,0.0,0.0,5.0,4.0,0.0,0.0
2020-03-06,5.0,0.0,0.0,5.0,0.0,0.0,0.0
2020-03-07,5.0,0.0,0.0,5.0,0.0,0.0,0.0
2020-03-08,11.0,0.0,0.0,11.0,6.0,0.0,0.0
2020-03-09,15.0,0.0,0.0,15.0,4.0,0.0,0.0
2020-03-10,20.0,0.0,1.0,19.0,5.0,0.0,1.0
2020-03-11,21.0,0.0,1.0,20.0,1.0,0.0,0.0
2020-03-12,45.0,0.0,1.0,44.0,24.0,0.0,0.0
2020-03-13,86.0,0.0,1.0,85.0,41.0,0.0,0.0
2020-03-14,103.0,0.0,1.0,102.0,17.0,0.0,0.0
2020-03-15,103.0,0.0,1.0,102.0,0.0,0.0,0.0
2020-03-16,118.0,0.0,2.0,116.0,15.0,0.0,1.0
2020-03-17,171.0,0.0,6.0,165.0,53.0,0.0,4.0
2020-03-18,171.0,0.0,6.0,165.0,0.0,0.0,0.0
2020-03-19,274.0,0.0,6.0,268.0,103.0,0.0,0.0
2020-03-20,344.0,0.0,8.0,336.0,70.0,0.0,2.0
2020-03-21,392.0,0.0,16.0,376.0,48.0,0.0,8.0
2020-03-22,511.0,0.0,17.0,494.0,119.0,0.0,1.0
2020-03-23,562.0,0.0,19.0,543.0,51.0,0.0,2.0
2020-03-24,767.0,1.0,28.0,738.0,205.0,1.0,9.0
2020-03-25,900.0,2.0,29.0,869.0,133.0,1.0,1.0
2020-03-26,1012.0,3.0,33.0,976.0,112.0,1.0,4.0
2020-03-27,1104.0,3.0,35.0,1066.0,92.0,0.0,2.0
2020-03-28,1203.0,4.0,37.0,1162.0,99.0,1.0,2.0
2020-03-29,1299.0,8.0,66.0,1225.0,96.0,4.0,29.0
2020-03-30,1453.0,8.0,115.0,1330.0,154.0,0.0,49.0
2020-03-31,1563.0,10.0,165.0,1388.0,110.0,2.0,50.0
2020-04-01,1720.0,16.0,264.0,1440.0,157.0,6.0,99.0
2020-04-02,1885.0,21.0,328.0,1536.0,165.0,5.0,64.0
2020-04-03,2039.0,25.0,351.0,1663.0,154.0,4.0,23.0
2020-04-04,2179.0,29.0,420.0,1730.0,140.0,4.0,69.0
2020-04-05,2402.0,34.0,488.0,1880.0,223.0,5.0,68.0
2020-04-06,2605.0,38.0,551.0,2016.0,203.0,4.0,63.0
2020-04-07,2795.0,41.0,615.0,2139.0,190.0,3.0,64.0
2020-04-08,2932.0,41.0,631.0,2260.0,137.0,0.0,16.0
2020-04-09,3287.0,44.0,666.0,2577.0,355.0,3.0,35.0
2020-04-10,3651.0,47.0,685.0,2919.0,364.0,3.0,19.0
2020-04-11,4033.0,52.0,720.0,3261.0,382.0,5.0,35.0
2020-04-12,4462.0,59.0,761.0,3642.0,429.0,7.0,41.0
2020-04-13,4934.0,65.0,805.0,4064.0,472.0,6.0,44.0
2020-04-14,5369.0,73.0,889.0,4407.0,435.0,8.0,84.0
2020-04-15,5862.0,79.0,931.0,4852.0,493.0,6.0,42.0
2020-04-16,6380.0,83.0,990.0,5307.0,518.0,4.0,59.0
2020-04-17,7142.0,87.0,1049.0,6006.0,762.0,4.0,59.0
2020-04-18,8274.0,92.0,1329.0,6853.0,1132.0,5.0,280.0
2020-04-19,9362.0,97.0,1398.0,7867.0,1088.0,5.0,69.0
2020-04-20,10484.0,103.0,1490.0,8891.0,1122.0,6.0,92.0
2020-04-21,11631.0,109.0,1640.0,9882.0,1147.0,6.0,150.0
2020-04-22,12772.0,114.0,1812.0,10846.0,1141.0,5.0,172.0
2020-04-23,13930.0,121.0,1925.0,11884.0,1158.0,7.0,113.0
2020-04-24,15102.0,127.0,2049.0,12926.0,1172.0,6.0,124.0
2020-04-25,16299.0,136.0,2215.0,13948.0,1197.0,9.0,166.0
2020-04-26,17522.0,139.0,2357.0,15026.0,1223.0,3.0,142.0
2020-04-27,18811.0,144.0,2531.0,16136.0,1289.0,5.0,174.0
2020-04-28,20077.0,152.0,2784.0,17141.0,1266.0,8.0,253.0
2020-04-29,21402.0,157.0,2953.0,18292.0,1325.0,5.0,169.0
2020-04-30,22753.0,162.0,3163.0,19428.0,1351.0,5.0,210.0
2020-05-01,24097.0,169.0,3555.0,20373.0,1344.0,7.0,392.0
2020-05-02,25459.0,176.0,3765.0,21518.0,1362.0,7.0,210.0
2020-05-03,27011.0,184.0,4134.0,22693.0,1552.0,8.0,369.0
2020-05-04,28656.0,191.0,4476.0,23989.0,1645.0,7.0,342.0
2020-05-05,30251.0,200.0,5431.0,24620.0,1595.0,9.0,955.0
2020-05-06,31938.0,209.0,6783.0,24946.0,1687.0,9.0,1352.0
2020-05-07,33731.0,219.0,7798.0,25714.0,1793.0,10.0,1015.0
2020-05-08,35432.0,229.0,9120.0,26083.0,1701.0,10.0,1322.0
2020-05-09,37136.0,239.0,10144.0,26753.0,1704.0,10.0,1024.0
2020-05-10,39048.0,246.0,11457.0,27345.0,1912.0,7.0,1313.0
2020-05-11,41014.0,255.0,12737.0,28022.0,1966.0,9.0,1280.0
2020-05-12,42925.0,264.0,15257.0,27404.0,1911.0,9.0,2520.0
2020-05-13,44830.0,273.0,17622.0,26935.0,1905.0,9.0,2365.0
2020-05-14,46869.0,283.0,19051.0,27535.0,2039.0,10.0,1429.0
2020-05-15,49176.0,292.0,21869.0,27015.0,2307.0,9.0,2818.0
2020-05-16,52016.0,302.0,23666.0,28048.0,2840.0,10.0,1797.0
2020-05-17,54752.0,312.0,25722.0,28718.0,2736.0,10.0,2056.0
2020-05-18,57345.0,320.0,28748.0,28277.0,2593.0,8.0,3026.0
2020-05-19,59854.0,329.0,31634.0,27891.0,2509.0,9.0,2886.0
2020-05-20,62545.0,339.0,33478.0,28728.0,2691.0,10.0,1844.0
2020-05-21,65077.0,351.0,36040.0,28686.0,2532.0,12.0,2562.0
2020-05-22,67719.0,364.0,39003.0,28352.0,2642.0,13.0,2963.0
2020-05-23,70161.0,379.0,41236.0,28546.0,2442.0,15.0,2233.0
2020-05-24,72560.0,390.0,43520.0,28650.0,2399.0,11.0,2284.0
2020-05-25,74795.0,399.0,45668.0,28728.0,2235.0,9.0,2148.0
2020-05-26,76726.0,411.0,48450.0,27865.0,1931.0,12.0,2782.0
2020-05-27,78541.0,425.0,51022.0,27094.0,1815.0,14.0,2572.0
2020-05-28,80185.0,441.0,54553.0,25191.0,1644.0,16.0,3531.0
2020-05-29,81766.0,458.0,57013.0,24295.0,1581.0,17.0,2460.0
2020-05-30,83384.0,480.0,58883.0,24021.0,1618.0,22.0,1870.0
2020-05-31,85261.0,503.0,62442.0,22316.0,1877.0,23.0,3559.0
2020-06-01,87142.0,525.0,64306.0,22311.0,1881.0,22.0,1864.0
2020-06-02,89011.0,549.0,65790.0,22672.0,1869.0,24.0,1484.0
2020-06-03,91182.0,579.0,68159.0,22444.0,2171.0,30.0,2369.0
2020-06-04,93157.0,611.0,68965.0,23581.0,1975.0,32.0,806.0
2020-06-05,95748.0,642.0,70616.0,24490.0,2591.0,31.0,1651.0
2020-06-06,98869.0,676.0,71791.0,26402.0,3121.0,34.0,1175.0
2020-06-07,101914.0,712.0,72817.0,28385.0,3045.0,36.0,1026.0
2020-06-08,105283.0,746.0,74524.0,30013.0,3369.0,34.0,1707.0
2020-06-09,108571.0,783.0,76339.0,31449.0,3288.0,37.0,1815.0
2020-06-10,112288.0,819.0,77954.0,33515.0,3717.0,36.0,1615.0
2020-06-11,116021.0,857.0,80019.0,35145.0,3733.0,38.0,2065.0
2020-06-12,119942.0,893.0,81029.0,38020.0,3921.0,36.0,1010.0
2020-06-13,123308.0,932.0,82548.0,39828.0,3366.0,39.0,1519.0
2020-06-14,127541.0,972.0,84720.0,41849.0,4233.0,40.0,2172.0
2020-06-15,132048.0,1011.0,87890.0,43147.0,4507.0,39.0,3170.0
2020-06-16,136315.0,1052.0,89540.0,45723.0,4267.0,41.0,1650.0
2020-06-17,141234.0,1091.0,91662.0,48481.0,4919.0,39.0,2122.0
2020-06-18,145991.0,1139.0,93915.0,50937.0,4757.0,48.0,2253.0
2020-06-19,150292.0,1184.0,95764.0,53344.0,4301.0,45.0,1849.0
2020-06-20,154233.0,1230.0,98917.0,54086.0,3941.0,46.0,3153.0
2020-06-21,157612.0,1267.0,101130.0,55215.0,3379.0,37.0,2213.0
2020-06-22,161005.0,1307.0,105175.0,54523.0,3393.0,40.0,4045.0
2020-06-23,164144.0,1346.0,109885.0,52913.0,3139.0,39.0,4710.0
2020-06-24,167267.0,1387.0,112797.0,53083.0,3123.0,41.0,2912.0
2020-06-25,170639.0,1428.0,117882.0,51329.0,3372.0,41.0,5085.0
2020-06-26,174577.0,1474.0,120471.0,52632.0,3938.0,46.0,2589.0
2020-06-27,178504.0,1511.0,122128.0,54865.0,3927.0,37.0,1657.0
2020-06-28,182493.0,1551.0,124755.0,56187.0,3989.0,40.0,2627.0
2020-06-29,186436.0,1599.0,127118.0,57719.0,3943.0,48.0,2363.0
2020-06-30,190823.0,1649.0,130766.0,58408.0,4387.0,50.0,3648.0
2020-07-01,194225.0,1698.0,132760.0,59767.0,3402.0,49.0,1994.0
2020-07-02,197608.0,1752.0,137669.0,58187.0,3383.0,54.0,4909.0
2020-07-03,201801.0,1802.0,140614.0,59385.0,4193.0,50.0,2945.0
2020-07-04,205929.0,1858.0,143256.0,60815.0,4128.0,56.0,2642.0
2020-07-05,209509.0,1916.0,145236.0,62357.0,3580.0,58.0,1980.0
2020-07-06,213716.0,1968.0,149634.0,62114.0,4207.0,52.0,4398.0
2020-07-07,217108.0,2017.0,154839.0,60252.0,3392.0,49.0,5205.0
2020-07-08,220144.0,2059.0,158050.0,60035.0,3036.0,42.0,3211.0
2020-07-09,223327.0,2100.0,161096.0,60131.0,3183.0,41.0,3046.0
2020-07-10,226486.0,2151.0,163026.0,61309.0,3159.0,51.0,1930.0
2020-07-11,229480.0,2181.0,165396.0,61903.0,2994.0,30.0,2370.0
2020-07-12,232259.0,2223.0,167138.0,62898.0,2779.0,42.0,1742.0
2020-07-13,235111.0,2243.0,169842.0,63026.0,2852.0,20.0,2704.0
2020-07-14,237803.0,2283.0,177560.0,57960.0,2692.0,40.0,7718.0
2020-07-15,240474.0,2325.0,183048.0,55101.0,2671.0,42.0,5488.0
2020-07-16,243238.0,2370.0,187622.0,53246.0,2764.0,45.0,4574.0
2020-07-17,245851.0,2407.0,191161.0,52283.0,2613.0,37.0,3539.0
2020-07-18,248416.0,2447.0,194218.0,51751.0,2565.0,40.0,3057.0
2020-07-19,250920.0,2486.0,197735.0,50699.0,2504.0,39.0,3517.0
2020-07-20,253349.0,2523.0,203259.0,47567.0,2429.0,37.0,5524.0
2020-07-21,255825.0,2557.0,207259.0,46009.0,2476.0,34.0,4000.0
2020-07-22,258156.0,2601.0,210398.0,45157.0,2331.0,44.0,3139.0
2020-07-23,260394.0,2635.0,213490.0,44269.0,2238.0,34.0,3092.0
2020-07-24,262772.0,2672.0,215731.0,44369.0,2378.0,37.0,2241.0
2020-07-25,264973.0,2703.0,217782.0,44488.0,2201.0,31.0,2051.0
2020-07-26,266941.0,2733.0,220323.0,43885.0,1968.0,30.0,2541.0
2020-07-27,268934.0,2760.0,222936.0,43238.0,1993.0,27.0,2613.0
2020-07-28,270831.0,2789.0,225624.0,42418.0,1897.0,29.0,2688.0
2020-07-29,272590.0,2816.0,228569.0,41205.0,1759.0,27.0,2945.0
2020-07-30,274219.0,2842.0,231198.0,40179.0,1629.0,26.0,2629.0
2020-07-31,275905.0,2866.0,235658.0,37381.0,1686.0,24.0,4460.0
2020-08-01,277478.0,2887.0,237548.0,37043.0,1573.0,21.0,1890.0
2020-08-02,278835.0,2917.0,240081.0,35837.0,1357.0,30.0,2533.0
2020-08-03,280093.0,2949.0,242055.0,35089.0,1258.0,32.0,1974.0
2020-08-04,281456.0,2984.0,243713.0,34759.0,1363.0,35.0,1658.0
2020-08-05,282824.0,3020.0,245314.0,34490.0,1368.0,36.0,1601.0
2020-08-06,284226.0,3055.0,247089.0,34082.0,1402.0,35.0,1775.0
2020-08-07,285793.0,3093.0,248948.0,33752.0,1567.0,38.0,1859.0
2020-08-08,287262.0,3130.0,250440.0,33692.0,1469.0,37.0,1492.0
2020-08-09,288690.0,3167.0,252039.0,33484.0,1428.0,37.0,1599.0
2020-08-10,289947.0,3199.0,253478.0,33270.0,1257.0,32.0,1439.0
2020-08-11,291468.0,3233.0,255118.0,33117.0,1521.0,34.0,1640.0
2020-08-12,293037.0,3269.0,257269.0,32499.0,1569.0,36.0,2151.0
2020-08-13,294519.0,3303.0,260393.0,30823.0,1482.0,34.0,3124.0
2020-08-14,295902.0,3338.0,262959.0,29605.0,1383.0,35.0,2566.0
2020-08-15,297315.0,3369.0,264487.0,29459.0,1413.0,31.0,1528.0
2020-08-16,298542.0,3408.0,266953.0,28181.0,1227.0,39.0,2466.0
2020-08-17,299914.0,3436.0,268385.0,28093.0,1372.0,28.0,1432.0
2020-08-18,301323.0,3470.0,272911.0,24942.0,1409.0,34.0,4526.0
2020-08-19,302686.0,3506.0,274091.0,25089.0,1363.0,36.0,1180.0
2020-08-20,303973.0,3548.0,275476.0,24949.0,1287.0,42.0,1385.0
2020-08-21,305186.0,3580.0,277067.0,24539.0,1213.0,32.0,1591.0
2020-08-22,306370.0,3619.0,278441.0,24310.0,1184.0,39.0,1374.0
2020-08-23,307479.0,3649.0,280143.0,23687.0,1109.0,30.0,1702.0
2020-08-24,308654.0,3691.0,282888.0,22075.0,1175.0,42.0,2745.0
2020-08-25,309768.0,3722.0,283932.0,22114.0,1114.0,31.0,1044.0
2020-08-26,310836.0,3755.0,284945.0,22136.0,1068.0,33.0,1013.0
2020-08-27,311855.0,3785.0,286255.0,21815.0,1019.0,30.0,1310.0
2020-08-28,312924.0,3813.0,287403.0,21708.0,1069.0,28.0,1148.0
2020-08-29,313911.0,3840.0,288441.0,21630.0,987.0,27.0,1038.0
2020-08-30,314821.0,3870.0,289667.0,21284.0,910.0,30.0,1226.0
2020-08-31,315772.0,3897.0,290796.0,21079.0,951.0,27.0,1129.0
2020-09-01,316670.0,3929.0,291514.0,21227.0,898.0,32.0,718.0
2020-09-02,317486.0,3956.0,292510.0,21020.0,816.0,27.0,996.0
2020-09-03,318319.0,3982.0,293964.0,20373.0,833.0,26.0,1454.0
2020-09-04,319141.0,4015.0,295063.0,20063.0,822.0,33.0,1099.0
2020-09-05,319932.0,4049.0,295842.0,20041.0,791.0,34.0,779.0
2020-09-06,320688.0,4081.0,296737.0,19870.0,756.0,32.0,895.0
2020-09-07,321456.0,4107.0,297623.0,19726.0,768.0,26.0,886.0
2020-09-08,322237.0,4137.0,298246.0,19854.0,781.0,30.0,623.0
2020-09-09,323012.0,4165.0,298966.0,19881.0,775.0,28.0,720.0
2020-09-10,323720.0,4189.0,299998.0,19533.0,708.0,24.0,1032.0
2020-09-11,324407.0,4213.0,300933.0,19261.0,687.0,24.0,935.0
2020-09-12,325050.0,4240.0,301836.0,18974.0,643.0,27.0,903.0
2020-09-13,325651.0,4268.0,302870.0,18513.0,601.0,28.0,1034.0
2020-09-14,326258.0,4305.0,303930.0,18023.0,607.0,37.0,1060.0
2020-09-15,326930.0,4338.0,305022.0,17570.0,672.0,33.0,1092.0
2020-09-16,327551.0,4369.0,306004.0,17178.0,621.0,31.0,982.0
2020-09-17,328144.0,4399.0,307207.0,16538.0,593.0,30.0,1203.0
2020-09-18,328720.0,4430.0,308352.0,15938.0,576.0,31.0,1145.0
2020-09-19,329271.0,4458.0,309430.0,15383.0,551.0,28.0,1078.0
2020-09-20,329754.0,4485.0,310439.0,14830.0,483.0,27.0,1009.0
2020-09-21,330246.0,4512.0,311499.0,14235.0,492.0,27.0,1060.0
2020-09-22,330798.0,4542.0,312684.0,13572.0,552.0,30.0,1185.0
2020-09-23,331359.0,4569.0,313786.0,13004.0,561.0,27.0,1102.0
2020-09-24,331857.0,4599.0,314793.0,12465.0,498.0,30.0,1007.0
2020-09-25,332329.0,4625.0,315636.0,12068.0,472.0,26.0,843.0
2020-09-26,332790.0,4655.0,316405.0,11730.0,461.0,30.0,769.0
2020-09-27,333193.0,4683.0,317005.0,11505.0,403.0,28.0,600.0
2020-09-28,333648.0,4712.0,317846.0,11090.0,455.0,29.0,841.0
2020-09-29,334187.0,4739.0,318542.0,10906.0,539.0,27.0,696.0
2020-09-30,334605.0,4768.0,319154.0,10683.0,418.0,29.0,612.0
2020-10-01,335097.0,4794.0,319746.0,10557.0,492.0,26.0,592.0
2020-10-02,335578.0,4823.0,320348.0,10407.0,481.0,29.0,602.0
2020-10-03,335997.0,4850.0,320974.0,10173.0,419.0,27.0,626.0
2020-10-04,336387.0,4875.0,321485.0,10027.0,390.0,25.0,511.0
2020-10-05,336766.0,4898.0,322055.0,9813.0,379.0,23.0,570.0
2020-10-06,337243.0,4923.0,322612.0,9708.0,477.0,25.0,557.0
2020-10-07,337711.0,4947.0,323208.0,9556.0,468.0,24.0,596.0
2020-10-08,338132.0,4972.0,323769.0,9391.0,421.0,25.0,561.0
2020-10-09,338539.0,4996.0,324282.0,9261.0,407.0,24.0,513.0
2020-10-10,338944.0,5018.0,324737.0,9189.0,405.0,22.0,455.0
2020-10-11,339267.0,5043.0,325330.0,8894.0,323.0,25.0,593.0
2020-10-12,339615.0,5068.0,325839.0,8708.0,348.0,25.0,509.0
2020-10-13,340089.0,5087.0,326339.0,8663.0,474.0,19.0,500.0
2020-10-14,340590.0,5108.0,326820.0,8662.0,501.0,21.0,481.0
2020-10-15,341062.0,5127.0,327327.0,8608.0,472.0,19.0,507.0
2020-10-16,341495.0,5144.0,327795.0,8556.0,433.0,17.0,468.0
2020-10-17,341854.0,5165.0,328165.0,8524.0,359.0,21.0,370.0
2020-10-18,342202.0,5185.0,328538.0,8479.0,348.0,20.0,373.0
2020-10-19,342583.0,5201.0,328895.0,8487.0,381.0,16.0,357.0
2020-10-20,342968.0,5217.0,329270.0,8481.0,385.0,16.0,375.0
2020-10-21,343373.0,5235.0,329715.0,8423.0,405.0,18.0,445.0
2020-10-22,343774.0,5250.0,330181.0,8343.0,401.0,15.0,466.0
2020-10-23,344157.0,5264.0,330578.0,8315.0,383.0,14.0,397.0
2020-10-24,344552.0,5281.0,330995.0,8276.0,395.0,17.0,417.0
2020-10-25,344875.0,5296.0,331330.0,8249.0,323.0,15.0,335.0
2020-10-26,345232.0,5313.0,331691.0,8228.0,357.0,17.0,361.0
2020-10-27,345631.0,5329.0,332117.0,8185.0,399.0,16.0,426.0
2020-10-28,346047.0,5348.0,332550.0,8149.0,416.0,19.0,433.0
2020-10-29,346482.0,5363.0,333005.0,8114.0,435.0,15.0,455.0
2020-10-30,346880.0,5383.0,333409.0,8088.0,398.0,20.0,404.0
2020-10-31,347282.0,5402.0,333842.0,8038.0,402.0,19.0,433.0
2020-11-01,347656.0,5420.0,334236.0,8000.0,374.0,18.0,394.0
2020-11-02,348037.0,5437.0,334672.0,7928.0,381.0,17.0,436.0
2020-11-03,348510.0,5456.0,335153.0,7901.0,473.0,19.0,481.0
2020-11-04,348936.0,5471.0,335594.0,7871.0,426.0,15.0,441.0
2020-11-05,349386.0,5489.0,336068.0,7829.0,450.0,18.0,474.0
2020-11-06,349822.0,5506.0,336533.0,7783.0,436.0,17.0,465.0
2020-11-07,350229.0,5525.0,336966.0,7738.0,407.0,19.0,433.0
2020-11-08,350592.0,5540.0,337386.0,7666.0,363.0,15.0,420.0
2020-11-09,350984.0,5559.0,337788.0,7637.0,392.0,19.0,402.0
2020-11-10,351455.0,5576.0,338281.0,7598.0,471.0,17.0,493.0
