date,confirmed,deaths,recovered,active,new_confirmed,new_deaths,new_recovered
2020-03-31,1.0,0.0,0.0,1.0,,,
2020-04-01,2.0,0.0,0.0,2.0,1.0,0.0,0.0
2020-04-02,2.0,0.0,0.0,2.0,0.0,0.0,0.0
2020-04-03,2.0,0.0,0.0,2.0,0.0,0.0,0.0
2020-04-04,4.0,0.0,0.0,4.0,2.0,0.0,0.0
2020-04-05,6.0,0.0,0.0,6.0,2.0,0.0,0.0
2020-04-06,6.0,0.0,0.0,6.0,0.0,0.0,0.0
2020-04-07,6.0,0.0,0.0,6.0,0.0,0.0,0.0
2020-04-08,7.0,0.0,0.0,7.0,1.0,0.0,0.0
2020-04-09,7.0,0.0,0.0,7.0,0.0,0.0,0.0
2020-04-10,8.0,0.0,0.0,8.0,1.0,0.0,0.0
2020-04-11,8.0,0.0,0.0,8.0,0.0,0.0,0.0
2020-04-12,10.0,0.0,0.0,10.0,2.0,0.0,0.0
2020-04-13,10.0,0.0,0.0,10.0,0.0,0.0,0.0
2020-04-14,11.0,0.0,0.0,11.0,1.0,0.0,0.0
2020-04-15,13.0,0.0,0.0,13.0,2.0,0.0,0.0
2020-04-16,15.0,0.0,0.0,15.0,2.0,0.0,0.0
2020-04-17,26.0,0.0,0.0,26.0,11.0,0.0,0.0
2020-04-18,30.0,0.0,0.0,30.0,4.0,0.0,0.0
2020-04-19,35.0,0.0,6.0,29.0,5.0,0.0,6.0
2020-04-20,43.0,0.0,6.0,37.0,8.0,0.0,0.0
2020-04-21,50.0,0.0,6.0,44.0,7.0,0.0,0.0
2020-04-22,61.0,0.0,6.0,55.0,11.0,0.0,0.0
2020-04-23,64.0,1.0,10.0,53.0,3.0,1.0,4.0
2020-04-24,82.0,2.0,10.0,70.0,18.0,1.0,0.0
2020-04-25,82.0,2.0,10.0,70.0,0.0,0.0,0.0
2020-04-26,93.0,4.0,10.0,79.0,11.0,2.0,0.0
2020-04-27,93.0,4.0,10.0,79.0,0.0,0.0,0.0
2020-04-28,104.0,4.0,12.0,88.0,11.0,0.0,2.0
2020-04-29,104.0,4.0,12.0,88.0,0.0,0.0,0.0
2020-04-30,124.0,7.0,21.0,96.0,20.0,3.0,9.0
2020-05-01,136.0,7.0,21.0,108.0,12.0,0.0,0.0
2020-05-02,155.0,8.0,21.0,126.0,19.0,1.0,0.0
2020-05-03,166.0,8.0,29.0,129.0,11.0,0.0,8.0
2020-05-04,178.0,9.0,37.0,132.0,12.0,1.0,8.0
2020-05-05,199.0,11.0,43.0,145.0,21.0,2.0,6.0
2020-05-06,225.0,14.0,54.0,157.0,26.0,3.0,11.0
2020-05-07,231.0,16.0,54.0,161.0,6.0,2.0,0.0
2020-05-08,257.0,17.0,54.0,186.0,26.0,1.0,0.0
2020-05-09,291.0,18.0,58.0,215.0,34.0,1.0,4.0
2020-05-10,307.0,18.0,67.0,222.0,16.0,0.0,9.0
2020-05-11,338.0,19.0,72.0,247.0,31.0,1.0,5.0
2020-05-12,338.0,19.0,72.0,247.0,0.0,0.0,0.0
2020-05-13,387.0,26.0,97.0,264.0,49.0,7.0,25.0
2020-05-14,408.0,26.0,97.0,285.0,21.0,0.0,0.0
2020-05-15,447.0,27.0,97.0,323.0,39.0,1.0,0.0
2020-05-16,462.0,29.0,106.0,327.0,15.0,2.0,9.0
2020-05-17,505.0,32.0,141.0,332.0,43.0,3.0,35.0
2020-05-18,519.0,33.0,148.0,338.0,14.0,1.0,7.0
2020-05-19,534.0,33.0,167.0,334.0,15.0,0.0,19.0
2020-05-20,570.0,34.0,205.0,331.0,36.0,1.0,38.0
2020-05-21,585.0,35.0,205.0,345.0,15.0,1.0,0.0
2020-05-22,606.0,38.0,230.0,338.0,21.0,3.0,25.0
2020-05-23,621.0,39.0,241.0,341.0,15.0,1.0,11.0
2020-05-24,707.0,40.0,241.0,426.0,86.0,1.0,0.0
2020-05-25,735.0,42.0,293.0,400.0,28.0,2.0,52.0
2020-05-26,754.0,44.0,297.0,413.0,19.0,2.0,4.0
2020-05-27,782.0,45.0,297.0,440.0,28.0,1.0,0.0
2020-05-28,812.0,45.0,361.0,406.0,30.0,0.0,64.0
2020-05-29,829.0,45.0,386.0,398.0,17.0,0.0,25.0
2020-05-30,852.0,46.0,415.0,391.0,23.0,1.0,29.0
2020-05-31,861.0,46.0,454.0,361.0,9.0,0.0,39.0
2020-06-01,865.0,46.0,475.0,344.0,4.0,0.0,21.0
2020-06-02,896.0,46.0,480.0,370.0,31.0,0.0,5.0
2020-06-03,909.0,47.0,491.0,371.0,13.0,1.0,11.0
2020-06-04,914.0,47.0,491.0,376.0,5.0,0.0,0.0
2020-06-05,929.0,47.0,580.0,302.0,15.0,0.0,89.0
2020-06-06,946.0,48.0,600.0,298.0,17.0,1.0,20.0
2020-06-07,969.0,48.0,608.0,313.0,23.0,0.0,8.0
2020-06-08,1001.0,49.0,611.0,341.0,32.0,1.0,3.0
2020-06-09,1025.0,50.0,621.0,354.0,24.0,1.0,10.0
2020-06-10,1062.0,50.0,637.0,375.0,37.0,0.0,16.0
2020-06-11,1085.0,50.0,642.0,393.0,23.0,0.0,5.0
2020-06-12,1103.0,51.0,648.0,404.0,18.0,1.0,6.0
2020-06-13,1132.0,51.0,670.0,411.0,29.0,0.0,22.0
2020-06-14,1169.0,51.0,680.0,438.0,37.0,0.0,10.0
2020-06-15,1176.0,51.0,683.0,442.0,7.0,0.0,3.0
2020-06-16,1225.0,51.0,686.0,488.0,49.0,0.0,3.0
2020-06-17,1249.0,51.0,707.0,491.0,24.0,0.0,21.0
2020-06-18,1272.0,51.0,710.0,511.0,23.0,0.0,3.0
2020-06-19,1298.0,53.0,732.0,513.0,26.0,2.0,22.0
2020-06-20,1309.0,53.0,746.0,510.0,11.0,0.0,14.0
2020-06-21,1327.0,55.0,788.0,484.0,18.0,2.0,42.0
2020-06-22,1340.0,55.0,788.0,497.0,13.0,0.0,0.0
2020-06-23,1347.0,55.0,853.0,439.0,7.0,0.0,65.0
2020-06-24,1354.0,55.0,869.0,430.0,7.0,0.0,16.0
2020-06-25,1354.0,56.0,869.0,429.0,0.0,1.0,0.0
2020-06-26,1394.0,59.0,914.0,421.0,40.0,3.0,45.0
2020-06-27,1410.0,59.0,937.0,414.0,16.0,0.0,23.0
2020-06-28,1427.0,60.0,943.0,424.0,17.0,1.0,6.0
2020-06-29,1450.0,60.0,961.0,429.0,23.0,0.0,18.0
2020-06-30,1462.0,60.0,974.0,428.0,12.0,0.0,13.0
2020-07-01,1498.0,60.0,999.0,439.0,36.0,0.0,25.0
2020-07-02,1518.0,60.0,1007.0,451.0,20.0,0.0,8.0
2020-07-03,1524.0,62.0,1042.0,420.0,6.0,2.0,35.0
2020-07-04,1533.0,62.0,1051.0,420.0,9.0,0.0,9.0
2020-07-05,1542.0,62.0,1062.0,418.0,9.0,0.0,11.0
2020-07-06,1547.0,62.0,1086.0,399.0,5.0,0.0,24.0
2020-07-07,1572.0,63.0,1088.0,421.0,25.0,1.0,2.0
2020-07-08,1584.0,63.0,1122.0,399.0,12.0,0.0,34.0
2020-07-09,1598.0,63.0,1123.0,412.0,14.0,0.0,1.0
2020-07-10,1613.0,63.0,1133.0,417.0,15.0,0.0,10.0
2020-07-11,1618.0,63.0,1141.0,414.0,5.0,0.0,8.0
2020-07-12,1635.0,63.0,1154.0,418.0,17.0,0.0,13.0
2020-07-13,1642.0,63.0,1175.0,404.0,7.0,0.0,21.0
2020-07-14,1651.0,64.0,1190.0,397.0,9.0,1.0,15.0
2020-07-15,1668.0,64.0,1200.0,404.0,17.0,0.0,10.0
2020-07-16,1678.0,64.0,1213.0,401.0,10.0,0.0,13.0
2020-07-17,1688.0,65.0,1219.0,404.0,10.0,1.0,6.0
2020-07-18,1701.0,65.0,1237.0,399.0,13.0,0.0,18.0
2020-07-19,1711.0,65.0,1237.0,409.0,10.0,0.0,0.0
2020-07-20,1711.0,66.0,1261.0,384.0,0.0,1.0,24.0
2020-07-21,1727.0,66.0,1273.0,388.0,16.0,0.0,12.0
2020-07-22,1731.0,66.0,1288.0,377.0,4.0,0.0,15.0
2020-07-23,1752.0,66.0,1292.0,394.0,21.0,0.0,4.0
2020-07-24,1765.0,66.0,1297.0,402.0,13.0,0.0,5.0
2020-07-25,1768.0,66.0,1297.0,405.0,3.0,0.0,0.0
2020-07-26,1783.0,66.0,1313.0,404.0,15.0,0.0,16.0
2020-07-27,1783.0,66.0,1317.0,400.0,0.0,0.0,4.0
2020-07-28,1786.0,66.0,1336.0,384.0,3.0,0.0,19.0
2020-07-29,1803.0,67.0,1355.0,381.0,17.0,1.0,19.0
2020-07-30,1818.0,67.0,1362.0,389.0,15.0,0.0,7.0
2020-07-31,1823.0,67.0,1362.0,394.0,5.0,0.0,0.0
2020-08-01,1823.0,67.0,1362.0,394.0,0.0,0.0,0.0
2020-08-02,1843.0,67.0,1375.0,401.0,20.0,0.0,13.0
2020-08-03,1848.0,67.0,1375.0,406.0,5.0,0.0,0.0
2020-08-04,1855.0,67.0,1397.0,391.0,7.0,0.0,22.0
2020-08-05,1860.0,67.0,1401.0,392.0,5.0,0.0,4.0
2020-08-06,1877.0,67.0,1427.0,383.0,17.0,0.0,26.0
2020-08-07,1887.0,68.0,1435.0,384.0,10.0,1.0,8.0
2020-08-08,1895.0,68.0,1442.0,385.0,8.0,0.0,7.0
2020-08-09,1916.0,68.0,1445.0,403.0,21.0,0.0,3.0
2020-08-10,1917.0,69.0,1447.0,401.0,1.0,1.0,2.0
2020-08-11,1932.0,69.0,1478.0,385.0,15.0,0.0,31.0
2020-08-12,1937.0,69.0,1483.0,385.0,5.0,0.0,5.0
2020-08-13,1940.0,69.0,1496.0,375.0,3.0,0.0,13.0
2020-08-14,1947.0,69.0,1502.0,376.0,7.0,0.0,6.0
2020-08-15,1954.0,69.0,1505.0,380.0,7.0,0.0,3.0
2020-08-16,1956.0,69.0,1506.0,381.0,2.0,0.0,1.0
2020-08-17,1956.0,69.0,1506.0,381.0,0.0,0.0,0.0
2020-08-18,1959.0,69.0,1529.0,361.0,3.0,0.0,23.0
2020-08-19,1961.0,69.0,1531.0,361.0,2.0,0.0,2.0
2020-08-20,1969.0,69.0,1536.0,364.0,8.0,0.0,5.0
2020-08-21,1972.0,69.0,1542.0,361.0,3.0,0.0,6.0
2020-08-22,1980.0,69.0,1545.0,366.0,8.0,0.0,3.0
2020-08-23,1992.0,69.0,1550.0,373.0,12.0,0.0,5.0
2020-08-24,1997.0,69.0,1557.0,371.0,5.0,0.0,7.0
2020-08-25,2001.0,69.0,1569.0,363.0,4.0,0.0,12.0
2020-08-26,2003.0,69.0,1577.0,357.0,2.0,0.0,8.0
2020-08-27,2013.0,70.0,1581.0,362.0,10.0,1.0,4.0
2020-08-28,2013.0,70.0,1581.0,362.0,0.0,0.0,0.0
2020-08-29,2019.0,70.0,1591.0,358.0,6.0,0.0,10.0
2020-08-30,2022.0,70.0,1594.0,358.0,3.0,0.0,3.0
2020-08-31,2022.0,70.0,1594.0,358.0,0.0,0.0,0.0
2020-09-01,2028.0,71.0,1594.0,363.0,6.0,1.0,0.0
2020-09-02,2029.0,71.0,1600.0,358.0,1.0,0.0,6.0
2020-09-03,2035.0,71.0,1600.0,364.0,6.0,0.0,0.0
2020-09-04,2041.0,71.0,1602.0,368.0,6.0,0.0,2.0
2020-09-05,2041.0,71.0,1602.0,368.0,0.0,0.0,0.0
2020-09-06,2054.0,71.0,1611.0,372.0,13.0,0.0,9.0
2020-09-07,2055.0,71.0,1611.0,373.0,1.0,0.0,0.0
2020-09-08,2064.0,72.0,1613.0,379.0,9.0,1.0,2.0
2020-09-09,2067.0,72.0,1622.0,373.0,3.0,0.0,9.0
2020-09-10,2069.0,72.0,1622.0,375.0,2.0,0.0,0.0
2020-09-11,2087.0,72.0,1622.0,393.0,18.0,0.0,0.0
2020-09-12,2096.0,72.0,1634.0,390.0,9.0,0.0,12.0
2020-09-13,2109.0,72.0,1636.0,401.0,13.0,0.0,2.0
2020-09-14,2111.0,72.0,1636.0,403.0,2.0,0.0,0.0
2020-09-15,2126.0,72.0,1640.0,414.0,15.0,0.0,4.0
2020-09-16,2133.0,72.0,1646.0,415.0,7.0,0.0,6.0
2020-09-17,2133.0,72.0,1646.0,415.0,0.0,0.0,0.0
2020-09-18,2153.0,72.0,1649.0,432.0,20.0,0.0,3.0
2020-09-19,2159.0,72.0,1650.0,437.0,6.0,0.0,1.0
2020-09-20,2168.0,72.0,1650.0,446.0,9.0,0.0,0.0
2020-09-21,2168.0,72.0,1650.0,446.0,0.0,0.0,0.0
2020-09-22,2174.0,72.0,1652.0,450.0,6.0,0.0,2.0
2020-09-23,2183.0,72.0,1665.0,446.0,9.0,0.0,13.0
2020-09-24,2188.0,72.0,1666.0,450.0,5.0,0.0,1.0
2020-09-25,2199.0,72.0,1678.0,449.0,11.0,0.0,12.0
2020-09-26,2208.0,72.0,1679.0,457.0,9.0,0.0,1.0
2020-09-27,2215.0,72.0,1681.0,462.0,7.0,0.0,2.0
2020-09-28,2215.0,72.0,1681.0,462.0,0.0,0.0,0.0
2020-09-29,2222.0,72.0,1685.0,465.0,7.0,0.0,4.0
2020-09-30,2231.0,72.0,1687.0,472.0,9.0,0.0,2.0
2020-10-01,2238.0,72.0,1695.0,471.0,7.0,0.0,8.0
2020-10-02,2252.0,72.0,1697.0,483.0,14.0,0.0,2.0
2020-10-03,2259.0,72.0,1704.0,483.0,7.0,0.0,7.0
2020-10-04,2269.0,72.0,1706.0,491.0,10.0,0.0,2.0
2020-10-05,2269.0,72.0,1706.0,491.0,0.0,0.0,0.0
2020-10-06,2277.0,72.0,1710.0,495.0,8.0,0.0,4.0
2020-10-07,2287.0,72.0,1716.0,499.0,10.0,0.0,6.0
2020-10-08,2293.0,72.0,1721.0,500.0,6.0,0.0,5.0
2020-10-09,2295.0,72.0,1723.0,500.0,2.0,0.0,2.0
2020-10-10,2300.0,72.0,1725.0,503.0,5.0,0.0,2.0
2020-10-11,2306.0,72.0,1736.0,498.0,6.0,0.0,11.0
2020-10-12,2306.0,72.0,1736.0,498.0,0.0,0.0,0.0
2020-10-13,2309.0,72.0,1738.0,499.0,3.0,0.0,2.0
2020-10-14,2315.0,73.0,1743.0,499.0,6.0,1.0,5.0
2020-10-15,2323.0,73.0,1746.0,504.0,8.0,0.0,3.0
2020-10-16,2325.0,73.0,1750.0,502.0,2.0,0.0,4.0
2020-10-17,2327.0,73.0,1753.0,501.0,2.0,0.0,3.0
2020-10-18,2330.0,73.0,1760.0,497.0,3.0,0.0,7.0
2020-10-19,2331.0,73.0,1760.0,498.0,1.0,0.0,0.0
2020-10-20,2336.0,73.0,1765.0,498.0,5.0,0.0,5.0
2020-10-21,2337.0,73.0,1771.0,493.0,1.0,0.0,6.0
2020-10-22,2340.0,73.0,1777.0,490.0,3.0,0.0,6.0
2020-10-23,2343.0,74.0,1782.0,487.0,3.0,1.0,5.0
2020-10-24,2345.0,74.0,1784.0,487.0,2.0,0.0,2.0
2020-10-25,2346.0,74.0,1787.0,485.0,1.0,0.0,3.0
2020-10-26,2346.0,74.0,1787.0,485.0,0.0,0.0,0.0
2020-10-27,2350.0,74.0,1790.0,486.0,4.0,0.0,3.0
2020-10-28,2354.0,74.0,1792.0,488.0,4.0,0.0,2.0
2020-10-29,2362.0,74.0,1795.0,493.0,8.0,0.0,3.0
2020-10-30,2365.0,74.0,1798.0,493.0,3.0,0.0,3.0
2020-10-31,2366.0,74.0,1800.0,492.0,1.0,0.0,2.0
2020-11-01,2366.0,74.0,1802.0,490.0,0.0,0.0,2.0
2020-11-02,2366.0,74.0,1802.0,490.0,0.0,0.0,0.0
2020-11-03,2368.0,74.0,1803.0,491.0,2.0,0.0,1.0
2020-11-04,2369.0,74.0,1805.0,490.0,1.0,0.0,2.0
2020-11-05,2371.0,74.0,1805.0,492.0,2.0,0.0,0.0
2020-11-06,2373.0,74.0,1807.0,492.0,2.0,0.0,2.0
2020-11-07,2381.0,74.0,1812.0,495.0,8.0,0.0,5.0
2020-11-08,2381.0,74.0,1812.0,495.0,0.0,0.0,0.0
2020-11-09,2385.0,74.0,1813.0,498.0,4.0,0.0,1.0
2020-11-10,2386.0,74.0,1813.0,499.0,1.0,0.0,0.0
2020-11-11,2386.0,74.0,1813.0,499.0,0.0,0.0,0.0
2020-11-12,2387.0,74.0,1816.0,497.0,1.0,0.0,3.0
2020-11-13,2389.0,74.0,1816.0,499.0,2.0,0.0,0.0
2020-11-14,2391.0,74.0,1816.0,501.0,2.0,0.0,0.0
2020-11-15,2391.0,74.0,1820.0,497.0,0.0,0.0,4.0
