date,confirmed,deaths,recovered,active,new_confirmed,new_deaths,new_recovered
2020-01-23,1.0,0.0,0.0,0.0,,,
2020-01-24,3.0,0.0,0.0,0.0,2.0,0.0,0.0
2020-01-25,3.0,0.0,0.0,0.0,0.0,0.0,0.0
2020-01-26,4.0,0.0,0.0,0.0,1.0,0.0,0.0
2020-01-27,5.0,0.0,0.0,0.0,1.0,0.0,0.0
2020-01-28,7.0,0.0,0.0,0.0,2.0,0.0,0.0
2020-01-29,7.0,0.0,0.0,0.0,0.0,0.0,0.0
2020-01-30,10.0,0.0,0.0,0.0,3.0,0.0,0.0
2020-01-31,13.0,0.0,0.0,0.0,3.0,0.0,0.0
2020-02-01,16.0,0.0,0.0,16.0,3.0,0.0,0.0
2020-02-02,18.0,0.0,0.0,18.0,2.0,0.0,0.0
2020-02-03,18.0,0.0,0.0,18.0,0.0,0.0,0.0
2020-02-04,24.0,0.0,0.0,24.0,6.0,0.0,0.0
2020-02-05,28.0,0.0,0.0,28.0,4.0,0.0,0.0
2020-02-06,28.0,0.0,0.0,28.0,0.0,0.0,0.0
2020-02-07,30.0,0.0,0.0,30.0,2.0,0.0,0.0
2020-02-08,33.0,0.0,2.0,31.0,3.0,0.0,2.0
2020-02-09,40.0,0.0,2.0,38.0,7.0,0.0,0.0
2020-02-10,45.0,0.0,2.0,43.0,5.0,0.0,0.0
2020-02-11,47.0,0.0,9.0,38.0,2.0,0.0,7.0
2020-02-12,50.0,0.0,15.0,35.0,3.0,0.0,6.0
2020-02-13,58.0,0.0,15.0,43.0,8.0,0.0,0.0
2020-02-14,67.0,0.0,17.0,50.0,9.0,0.0,2.0
2020-02-15,72.0,0.0,18.0,54.0,5.0,0.0,1.0
2020-02-16,75.0,0.0,18.0,57.0,3.0,0.0,0.0
2020-02-17,77.0,0.0,24.0,53.0,2.0,0.0,6.0
2020-02-18,81.0,0.0,29.0,52.0,4.0,0.0,5.0
2020-02-19,84.0,0.0,34.0,50.0,3.0,0.0,5.0
2020-02-20,84.0,0.0,34.0,50.0,0.0,0.0,0.0
2020-02-21,85.0,0.0,37.0,48.0,1.0,0.0,3.0
2020-02-22,85.0,0.0,37.0,48.0,0.0,0.0,0.0
2020-02-23,89.0,0.0,51.0,38.0,4.0,0.0,14.0
2020-02-24,89.0,0.0,51.0,38.0,0.0,0.0,0.0
2020-02-25,91.0,0.0,53.0,38.0,2.0,0.0,2.0
2020-02-26,93.0,0.0,62.0,31.0,2.0,0.0,9.0
2020-02-27,93.0,0.0,62.0,31.0,0.0,0.0,0.0
2020-02-28,93.0,0.0,62.0,31.0,0.0,0.0,0.0
2020-02-29,102.0,0.0,72.0,30.0,9.0,0.0,10.0
2020-03-01,106.0,0.0,72.0,34.0,4.0,0.0,0.0
2020-03-02,108.0,0.0,78.0,30.0,2.0,0.0,6.0
2020-03-03,110.0,0.0,78.0,32.0,2.0,0.0,0.0
2020-03-04,110.0,0.0,78.0,32.0,0.0,0.0,0.0
2020-03-05,117.0,0.0,78.0,39.0,7.0,0.0,0.0
2020-03-06,130.0,0.0,78.0,52.0,13.0,0.0,0.0
2020-03-07,138.0,0.0,78.0,60.0,8.0,0.0,0.0
2020-03-08,150.0,0.0,78.0,72.0,12.0,0.0,0.0
2020-03-09,150.0,0.0,78.0,72.0,0.0,0.0,0.0
2020-03-10,160.0,0.0,78.0,82.0,10.0,0.0,0.0
2020-03-11,178.0,0.0,96.0,82.0,18.0,0.0,18.0
2020-03-12,178.0,0.0,96.0,82.0,0.0,0.0,0.0
2020-03-13,200.0,0.0,97.0,103.0,22.0,0.0,1.0
2020-03-14,212.0,0.0,105.0,107.0,12.0,0.0,8.0
2020-03-15,226.0,0.0,105.0,121.0,14.0,0.0,0.0
2020-03-16,243.0,0.0,109.0,134.0,17.0,0.0,4.0
2020-03-17,266.0,0.0,114.0,152.0,23.0,0.0,5.0
2020-03-18,313.0,0.0,114.0,199.0,47.0,0.0,0.0
2020-03-19,345.0,0.0,114.0,231.0,32.0,0.0,0.0
2020-03-20,385.0,0.0,124.0,261.0,40.0,0.0,10.0
2020-03-21,432.0,2.0,140.0,290.0,47.0,2.0,16.0
2020-03-22,455.0,2.0,144.0,309.0,23.0,0.0,4.0
2020-03-23,509.0,2.0,152.0,355.0,54.0,0.0,8.0
2020-03-24,558.0,2.0,156.0,400.0,49.0,0.0,4.0
2020-03-25,631.0,2.0,160.0,469.0,73.0,0.0,4.0
2020-03-26,683.0,2.0,172.0,509.0,52.0,0.0,12.0
2020-03-27,732.0,2.0,183.0,547.0,49.0,0.0,11.0
2020-03-28,802.0,2.0,198.0,602.0,70.0,0.0,15.0
2020-03-29,844.0,3.0,212.0,629.0,42.0,1.0,14.0
2020-03-30,879.0,3.0,228.0,648.0,35.0,0.0,16.0
2020-03-31,926.0,3.0,240.0,683.0,47.0,0.0,12.0
2020-04-01,1000.0,3.0,245.0,752.0,74.0,0.0,5.0
2020-04-02,1049.0,4.0,266.0,779.0,49.0,1.0,21.0
2020-04-03,1114.0,5.0,282.0,827.0,65.0,1.0,16.0
2020-04-04,1189.0,6.0,297.0,886.0,75.0,1.0,15.0
2020-04-05,1309.0,6.0,320.0,983.0,120.0,0.0,23.0
2020-04-06,1375.0,6.0,344.0,1025.0,66.0,0.0,24.0
2020-04-07,1481.0,6.0,377.0,1098.0,106.0,0.0,33.0
2020-04-08,1623.0,6.0,406.0,1211.0,142.0,0.0,29.0
2020-04-09,1910.0,6.0,460.0,1444.0,287.0,0.0,54.0
2020-04-10,2108.0,7.0,492.0,1609.0,198.0,1.0,32.0
2020-04-11,2299.0,8.0,528.0,1763.0,191.0,1.0,36.0
2020-04-12,2532.0,8.0,560.0,1964.0,233.0,0.0,32.0
2020-04-13,2918.0,9.0,586.0,2323.0,386.0,1.0,26.0
2020-04-14,3252.0,10.0,611.0,2631.0,334.0,1.0,25.0
2020-04-15,3699.0,10.0,652.0,3037.0,447.0,0.0,41.0
2020-04-16,4427.0,10.0,683.0,3734.0,728.0,0.0,31.0
2020-04-17,5050.0,11.0,708.0,4331.0,623.0,1.0,25.0
2020-04-18,5992.0,11.0,740.0,5241.0,942.0,0.0,32.0
2020-04-19,6588.0,11.0,768.0,5809.0,596.0,0.0,28.0
2020-04-20,8014.0,11.0,801.0,7202.0,1426.0,0.0,33.0
2020-04-21,9125.0,11.0,839.0,8275.0,1111.0,0.0,38.0
2020-04-22,10141.0,12.0,896.0,9233.0,1016.0,1.0,57.0
2020-04-23,11178.0,12.0,924.0,10242.0,1037.0,0.0,28.0
2020-04-24,12075.0,12.0,956.0,11107.0,897.0,0.0,32.0
2020-04-25,12693.0,12.0,1002.0,11679.0,618.0,0.0,46.0
2020-04-26,13624.0,12.0,1060.0,12552.0,931.0,0.0,58.0
2020-04-27,14423.0,14.0,1095.0,13314.0,799.0,2.0,35.0
2020-04-28,14951.0,14.0,1128.0,13809.0,528.0,0.0,33.0
2020-04-29,15641.0,14.0,1188.0,14439.0,690.0,0.0,60.0
2020-04-30,16169.0,15.0,1244.0,14910.0,528.0,1.0,56.0
2020-05-01,17101.0,16.0,1268.0,15817.0,932.0,1.0,24.0
2020-05-02,17548.0,17.0,1347.0,16184.0,447.0,1.0,79.0
2020-05-03,18205.0,18.0,1408.0,16779.0,657.0,1.0,61.0
2020-05-04,18778.0,18.0,1457.0,17303.0,573.0,0.0,49.0
2020-05-05,19410.0,18.0,1519.0,17873.0,632.0,0.0,62.0
2020-05-06,20198.0,20.0,1634.0,18544.0,788.0,2.0,115.0
2020-05-07,20939.0,20.0,1712.0,19207.0,741.0,0.0,78.0
2020-05-08,21707.0,20.0,2040.0,19647.0,768.0,0.0,328.0
2020-05-09,22460.0,20.0,2296.0,20144.0,753.0,0.0,256.0
2020-05-10,23336.0,20.0,2721.0,20595.0,876.0,0.0,425.0
2020-05-11,23822.0,21.0,3225.0,20576.0,486.0,1.0,504.0
2020-05-12,24671.0,21.0,3851.0,20799.0,849.0,0.0,626.0
2020-05-13,25346.0,21.0,4809.0,20516.0,675.0,0.0,958.0
2020-05-14,26098.0,21.0,5973.0,20104.0,752.0,0.0,1164.0
2020-05-15,26891.0,21.0,7248.0,19622.0,793.0,0.0,1275.0
2020-05-16,27356.0,22.0,8342.0,18992.0,465.0,1.0,1094.0
2020-05-17,28038.0,22.0,9340.0,18676.0,682.0,0.0,998.0
2020-05-18,28343.0,22.0,9835.0,18486.0,305.0,0.0,495.0
2020-05-19,28794.0,22.0,10365.0,18407.0,451.0,0.0,530.0
2020-05-20,29364.0,22.0,11207.0,18135.0,570.0,0.0,842.0
2020-05-21,29812.0,23.0,12117.0,17672.0,448.0,1.0,910.0
2020-05-22,30426.0,23.0,12995.0,17408.0,614.0,0.0,878.0
2020-05-23,31068.0,23.0,13882.0,17163.0,642.0,0.0,887.0
2020-05-24,31616.0,23.0,14876.0,16717.0,548.0,0.0,994.0
2020-05-25,31960.0,23.0,15738.0,16199.0,344.0,0.0,862.0
2020-05-26,32343.0,23.0,16444.0,15876.0,383.0,0.0,706.0
2020-05-27,32876.0,23.0,17276.0,15577.0,533.0,0.0,832.0
2020-05-28,33249.0,23.0,18294.0,14932.0,373.0,0.0,1018.0
2020-05-29,33860.0,23.0,19631.0,14206.0,611.0,0.0,1337.0
2020-05-30,34366.0,23.0,20727.0,13616.0,506.0,0.0,1096.0
2020-05-31,34884.0,23.0,21699.0,13162.0,518.0,0.0,972.0
2020-06-01,35292.0,24.0,22466.0,12802.0,408.0,1.0,767.0
2020-06-02,35836.0,24.0,23175.0,12637.0,544.0,0.0,709.0
2020-06-03,36405.0,24.0,23582.0,12799.0,569.0,0.0,407.0
2020-06-04,36922.0,24.0,23904.0,12994.0,517.0,0.0,322.0
2020-06-05,37183.0,24.0,24209.0,12950.0,261.0,0.0,305.0
2020-06-06,37527.0,25.0,24559.0,12943.0,344.0,1.0,350.0
2020-06-07,37910.0,25.0,24886.0,12999.0,383.0,0.0,327.0
2020-06-08,38296.0,25.0,25368.0,12903.0,386.0,0.0,482.0
2020-06-09,38514.0,25.0,25877.0,12612.0,218.0,0.0,509.0
2020-06-10,38965.0,25.0,26532.0,12408.0,451.0,0.0,655.0
2020-06-11,39387.0,25.0,27286.0,12076.0,422.0,0.0,754.0
2020-06-12,39850.0,25.0,28040.0,11785.0,463.0,0.0,754.0
2020-06-13,40197.0,26.0,28808.0,11363.0,347.0,1.0,768.0
2020-06-14,40604.0,26.0,29589.0,10989.0,407.0,0.0,781.0
2020-06-15,40818.0,26.0,30366.0,10426.0,214.0,0.0,777.0
2020-06-16,40969.0,26.0,31163.0,9780.0,151.0,0.0,797.0
2020-06-17,41216.0,26.0,31938.0,9252.0,247.0,0.0,775.0
2020-06-18,41473.0,26.0,32712.0,8735.0,257.0,0.0,774.0
2020-06-19,41615.0,26.0,33459.0,8130.0,142.0,0.0,747.0
2020-06-20,41833.0,26.0,34224.0,7583.0,218.0,0.0,765.0
2020-06-21,42095.0,26.0,34942.0,7127.0,262.0,0.0,718.0
2020-06-22,42313.0,26.0,35590.0,6697.0,218.0,0.0,648.0
2020-06-23,42432.0,26.0,35995.0,6411.0,119.0,0.0,405.0
2020-06-24,42623.0,26.0,36299.0,6298.0,191.0,0.0,304.0
2020-06-25,42736.0,26.0,36604.0,6106.0,113.0,0.0,305.0
2020-06-26,42955.0,26.0,36825.0,6104.0,219.0,0.0,221.0
2020-06-27,43246.0,26.0,37163.0,6057.0,291.0,0.0,338.0
2020-06-28,43459.0,26.0,37508.0,5925.0,213.0,0.0,345.0
2020-06-29,43661.0,26.0,37985.0,5650.0,202.0,0.0,477.0
2020-06-30,43907.0,26.0,38500.0,5381.0,246.0,0.0,515.0
2020-07-01,44122.0,26.0,39011.0,5085.0,215.0,0.0,511.0
2020-07-02,44310.0,26.0,39429.0,4855.0,188.0,0.0,418.0
2020-07-03,44479.0,26.0,39769.0,4684.0,169.0,0.0,340.0
2020-07-04,44664.0,26.0,40117.0,4521.0,185.0,0.0,348.0
2020-07-05,44800.0,26.0,40441.0,4333.0,136.0,0.0,324.0
2020-07-06,44983.0,26.0,40717.0,4240.0,183.0,0.0,276.0
2020-07-07,45140.0,26.0,41002.0,4112.0,157.0,0.0,285.0
2020-07-08,45298.0,26.0,41323.0,3949.0,158.0,0.0,321.0
2020-07-09,45423.0,26.0,41645.0,3752.0,125.0,0.0,322.0
2020-07-10,45614.0,26.0,41780.0,3808.0,191.0,0.0,135.0
2020-07-11,45783.0,26.0,42026.0,3731.0,169.0,0.0,246.0
2020-07-12,45961.0,26.0,42285.0,3650.0,178.0,0.0,259.0
2020-07-13,46283.0,26.0,42541.0,3716.0,322.0,0.0,256.0
2020-07-14,46630.0,27.0,42737.0,3866.0,347.0,1.0,196.0
2020-07-15,46878.0,27.0,42988.0,3863.0,248.0,0.0,251.0
2020-07-16,47126.0,27.0,43256.0,3843.0,248.0,0.0,268.0
2020-07-17,47453.0,27.0,43577.0,3849.0,327.0,0.0,321.0
2020-07-18,47655.0,27.0,43833.0,3795.0,202.0,0.0,256.0
2020-07-19,47912.0,27.0,44086.0,3799.0,257.0,0.0,253.0
2020-07-20,48035.0,27.0,44371.0,3637.0,123.0,0.0,285.0
2020-07-21,48434.0,27.0,44584.0,3823.0,399.0,0.0,213.0
2020-07-22,48744.0,27.0,44795.0,3922.0,310.0,0.0,211.0
2020-07-23,49098.0,27.0,45015.0,4056.0,354.0,0.0,220.0
2020-07-24,49375.0,27.0,45172.0,4176.0,277.0,0.0,157.0
2020-07-25,49888.0,27.0,45352.0,4509.0,513.0,0.0,180.0
2020-07-26,50369.0,27.0,45521.0,4821.0,481.0,0.0,169.0
2020-07-27,50838.0,27.0,45692.0,5119.0,469.0,0.0,171.0
2020-07-28,51197.0,27.0,45893.0,5277.0,359.0,0.0,201.0
2020-07-29,51531.0,27.0,46098.0,5406.0,334.0,0.0,205.0
2020-07-30,51809.0,27.0,46308.0,5474.0,278.0,0.0,210.0
2020-07-31,52205.0,27.0,46491.0,5687.0,396.0,0.0,183.0
2020-08-01,52512.0,27.0,46740.0,5745.0,307.0,0.0,249.0
2020-08-02,52825.0,27.0,46926.0,5872.0,313.0,0.0,186.0
2020-08-03,53051.0,27.0,47179.0,5845.0,226.0,0.0,253.0
2020-08-04,53346.0,27.0,47454.0,5865.0,295.0,0.0,275.0
2020-08-05,54254.0,27.0,47768.0,6459.0,908.0,0.0,314.0
2020-08-06,54555.0,27.0,48031.0,6497.0,301.0,0.0,263.0
2020-08-07,54797.0,27.0,48312.0,6458.0,242.0,0.0,281.0
2020-08-08,54929.0,27.0,48583.0,6319.0,132.0,0.0,271.0
2020-08-09,55104.0,27.0,48915.0,6162.0,175.0,0.0,332.0
2020-08-10,55292.0,27.0,49609.0,5656.0,188.0,0.0,694.0
2020-08-11,55353.0,27.0,50128.0,5198.0,61.0,0.0,519.0
2020-08-12,55395.0,27.0,50520.0,4848.0,42.0,0.0,392.0
2020-08-13,55497.0,27.0,50736.0,4734.0,102.0,0.0,216.0
2020-08-14,55580.0,27.0,51049.0,4504.0,83.0,0.0,313.0
2020-08-15,55661.0,27.0,51521.0,4113.0,81.0,0.0,472.0
2020-08-16,55747.0,27.0,51953.0,3767.0,86.0,0.0,432.0
2020-08-17,55838.0,27.0,52350.0,3461.0,91.0,0.0,397.0
2020-08-18,55938.0,27.0,52533.0,3378.0,100.0,0.0,183.0
2020-08-19,56031.0,27.0,52810.0,3194.0,93.0,0.0,277.0
2020-08-20,56099.0,27.0,53119.0,2953.0,68.0,0.0,309.0
2020-08-21,56216.0,27.0,53651.0,2538.0,117.0,0.0,532.0
2020-08-22,56266.0,27.0,53920.0,2319.0,50.0,0.0,269.0
2020-08-23,56353.0,27.0,54164.0,2162.0,87.0,0.0,244.0
2020-08-24,56404.0,27.0,54587.0,1790.0,51.0,0.0,423.0
2020-08-25,56435.0,27.0,54816.0,1592.0,31.0,0.0,229.0
2020-08-26,56495.0,27.0,54971.0,1497.0,60.0,0.0,155.0
2020-08-27,56572.0,27.0,55139.0,1406.0,77.0,0.0,168.0
2020-08-28,56666.0,27.0,55337.0,1302.0,94.0,0.0,198.0
2020-08-29,56717.0,27.0,55447.0,1243.0,51.0,0.0,110.0
2020-08-30,56771.0,27.0,55586.0,1158.0,54.0,0.0,139.0
2020-08-31,56812.0,27.0,55658.0,1127.0,41.0,0.0,72.0
2020-09-01,56852.0,27.0,55749.0,1076.0,40.0,0.0,91.0
2020-09-02,56860.0,27.0,55891.0,942.0,8.0,0.0,142.0
2020-09-03,56908.0,27.0,56028.0,853.0,48.0,0.0,137.0
2020-09-04,56948.0,27.0,56174.0,747.0,40.0,0.0,146.0
2020-09-05,56982.0,27.0,56267.0,688.0,34.0,0.0,93.0
2020-09-06,57022.0,27.0,56333.0,662.0,40.0,0.0,66.0
2020-09-07,57044.0,27.0,56408.0,609.0,22.0,0.0,75.0
2020-09-08,57091.0,27.0,56461.0,603.0,47.0,0.0,53.0
2020-09-09,57166.0,27.0,56492.0,647.0,75.0,0.0,31.0
2020-09-10,57229.0,27.0,56558.0,644.0,63.0,0.0,66.0
2020-09-11,57315.0,27.0,56607.0,681.0,86.0,0.0,49.0
2020-09-12,57357.0,27.0,56699.0,631.0,42.0,0.0,92.0
2020-09-13,57406.0,27.0,56764.0,615.0,49.0,0.0,65.0
2020-09-14,57454.0,27.0,56802.0,625.0,48.0,0.0,38.0
2020-09-15,57488.0,27.0,56884.0,577.0,34.0,0.0,82.0
2020-09-16,57514.0,27.0,56955.0,532.0,26.0,0.0,71.0
2020-09-17,57532.0,27.0,57039.0,466.0,18.0,0.0,84.0
2020-09-18,57543.0,27.0,57071.0,445.0,11.0,0.0,32.0
2020-09-19,57558.0,27.0,57142.0,389.0,15.0,0.0,71.0
2020-09-20,57576.0,27.0,57181.0,368.0,18.0,0.0,39.0
2020-09-21,57606.0,27.0,57241.0,338.0,30.0,0.0,60.0
2020-09-22,57627.0,27.0,57262.0,338.0,21.0,0.0,21.0
2020-09-23,57639.0,27.0,57291.0,321.0,12.0,0.0,29.0
2020-09-24,57654.0,27.0,57333.0,294.0,15.0,0.0,42.0
2020-09-25,57665.0,27.0,57341.0,297.0,11.0,0.0,8.0
2020-09-26,57685.0,27.0,57359.0,299.0,20.0,0.0,18.0
2020-09-27,57700.0,27.0,57367.0,306.0,15.0,0.0,8.0
2020-09-28,57715.0,27.0,57393.0,295.0,15.0,0.0,26.0
2020-09-29,57742.0,27.0,57466.0,249.0,27.0,0.0,73.0
2020-09-30,57765.0,27.0,57488.0,250.0,23.0,0.0,22.0
2020-10-01,57784.0,27.0,57512.0,245.0,19.0,0.0,24.0
2020-10-02,57794.0,27.0,57534.0,233.0,10.0,0.0,22.0
2020-10-03,57800.0,27.0,57562.0,211.0,6.0,0.0,28.0
2020-10-04,57812.0,27.0,57575.0,210.0,12.0,0.0,13.0
