date,confirmed,deaths,recovered,active,new_confirmed,new_deaths,new_recovered
2020-03-06,1.0,0.0,0.0,1.0,,,
2020-03-07,1.0,0.0,0.0,1.0,0.0,0.0,0.0
2020-03-08,3.0,0.0,0.0,3.0,2.0,0.0,0.0
2020-03-09,3.0,0.0,0.0,3.0,0.0,0.0,0.0
2020-03-10,7.0,0.0,0.0,7.0,4.0,0.0,0.0
2020-03-11,10.0,0.0,0.0,10.0,3.0,0.0,0.0
2020-03-12,16.0,0.0,0.0,16.0,6.0,0.0,0.0
2020-03-13,32.0,0.0,0.0,32.0,16.0,0.0,0.0
2020-03-14,44.0,0.0,0.0,44.0,12.0,0.0,0.0
2020-03-15,54.0,0.0,0.0,54.0,10.0,0.0,0.0
2020-03-16,63.0,0.0,0.0,63.0,9.0,0.0,0.0
2020-03-17,72.0,0.0,0.0,72.0,9.0,0.0,0.0
2020-03-18,105.0,1.0,0.0,104.0,33.0,1.0,0.0
2020-03-19,123.0,1.0,0.0,122.0,18.0,0.0,0.0
2020-03-20,137.0,1.0,0.0,136.0,14.0,0.0,0.0
2020-03-21,178.0,1.0,0.0,177.0,41.0,0.0,0.0
2020-03-22,185.0,0.0,7.0,178.0,7.0,-1.0,7.0
2020-03-23,186.0,0.0,7.0,179.0,1.0,0.0,0.0
2020-03-24,204.0,0.0,7.0,197.0,18.0,0.0,0.0
2020-03-25,216.0,0.0,7.0,209.0,12.0,0.0,0.0
2020-03-26,226.0,0.0,2.0,224.0,10.0,0.0,-5.0
2020-03-27,269.0,0.0,2.0,267.0,43.0,0.0,0.0
2020-03-28,292.0,0.0,2.0,290.0,23.0,0.0,0.0
2020-03-29,314.0,0.0,2.0,312.0,22.0,0.0,0.0
2020-03-30,336.0,0.0,7.0,329.0,22.0,0.0,5.0
2020-03-31,363.0,0.0,3.0,360.0,27.0,0.0,-4.0
2020-04-01,400.0,1.0,3.0,396.0,37.0,1.0,0.0
2020-04-02,426.0,1.0,5.0,420.0,26.0,0.0,2.0
2020-04-03,450.0,1.0,10.0,439.0,24.0,0.0,5.0
2020-04-04,471.0,1.0,10.0,460.0,21.0,0.0,0.0
2020-04-05,485.0,1.0,10.0,474.0,14.0,0.0,0.0
2020-04-06,534.0,2.0,8.0,524.0,49.0,1.0,-2.0
2020-04-07,581.0,2.0,13.0,566.0,47.0,0.0,5.0
2020-04-08,682.0,2.0,16.0,664.0,101.0,0.0,3.0
2020-04-09,701.0,2.0,23.0,676.0,19.0,0.0,7.0
2020-04-10,715.0,2.0,23.0,690.0,14.0,0.0,0.0
2020-04-11,728.0,2.0,23.0,703.0,13.0,0.0,0.0
2020-04-12,742.0,2.0,23.0,717.0,14.0,0.0,0.0
2020-04-13,769.0,2.0,107.0,660.0,27.0,0.0,84.0
2020-04-14,835.0,2.0,113.0,720.0,66.0,0.0,6.0
2020-04-15,863.0,6.0,151.0,706.0,28.0,4.0,38.0
2020-04-16,977.0,8.0,167.0,802.0,114.0,2.0,16.0
2020-04-17,1049.0,9.0,175.0,865.0,72.0,1.0,8.0
2020-04-18,1089.0,11.0,213.0,865.0,40.0,2.0,38.0
2020-04-19,1161.0,12.0,229.0,920.0,72.0,1.0,16.0
2020-04-20,1173.0,13.0,251.0,909.0,12.0,1.0,22.0
2020-04-21,1199.0,14.0,258.0,927.0,26.0,1.0,7.0
2020-04-22,1244.0,14.0,284.0,946.0,45.0,0.0,26.0
2020-04-23,1325.0,15.0,288.0,1022.0,81.0,1.0,4.0
2020-04-24,1360.0,17.0,355.0,988.0,35.0,2.0,67.0
2020-04-25,1373.0,17.0,386.0,970.0,13.0,0.0,31.0
2020-04-26,1379.0,18.0,394.0,967.0,6.0,1.0,8.0
2020-04-27,1381.0,18.0,403.0,960.0,2.0,0.0,9.0
2020-04-28,1384.0,20.0,423.0,941.0,3.0,2.0,20.0
2020-04-29,1391.0,22.0,484.0,885.0,7.0,2.0,61.0
2020-04-30,1396.0,23.0,524.0,849.0,5.0,1.0,40.0
2020-05-01,1403.0,23.0,558.0,822.0,7.0,0.0,34.0
2020-05-02,1407.0,24.0,608.0,775.0,4.0,1.0,50.0
2020-05-03,1408.0,24.0,619.0,765.0,1.0,0.0,11.0
2020-05-04,1413.0,25.0,643.0,745.0,5.0,1.0,24.0
2020-05-05,1421.0,25.0,741.0,655.0,8.0,0.0,98.0
2020-05-06,1429.0,25.0,762.0,642.0,8.0,0.0,21.0
2020-05-07,1445.0,26.0,806.0,613.0,16.0,1.0,44.0
2020-05-08,1455.0,26.0,905.0,524.0,10.0,0.0,99.0
2020-05-09,1455.0,26.0,919.0,510.0,0.0,0.0,14.0
2020-05-10,1457.0,26.0,941.0,490.0,2.0,0.0,22.0
2020-05-11,1457.0,26.0,959.0,472.0,0.0,0.0,18.0
2020-05-12,1465.0,27.0,983.0,455.0,8.0,1.0,24.0
2020-05-13,1469.0,27.0,1060.0,382.0,4.0,0.0,77.0
2020-05-14,1477.0,27.0,1112.0,338.0,8.0,0.0,52.0
2020-05-15,1480.0,27.0,1131.0,322.0,3.0,0.0,19.0
2020-05-16,1493.0,28.0,1151.0,314.0,13.0,1.0,20.0
2020-05-17,1494.0,28.0,1163.0,303.0,1.0,0.0,12.0
2020-05-18,1495.0,28.0,1185.0,282.0,1.0,0.0,22.0
2020-05-19,1495.0,28.0,1192.0,275.0,0.0,0.0,7.0
2020-05-20,1496.0,28.0,1231.0,237.0,1.0,0.0,39.0
2020-05-21,1502.0,28.0,1245.0,229.0,6.0,0.0,14.0
2020-05-22,1503.0,28.0,1256.0,219.0,1.0,0.0,11.0
2020-05-23,1504.0,28.0,1280.0,196.0,1.0,0.0,24.0
2020-05-24,1509.0,28.0,1301.0,180.0,5.0,0.0,21.0
2020-05-25,1511.0,28.0,1307.0,176.0,2.0,0.0,6.0
2020-05-26,1513.0,28.0,1322.0,163.0,2.0,0.0,15.0
2020-05-27,1515.0,28.0,1327.0,160.0,2.0,0.0,5.0
2020-05-28,1520.0,28.0,1332.0,160.0,5.0,0.0,5.0
2020-05-29,1520.0,28.0,1338.0,154.0,0.0,0.0,6.0
2020-05-30,1521.0,28.0,1356.0,137.0,1.0,0.0,18.0
2020-05-31,1521.0,28.0,1366.0,127.0,0.0,0.0,10.0
2020-06-01,1522.0,28.0,1368.0,126.0,1.0,0.0,2.0
2020-06-02,1522.0,28.0,1372.0,122.0,0.0,0.0,4.0
2020-06-03,1525.0,28.0,1375.0,122.0,3.0,0.0,3.0
2020-06-04,1526.0,28.0,1376.0,122.0,1.0,0.0,1.0
2020-06-05,1526.0,28.0,1379.0,119.0,0.0,0.0,3.0
2020-06-06,1528.0,28.0,1379.0,121.0,2.0,0.0,0.0
2020-06-07,1528.0,28.0,1389.0,111.0,0.0,0.0,10.0
2020-06-08,1530.0,28.0,1396.0,106.0,2.0,0.0,7.0
2020-06-09,1531.0,28.0,1402.0,101.0,1.0,0.0,6.0
2020-06-10,1533.0,28.0,1404.0,101.0,2.0,0.0,2.0
2020-06-11,1541.0,28.0,1409.0,104.0,8.0,0.0,5.0
2020-06-12,1542.0,28.0,1409.0,105.0,1.0,0.0,0.0
2020-06-13,1545.0,28.0,1410.0,107.0,3.0,0.0,1.0
2020-06-14,1548.0,28.0,1410.0,110.0,3.0,0.0,0.0
2020-06-15,1552.0,28.0,1410.0,114.0,4.0,0.0,0.0
2020-06-16,1552.0,28.0,1426.0,98.0,0.0,0.0,16.0
2020-06-17,1561.0,28.0,1437.0,96.0,9.0,0.0,11.0
2020-06-18,1562.0,28.0,1443.0,91.0,1.0,0.0,6.0
2020-06-19,1576.0,28.0,1447.0,101.0,14.0,0.0,4.0
2020-06-20,1586.0,28.0,1447.0,111.0,10.0,0.0,0.0
2020-06-21,1587.0,28.0,1447.0,112.0,1.0,0.0,0.0
2020-06-22,1588.0,28.0,1447.0,113.0,1.0,0.0,0.0
2020-06-23,1589.0,28.0,1448.0,113.0,1.0,0.0,1.0
2020-06-24,1607.0,28.0,1448.0,131.0,18.0,0.0,0.0
2020-06-25,1630.0,28.0,1452.0,150.0,23.0,0.0,4.0
2020-06-26,1643.0,28.0,1455.0,160.0,13.0,0.0,3.0
2020-06-27,1657.0,28.0,1455.0,174.0,14.0,0.0,0.0
2020-06-28,1664.0,28.0,1461.0,175.0,7.0,0.0,6.0
2020-06-29,1665.0,28.0,1464.0,173.0,1.0,0.0,3.0
2020-06-30,1667.0,28.0,1464.0,175.0,2.0,0.0,0.0
2020-07-01,1687.0,28.0,1466.0,193.0,20.0,0.0,2.0
2020-07-02,1700.0,28.0,1466.0,206.0,13.0,0.0,0.0
2020-07-03,1720.0,28.0,1466.0,226.0,20.0,0.0,0.0
2020-07-04,1749.0,28.0,1466.0,255.0,29.0,0.0,0.0
2020-07-05,1764.0,28.0,1466.0,270.0,15.0,0.0,0.0
2020-07-06,1765.0,28.0,1466.0,271.0,1.0,0.0,0.0
2020-07-07,1767.0,28.0,1473.0,266.0,2.0,0.0,7.0
2020-07-08,1798.0,28.0,1473.0,297.0,31.0,0.0,0.0
2020-07-09,1851.0,28.0,1477.0,346.0,53.0,0.0,4.0
2020-07-10,1870.0,28.0,1481.0,361.0,19.0,0.0,4.0
2020-07-11,1893.0,28.0,1493.0,372.0,23.0,0.0,12.0
2020-07-12,1901.0,28.0,1493.0,380.0,8.0,0.0,0.0
2020-07-13,1902.0,28.0,1493.0,381.0,1.0,0.0,0.0
2020-07-14,1908.0,28.0,1493.0,387.0,6.0,0.0,0.0
2020-07-15,1927.0,28.0,1507.0,392.0,19.0,0.0,14.0
2020-07-16,1951.0,28.0,1514.0,409.0,24.0,0.0,7.0
2020-07-17,1965.0,28.0,1523.0,414.0,14.0,0.0,9.0
2020-07-18,1976.0,28.0,1523.0,425.0,11.0,0.0,0.0
2020-07-19,1979.0,28.0,1530.0,421.0,3.0,0.0,7.0
2020-07-20,1980.0,28.0,1538.0,414.0,1.0,0.0,8.0
2020-07-21,2021.0,28.0,1538.0,455.0,41.0,0.0,0.0
2020-07-22,2058.0,28.0,1556.0,474.0,37.0,0.0,18.0
2020-07-23,2089.0,28.0,1556.0,505.0,31.0,0.0,0.0
2020-07-24,2118.0,28.0,1577.0,513.0,29.0,0.0,21.0
2020-07-25,2141.0,28.0,1577.0,536.0,23.0,0.0,0.0
2020-07-26,2179.0,28.0,1577.0,574.0,38.0,0.0,0.0
2020-07-27,2181.0,28.0,1616.0,537.0,2.0,0.0,39.0
2020-07-28,2204.0,28.0,1644.0,532.0,23.0,0.0,28.0
2020-07-29,2245.0,28.0,1660.0,557.0,41.0,0.0,16.0
2020-07-30,2265.0,28.0,1675.0,562.0,20.0,0.0,15.0
2020-07-31,2292.0,29.0,1695.0,568.0,27.0,1.0,20.0
2020-08-01,2337.0,29.0,1742.0,566.0,45.0,0.0,47.0
2020-08-02,2344.0,29.0,1742.0,573.0,7.0,0.0,0.0
2020-08-03,2354.0,29.0,1746.0,579.0,10.0,0.0,4.0
2020-08-04,2368.0,29.0,1771.0,568.0,14.0,0.0,25.0
2020-08-05,2417.0,29.0,1777.0,611.0,49.0,0.0,6.0
2020-08-06,2480.0,29.0,1824.0,627.0,63.0,0.0,47.0
2020-08-07,2523.0,31.0,1846.0,646.0,43.0,2.0,22.0
2020-08-08,2566.0,31.0,1861.0,674.0,43.0,0.0,15.0
2020-08-09,2596.0,31.0,1864.0,701.0,30.0,0.0,3.0
2020-08-10,2599.0,31.0,1866.0,702.0,3.0,0.0,2.0
2020-08-11,2615.0,31.0,1874.0,710.0,16.0,0.0,8.0
2020-08-12,2690.0,31.0,1884.0,775.0,75.0,0.0,10.0
2020-08-13,2739.0,31.0,1939.0,769.0,49.0,0.0,55.0
2020-08-14,2801.0,31.0,1944.0,826.0,62.0,0.0,5.0
2020-08-15,2855.0,31.0,1969.0,855.0,54.0,0.0,25.0
2020-08-16,2902.0,31.0,1969.0,902.0,47.0,0.0,0.0
2020-08-17,2907.0,31.0,1969.0,907.0,5.0,0.0,0.0
2020-08-18,2922.0,31.0,1980.0,911.0,15.0,0.0,11.0
2020-08-19,3022.0,33.0,1997.0,992.0,100.0,2.0,17.0
2020-08-20,3102.0,33.0,2014.0,1055.0,80.0,0.0,17.0
2020-08-21,3225.0,33.0,2045.0,1147.0,123.0,0.0,31.0
2020-08-22,3316.0,33.0,2147.0,1136.0,91.0,0.0,102.0
2020-08-23,3356.0,33.0,2148.0,1175.0,40.0,0.0,1.0
2020-08-24,3424.0,33.0,2153.0,1238.0,68.0,0.0,5.0
2020-08-25,3452.0,33.0,2167.0,1252.0,28.0,0.0,14.0
2020-08-26,3536.0,33.0,2192.0,1311.0,84.0,0.0,25.0
2020-08-27,3626.0,33.0,2206.0,1387.0,90.0,0.0,14.0
2020-08-28,3728.0,33.0,2225.0,1470.0,102.0,0.0,19.0
2020-08-29,3842.0,33.0,2254.0,1555.0,114.0,0.0,29.0
2020-08-30,3876.0,33.0,2278.0,1565.0,34.0,0.0,24.0
2020-08-31,3917.0,33.0,2377.0,1507.0,41.0,0.0,99.0
2020-09-01,3989.0,33.0,2478.0,1478.0,72.0,0.0,101.0
2020-09-02,4042.0,33.0,2523.0,1486.0,53.0,0.0,45.0
2020-09-03,4163.0,37.0,2617.0,1509.0,121.0,4.0,94.0
2020-09-04,4300.0,37.0,2693.0,1570.0,137.0,0.0,76.0
2020-09-05,4526.0,37.0,2797.0,1692.0,226.0,0.0,104.0
2020-09-06,4614.0,37.0,2802.0,1775.0,88.0,0.0,5.0
2020-09-07,4636.0,37.0,2836.0,1763.0,22.0,0.0,34.0
2020-09-08,4727.0,37.0,2913.0,1777.0,91.0,0.0,77.0
2020-09-09,4888.0,37.0,2947.0,1904.0,161.0,0.0,34.0
2020-09-10,5066.0,37.0,3001.0,2028.0,178.0,0.0,54.0
2020-09-11,5252.0,37.0,3081.0,2134.0,186.0,0.0,80.0
2020-09-12,5453.0,38.0,3114.0,2301.0,201.0,1.0,33.0
2020-09-13,5532.0,38.0,3124.0,2370.0,79.0,0.0,10.0
2020-09-14,5580.0,38.0,3129.0,2413.0,48.0,0.0,5.0
2020-09-15,5768.0,38.0,3214.0,2516.0,188.0,0.0,85.0
2020-09-16,5860.0,38.0,3220.0,2602.0,92.0,0.0,6.0
