date,confirmed,deaths,recovered,active,new_confirmed,new_deaths,new_recovered
2020-03-16,1.0,0.0,0.0,1.0,,,
2020-03-17,1.0,0.0,0.0,1.0,0.0,0.0,0.0
2020-03-18,1.0,0.0,0.0,1.0,0.0,0.0,0.0
2020-03-19,1.0,0.0,0.0,1.0,0.0,0.0,0.0
2020-03-20,1.0,0.0,0.0,1.0,0.0,0.0,0.0
2020-03-21,1.0,0.0,0.0,1.0,0.0,0.0,0.0
2020-03-22,1.0,0.0,0.0,1.0,0.0,0.0,0.0
2020-03-23,1.0,0.0,0.0,1.0,0.0,0.0,0.0
2020-03-24,1.0,0.0,0.0,1.0,0.0,0.0,0.0
2020-03-25,1.0,0.0,0.0,1.0,0.0,0.0,0.0
2020-03-26,2.0,0.0,0.0,2.0,1.0,0.0,0.0
2020-03-27,3.0,0.0,0.0,3.0,1.0,0.0,0.0
2020-03-28,3.0,0.0,0.0,3.0,0.0,0.0,0.0
2020-03-29,3.0,0.0,0.0,3.0,0.0,0.0,0.0
2020-03-30,3.0,0.0,0.0,3.0,0.0,0.0,0.0
2020-03-31,5.0,0.0,1.0,4.0,2.0,0.0,1.0
2020-04-01,5.0,0.0,1.0,4.0,0.0,0.0,0.0
2020-04-02,5.0,0.0,1.0,4.0,0.0,0.0,0.0
2020-04-03,7.0,0.0,1.0,6.0,2.0,0.0,0.0
2020-04-04,7.0,0.0,1.0,6.0,0.0,0.0,0.0
2020-04-05,7.0,0.0,1.0,6.0,0.0,0.0,0.0
2020-04-06,7.0,0.0,1.0,6.0,0.0,0.0,0.0
2020-04-07,8.0,0.0,1.0,7.0,1.0,0.0,0.0
2020-04-08,12.0,1.0,1.0,10.0,4.0,1.0,0.0
2020-04-09,12.0,1.0,1.0,10.0,0.0,0.0,0.0
2020-04-10,21.0,1.0,1.0,19.0,9.0,0.0,0.0
2020-04-11,21.0,1.0,1.0,19.0,0.0,0.0,0.0
2020-04-12,25.0,1.0,2.0,22.0,4.0,0.0,1.0
2020-04-13,60.0,2.0,2.0,56.0,35.0,1.0,0.0
2020-04-14,60.0,2.0,2.0,56.0,0.0,0.0,0.0
2020-04-15,80.0,5.0,2.0,73.0,20.0,3.0,0.0
2020-04-16,80.0,5.0,2.0,73.0,0.0,0.0,0.0
2020-04-17,116.0,6.0,2.0,108.0,36.0,1.0,0.0
2020-04-18,135.0,7.0,2.0,126.0,19.0,1.0,0.0
2020-04-19,164.0,7.0,3.0,154.0,29.0,0.0,1.0
2020-04-20,237.0,8.0,4.0,225.0,73.0,1.0,1.0
2020-04-21,286.0,8.0,4.0,274.0,49.0,0.0,0.0
2020-04-22,286.0,8.0,4.0,274.0,0.0,0.0,0.0
2020-04-23,328.0,16.0,8.0,304.0,42.0,8.0,4.0
2020-04-24,328.0,16.0,8.0,304.0,0.0,0.0,0.0
2020-04-25,390.0,18.0,8.0,364.0,62.0,2.0,0.0
2020-04-26,436.0,23.0,10.0,403.0,46.0,5.0,2.0
2020-04-27,480.0,26.0,10.0,444.0,44.0,3.0,0.0
2020-04-28,528.0,28.0,19.0,481.0,48.0,2.0,9.0
2020-04-29,582.0,28.0,20.0,534.0,54.0,0.0,1.0
2020-04-30,601.0,28.0,31.0,542.0,19.0,0.0,11.0
2020-05-01,601.0,28.0,31.0,542.0,0.0,0.0,0.0
2020-05-02,671.0,31.0,34.0,606.0,70.0,3.0,3.0
2020-05-03,722.0,32.0,44.0,646.0,51.0,1.0,10.0
2020-05-04,756.0,35.0,61.0,660.0,34.0,3.0,17.0
2020-05-05,835.0,38.0,75.0,722.0,79.0,3.0,14.0
2020-05-06,873.0,39.0,87.0,747.0,38.0,1.0,12.0
2020-05-07,928.0,44.0,106.0,778.0,55.0,5.0,19.0
2020-05-08,928.0,44.0,106.0,778.0,0.0,0.0,0.0
2020-05-09,997.0,48.0,110.0,839.0,69.0,4.0,4.0
2020-05-10,1054.0,51.0,118.0,885.0,57.0,3.0,8.0
2020-05-11,1089.0,52.0,121.0,916.0,35.0,1.0,3.0
2020-05-12,1170.0,52.0,126.0,992.0,81.0,0.0,5.0
2020-05-13,1219.0,52.0,130.0,1037.0,49.0,0.0,4.0
2020-05-14,1284.0,53.0,135.0,1096.0,65.0,1.0,5.0
2020-05-15,1284.0,53.0,135.0,1096.0,0.0,0.0,0.0
2020-05-16,1357.0,55.0,148.0,1154.0,73.0,2.0,13.0
2020-05-17,1421.0,56.0,152.0,1213.0,64.0,1.0,4.0
2020-05-18,1455.0,57.0,163.0,1235.0,34.0,1.0,11.0
2020-05-19,1502.0,59.0,178.0,1265.0,47.0,2.0,15.0
2020-05-20,1573.0,61.0,188.0,1324.0,71.0,2.0,10.0
2020-05-21,1594.0,61.0,204.0,1329.0,21.0,0.0,16.0
2020-05-22,1594.0,61.0,204.0,1329.0,0.0,0.0,0.0
2020-05-23,1594.0,61.0,204.0,1329.0,0.0,0.0,0.0
2020-05-24,1594.0,61.0,204.0,1329.0,0.0,0.0,0.0
2020-05-25,1689.0,66.0,235.0,1388.0,95.0,5.0,31.0
2020-05-26,1711.0,67.0,253.0,1391.0,22.0,1.0,18.0
2020-05-27,1731.0,67.0,265.0,1399.0,20.0,0.0,12.0
2020-05-28,1828.0,72.0,310.0,1446.0,97.0,5.0,45.0
2020-05-29,1828.0,72.0,310.0,1446.0,0.0,0.0,0.0
2020-05-30,1916.0,73.0,327.0,1516.0,88.0,1.0,17.0
2020-05-31,1976.0,78.0,348.0,1550.0,60.0,5.0,21.0
2020-06-01,2023.0,79.0,361.0,1583.0,47.0,1.0,13.0
2020-06-02,2089.0,79.0,361.0,1649.0,66.0,0.0,0.0
2020-06-03,2146.0,79.0,406.0,1661.0,57.0,0.0,45.0
2020-06-04,2204.0,79.0,418.0,1707.0,58.0,0.0,12.0
2020-06-05,2204.0,79.0,418.0,1707.0,0.0,0.0,0.0
2020-06-06,2289.0,82.0,431.0,1776.0,85.0,3.0,13.0
2020-06-07,2334.0,83.0,441.0,1810.0,45.0,1.0,10.0
2020-06-08,2368.0,84.0,470.0,1814.0,34.0,1.0,29.0
2020-06-09,2416.0,85.0,489.0,1842.0,48.0,1.0,19.0
2020-06-10,2452.0,85.0,506.0,1861.0,36.0,0.0,17.0
2020-06-11,2513.0,85.0,532.0,1896.0,61.0,0.0,26.0
2020-06-12,2513.0,85.0,532.0,1896.0,0.0,0.0,0.0
2020-06-13,2579.0,87.0,559.0,1933.0,66.0,2.0,27.0
2020-06-14,2618.0,88.0,577.0,1953.0,39.0,1.0,18.0
2020-06-15,2642.0,88.0,622.0,1932.0,24.0,0.0,45.0
2020-06-16,2658.0,88.0,649.0,1921.0,16.0,0.0,27.0
2020-06-17,2696.0,88.0,685.0,1923.0,38.0,0.0,36.0
2020-06-18,2719.0,88.0,724.0,1907.0,23.0,0.0,39.0
2020-06-19,2719.0,88.0,724.0,1907.0,0.0,0.0,0.0
2020-06-20,2755.0,88.0,751.0,1916.0,36.0,0.0,27.0
2020-06-21,2779.0,90.0,782.0,1907.0,24.0,2.0,31.0
2020-06-22,2812.0,90.0,818.0,1904.0,33.0,0.0,36.0
2020-06-23,2812.0,90.0,818.0,1904.0,0.0,0.0,0.0
2020-06-24,2835.0,90.0,829.0,1916.0,23.0,0.0,11.0
2020-06-25,2878.0,90.0,868.0,1920.0,43.0,0.0,39.0
2020-06-26,2878.0,90.0,868.0,1920.0,0.0,0.0,0.0
2020-06-27,2878.0,90.0,868.0,1920.0,0.0,0.0,0.0
2020-06-28,2894.0,90.0,887.0,1917.0,16.0,0.0,19.0
2020-06-29,2904.0,90.0,910.0,1904.0,10.0,0.0,23.0
2020-06-30,2924.0,90.0,910.0,1924.0,20.0,0.0,0.0
2020-07-01,2924.0,90.0,932.0,1902.0,0.0,0.0,22.0
2020-07-02,2944.0,90.0,951.0,1903.0,20.0,0.0,19.0
2020-07-03,2944.0,90.0,951.0,1903.0,0.0,0.0,0.0
2020-07-04,2961.0,92.0,973.0,1896.0,17.0,2.0,22.0
2020-07-05,2997.0,92.0,1014.0,1891.0,36.0,0.0,41.0
2020-07-06,3006.0,92.0,1051.0,1863.0,9.0,0.0,37.0
2020-07-07,3015.0,92.0,1096.0,1827.0,9.0,0.0,45.0
2020-07-08,3028.0,92.0,1147.0,1789.0,13.0,0.0,51.0
2020-07-09,3038.0,92.0,1209.0,1737.0,10.0,0.0,62.0
2020-07-10,3038.0,92.0,1209.0,1737.0,0.0,0.0,0.0
2020-07-11,3051.0,92.0,1264.0,1695.0,13.0,0.0,55.0
2020-07-12,3059.0,93.0,1264.0,1702.0,8.0,1.0,0.0
2020-07-13,3072.0,93.0,1343.0,1636.0,13.0,0.0,79.0
2020-07-14,3076.0,93.0,1380.0,1603.0,4.0,0.0,37.0
2020-07-15,3083.0,93.0,1425.0,1565.0,7.0,0.0,45.0
2020-07-16,3106.0,93.0,1444.0,1569.0,23.0,0.0,19.0
2020-07-17,3106.0,93.0,1444.0,1569.0,0.0,0.0,0.0
2020-07-18,3111.0,93.0,1452.0,1566.0,5.0,0.0,8.0
2020-07-19,3119.0,93.0,1457.0,1569.0,8.0,0.0,5.0
2020-07-20,3130.0,93.0,1462.0,1575.0,11.0,0.0,5.0
2020-07-21,3135.0,93.0,1464.0,1578.0,5.0,0.0,2.0
2020-07-22,3161.0,93.0,1495.0,1573.0,26.0,0.0,31.0
2020-07-23,3171.0,93.0,1499.0,1579.0,10.0,0.0,4.0
2020-07-24,3171.0,93.0,1499.0,1579.0,0.0,0.0,0.0
2020-07-25,3178.0,93.0,1521.0,1564.0,7.0,0.0,22.0
2020-07-26,3178.0,93.0,1521.0,1564.0,0.0,0.0,0.0
2020-07-27,3196.0,93.0,1543.0,1560.0,18.0,0.0,22.0
2020-07-28,3212.0,93.0,1562.0,1557.0,16.0,0.0,19.0
2020-07-29,3212.0,93.0,1562.0,1557.0,0.0,0.0,0.0
2020-07-30,3212.0,93.0,1562.0,1557.0,0.0,0.0,0.0
2020-07-31,3212.0,93.0,1562.0,1557.0,0.0,0.0,0.0
2020-08-01,3212.0,93.0,1562.0,1557.0,0.0,0.0,0.0
2020-08-02,3220.0,93.0,1598.0,1529.0,8.0,0.0,36.0
2020-08-03,3220.0,93.0,1598.0,1529.0,0.0,0.0,0.0
2020-08-04,3220.0,93.0,1598.0,1529.0,0.0,0.0,0.0
2020-08-05,3227.0,93.0,1728.0,1406.0,7.0,0.0,130.0
2020-08-06,3227.0,93.0,1728.0,1406.0,0.0,0.0,0.0
2020-08-07,3227.0,93.0,1728.0,1406.0,0.0,0.0,0.0
2020-08-08,3227.0,93.0,1728.0,1406.0,0.0,0.0,0.0
2020-08-09,3227.0,93.0,1728.0,1406.0,0.0,0.0,0.0
2020-08-10,3227.0,93.0,1728.0,1406.0,0.0,0.0,0.0
2020-08-11,3227.0,93.0,1728.0,1406.0,0.0,0.0,0.0
2020-08-12,3227.0,93.0,1728.0,1406.0,0.0,0.0,0.0
2020-08-13,3227.0,93.0,1728.0,1406.0,0.0,0.0,0.0
2020-08-14,3250.0,93.0,2268.0,889.0,23.0,0.0,540.0
2020-08-15,3250.0,93.0,2268.0,889.0,0.0,0.0,0.0
2020-08-16,3256.0,93.0,2374.0,789.0,6.0,0.0,106.0
2020-08-17,3257.0,93.0,2374.0,790.0,1.0,0.0,0.0
2020-08-18,3257.0,93.0,2374.0,790.0,0.0,0.0,0.0
2020-08-19,3265.0,93.0,2396.0,776.0,8.0,0.0,22.0
2020-08-20,3265.0,93.0,2396.0,776.0,0.0,0.0,0.0
2020-08-21,3265.0,93.0,2396.0,776.0,0.0,0.0,0.0
2020-08-22,3269.0,93.0,2396.0,780.0,4.0,0.0,0.0
2020-08-23,3269.0,93.0,2396.0,780.0,0.0,0.0,0.0
2020-08-24,3269.0,93.0,2443.0,733.0,0.0,0.0,47.0
2020-08-25,3275.0,95.0,2443.0,737.0,6.0,2.0,0.0
2020-08-26,3275.0,95.0,2443.0,737.0,0.0,0.0,0.0
2020-08-27,3275.0,95.0,2443.0,737.0,0.0,0.0,0.0
2020-08-28,3275.0,95.0,2443.0,737.0,0.0,0.0,0.0
2020-08-29,3310.0,97.0,2481.0,732.0,35.0,2.0,38.0
2020-08-30,3310.0,98.0,2481.0,731.0,0.0,1.0,0.0
2020-08-31,3310.0,98.0,2481.0,731.0,0.0,0.0,0.0
2020-09-01,3310.0,98.0,2481.0,731.0,0.0,0.0,0.0
2020-09-02,3310.0,98.0,2481.0,731.0,0.0,0.0,0.0
2020-09-03,3310.0,98.0,2481.0,731.0,0.0,0.0,0.0
2020-09-04,3332.0,97.0,2696.0,539.0,22.0,-1.0,215.0
2020-09-05,3332.0,97.0,2696.0,539.0,0.0,0.0,0.0
2020-09-06,3362.0,97.0,2696.0,569.0,30.0,0.0,0.0
2020-09-07,3362.0,97.0,2696.0,569.0,0.0,0.0,0.0
2020-09-08,3371.0,97.0,2738.0,536.0,9.0,0.0,42.0
2020-09-09,3371.0,97.0,2738.0,536.0,0.0,0.0,0.0
