date,confirmed,deaths,recovered,active,new_confirmed,new_deaths,new_recovered
2020-03-05,1.0,0.0,0.0,1.0,,,
2020-03-06,1.0,0.0,0.0,1.0,0.0,0.0,0.0
2020-03-07,1.0,0.0,0.0,1.0,0.0,0.0,0.0
2020-03-08,3.0,0.0,0.0,3.0,2.0,0.0,0.0
2020-03-09,3.0,0.0,0.0,3.0,0.0,0.0,0.0
2020-03-10,7.0,0.0,0.0,7.0,4.0,0.0,0.0
2020-03-11,13.0,0.0,0.0,13.0,6.0,0.0,0.0
2020-03-12,17.0,0.0,0.0,17.0,4.0,0.0,0.0
2020-03-13,24.0,0.0,0.0,24.0,7.0,0.0,0.0
2020-03-14,38.0,0.0,0.0,38.0,14.0,0.0,0.0
2020-03-15,51.0,0.0,0.0,51.0,13.0,0.0,0.0
2020-03-16,62.0,0.0,0.0,62.0,11.0,0.0,0.0
2020-03-17,62.0,0.0,0.0,62.0,0.0,0.0,0.0
2020-03-18,116.0,0.0,0.0,116.0,54.0,0.0,0.0
2020-03-19,150.0,0.0,0.0,150.0,34.0,0.0,0.0
2020-03-20,202.0,0.0,0.0,202.0,52.0,0.0,0.0
2020-03-21,240.0,0.0,0.0,240.0,38.0,0.0,0.0
2020-03-22,274.0,0.0,2.0,272.0,34.0,0.0,2.0
2020-03-23,402.0,0.0,4.0,398.0,128.0,0.0,2.0
2020-03-24,554.0,0.0,4.0,550.0,152.0,0.0,0.0
2020-03-25,709.0,0.0,12.0,697.0,155.0,0.0,8.0
2020-03-26,927.0,0.0,12.0,915.0,218.0,0.0,0.0
2020-03-27,1170.0,1.0,31.0,1138.0,243.0,1.0,19.0
2020-03-28,1187.0,1.0,31.0,1155.0,17.0,0.0,0.0
2020-03-29,1280.0,2.0,31.0,1247.0,93.0,1.0,0.0
2020-03-30,1326.0,3.0,31.0,1292.0,46.0,1.0,0.0
2020-03-31,1353.0,5.0,31.0,1317.0,27.0,2.0,0.0
2020-04-01,1380.0,5.0,50.0,1325.0,27.0,0.0,19.0
2020-04-02,1462.0,5.0,50.0,1407.0,82.0,0.0,0.0
2020-04-03,1505.0,9.0,95.0,1401.0,43.0,4.0,45.0
2020-04-04,1585.0,9.0,95.0,1481.0,80.0,0.0,0.0
2020-04-05,1655.0,11.0,95.0,1549.0,70.0,2.0,0.0
2020-04-06,1686.0,12.0,95.0,1579.0,31.0,1.0,0.0
2020-04-07,1749.0,13.0,95.0,1641.0,63.0,1.0,0.0
2020-04-08,1845.0,18.0,95.0,1732.0,96.0,5.0,0.0
2020-04-09,1934.0,18.0,95.0,1821.0,89.0,0.0,0.0
2020-04-10,2003.0,24.0,410.0,1569.0,69.0,6.0,315.0
2020-04-11,2028.0,25.0,410.0,1593.0,25.0,1.0,0.0
2020-04-12,2173.0,25.0,410.0,1738.0,145.0,0.0,0.0
2020-04-13,2272.0,27.0,410.0,1835.0,99.0,2.0,0.0
2020-04-14,2415.0,27.0,410.0,1978.0,143.0,0.0,0.0
2020-04-15,2506.0,34.0,410.0,2062.0,91.0,7.0,0.0
2020-04-16,2605.0,48.0,903.0,1654.0,99.0,14.0,493.0
2020-04-17,2783.0,50.0,903.0,1830.0,178.0,2.0,0.0
2020-04-18,3034.0,52.0,903.0,2079.0,251.0,2.0,0.0
2020-04-19,3158.0,54.0,903.0,2201.0,124.0,2.0,0.0
2020-04-20,3300.0,58.0,1055.0,2187.0,142.0,4.0,152.0
2020-04-21,3465.0,58.0,1055.0,2352.0,165.0,0.0,0.0
2020-04-22,3635.0,65.0,1055.0,2515.0,170.0,7.0,0.0
2020-04-23,3953.0,75.0,1473.0,2405.0,318.0,10.0,418.0
2020-04-24,4220.0,79.0,1473.0,2668.0,267.0,4.0,0.0
2020-04-25,4361.0,86.0,1473.0,2802.0,141.0,7.0,0.0
2020-04-26,4546.0,87.0,1473.0,2986.0,185.0,1.0,0.0
2020-04-27,4793.0,90.0,1473.0,3230.0,247.0,3.0,0.0
2020-04-28,4996.0,93.0,2073.0,2830.0,203.0,3.0,600.0
2020-04-29,5350.0,103.0,2073.0,3174.0,354.0,10.0,0.0
2020-04-30,5647.0,103.0,2073.0,3471.0,297.0,0.0,0.0
2020-05-01,5951.0,116.0,2382.0,3453.0,304.0,13.0,309.0
2020-05-02,6336.0,123.0,2549.0,3664.0,385.0,7.0,167.0
2020-05-03,6783.0,131.0,2549.0,4103.0,447.0,8.0,0.0
2020-05-04,7220.0,138.0,2746.0,4336.0,437.0,7.0,197.0
2020-05-05,7572.0,148.0,2746.0,4678.0,352.0,10.0,0.0
2020-05-06,7808.0,153.0,3153.0,4502.0,236.0,5.0,407.0
2020-05-07,8232.0,161.0,3153.0,4918.0,424.0,8.0,0.0
2020-05-08,8895.0,178.0,3153.0,5564.0,663.0,17.0,0.0
2020-05-09,9420.0,186.0,3983.0,5251.0,525.0,8.0,830.0
2020-05-10,10015.0,194.0,4173.0,5648.0,595.0,8.0,190.0
2020-05-11,10652.0,206.0,4357.0,6089.0,637.0,12.0,184.0
2020-05-12,11350.0,206.0,4357.0,6787.0,698.0,0.0,0.0
2020-05-13,12074.0,219.0,4745.0,7110.0,724.0,13.0,388.0
2020-05-14,12739.0,238.0,5676.0,6825.0,665.0,19.0,931.0
2020-05-15,13524.0,247.0,6083.0,7194.0,785.0,9.0,407.0
2020-05-16,14355.0,261.0,6478.0,7616.0,831.0,14.0,395.0
2020-05-17,15515.0,264.0,7006.0,8245.0,1160.0,3.0,528.0
2020-05-18,16433.0,286.0,7298.0,8849.0,918.0,22.0,292.0
2020-05-19,17200.0,312.0,7960.0,8928.0,767.0,26.0,662.0
2020-05-20,18003.0,339.0,8950.0,8714.0,803.0,27.0,990.0
2020-05-21,19137.0,369.0,8950.0,9818.0,1134.0,30.0,0.0
2020-05-22,20125.0,397.0,10104.0,9624.0,988.0,28.0,1154.0
2020-05-23,21343.0,407.0,10104.0,10832.0,1218.0,10.0,0.0
2020-05-24,22583.0,429.0,11100.0,11054.0,1240.0,22.0,996.0
2020-05-25,23615.0,481.0,11917.0,11217.0,1032.0,52.0,817.0
2020-05-26,24264.0,524.0,12741.0,10999.0,649.0,43.0,824.0
2020-05-27,25937.0,552.0,13451.0,11934.0,1673.0,28.0,710.0
2020-05-28,27403.0,577.0,14370.0,12456.0,1466.0,25.0,919.0
2020-05-29,29240.0,611.0,15093.0,13536.0,1837.0,34.0,723.0
2020-05-30,30967.0,643.0,16116.0,14208.0,1727.0,32.0,1023.0
2020-05-31,32683.0,683.0,16809.0,15191.0,1716.0,40.0,693.0
2020-06-01,34357.0,705.0,17291.0,16361.0,1674.0,22.0,482.0
2020-06-02,35812.0,755.0,18313.0,16744.0,1455.0,50.0,1022.0
2020-06-03,37525.0,792.0,19682.0,17051.0,1713.0,37.0,1369.0
2020-06-04,40792.0,848.0,21311.0,18633.0,3267.0,56.0,1629.0
2020-06-05,43434.0,908.0,23088.0,19438.0,2642.0,60.0,1777.0
2020-06-06,45973.0,952.0,24258.0,20763.0,2539.0,44.0,1170.0
2020-06-07,48285.0,998.0,24364.0,22923.0,2312.0,46.0,106.0
2020-06-08,50879.0,1080.0,26099.0,23700.0,2594.0,82.0,1735.0
2020-06-09,52991.0,1162.0,29006.0,22823.0,2112.0,82.0,2907.0
2020-06-10,55421.0,1210.0,31505.0,22706.0,2430.0,48.0,2499.0
2020-06-11,58568.0,1284.0,33252.0,24032.0,3147.0,74.0,1747.0
2020-06-12,61927.0,1354.0,35006.0,25567.0,3359.0,70.0,1754.0
2020-06-13,65736.0,1423.0,36850.0,27463.0,3809.0,69.0,1844.0
2020-06-14,70038.0,1480.0,38531.0,30027.0,4302.0,57.0,1681.0
2020-06-15,73533.0,1568.0,39867.0,32098.0,3495.0,88.0,1336.0
2020-06-16,76334.0,1625.0,42063.0,32646.0,2801.0,57.0,2196.0
2020-06-17,80412.0,1674.0,44331.0,34407.0,4078.0,49.0,2268.0
2020-06-18,83890.0,1737.0,44920.0,37233.0,3478.0,63.0,589.0
2020-06-19,87715.0,1831.0,47825.0,38059.0,3825.0,94.0,2905.0
2020-06-20,92681.0,1877.0,50326.0,40478.0,4966.0,46.0,2501.0
2020-06-21,97302.0,1930.0,51608.0,43764.0,4621.0,53.0,1282.0
2020-06-22,101590.0,1991.0,53444.0,46155.0,4288.0,61.0,1836.0
2020-06-23,106108.0,2102.0,55045.0,48961.0,4518.0,111.0,1601.0
2020-06-24,111796.0,2205.0,56874.0,52717.0,5688.0,103.0,1829.0
2020-06-25,118375.0,2292.0,59974.0,56109.0,6579.0,87.0,3100.0
2020-06-26,124590.0,2340.0,64111.0,58139.0,6215.0,48.0,4137.0
2020-06-27,131800.0,2413.0,67094.0,62293.0,7210.0,73.0,2983.0
2020-06-28,138134.0,2456.0,68925.0,66753.0,6334.0,43.0,1831.0
2020-06-29,144264.0,2529.0,70614.0,71121.0,6130.0,73.0,1689.0
2020-06-30,151209.0,2657.0,73543.0,75009.0,6945.0,128.0,2929.0
2020-07-01,159333.0,2749.0,76025.0,80559.0,8124.0,92.0,2482.0
2020-07-02,168061.0,2844.0,81999.0,83218.0,8728.0,95.0,5974.0
2020-07-03,177124.0,2952.0,86298.0,87874.0,9063.0,108.0,4299.0
2020-07-04,187977.0,3026.0,91227.0,93724.0,10853.0,74.0,4929.0
2020-07-05,196750.0,3199.0,93315.0,100236.0,8773.0,173.0,2088.0
2020-07-06,205721.0,3310.0,97848.0,104563.0,8971.0,111.0,4533.0
2020-07-07,215855.0,3502.0,102299.0,110054.0,10134.0,192.0,4451.0
2020-07-08,224665.0,3602.0,106842.0,114221.0,8810.0,100.0,4543.0
2020-07-09,238339.0,3720.0,113061.0,121558.0,13674.0,118.0,6219.0
2020-07-10,250687.0,3860.0,118232.0,128595.0,12348.0,140.0,5171.0
2020-07-11,264184.0,3971.0,127715.0,132498.0,13497.0,111.0,9483.0
2020-07-12,276242.0,4079.0,134874.0,137289.0,12058.0,108.0,7159.0
2020-07-13,287796.0,4172.0,138241.0,145383.0,11554.0,93.0,3367.0
2020-07-14,298292.0,4346.0,146279.0,147667.0,10496.0,174.0,8038.0
2020-07-15,311049.0,4453.0,160693.0,145903.0,12757.0,107.0,14414.0
2020-07-16,324221.0,4669.0,165591.0,153961.0,13172.0,216.0,4898.0
2020-07-17,337594.0,4804.0,178183.0,154607.0,13373.0,135.0,12592.0
2020-07-18,350879.0,4948.0,182230.0,163701.0,13285.0,144.0,4047.0
2020-07-19,364328.0,5033.0,191059.0,168236.0,13449.0,85.0,8829.0
2020-07-20,373628.0,5173.0,194865.0,173590.0,9300.0,140.0,3806.0
2020-07-21,381798.0,5368.0,208144.0,168286.0,8170.0,195.0,13279.0
2020-07-22,394948.0,5940.0,229175.0,159833.0,13150.0,572.0,21031.0
2020-07-23,408052.0,6093.0,236260.0,165699.0,13104.0,153.0,7085.0
2020-07-24,421996.0,6343.0,245771.0,169882.0,13944.0,250.0,9511.0
2020-07-25,434200.0,6655.0,263054.0,164491.0,12204.0,312.0,17283.0
2020-07-26,445433.0,6769.0,265077.0,173587.0,11233.0,114.0,2023.0
2020-07-27,452529.0,7067.0,274925.0,170537.0,7096.0,298.0,9848.0
2020-07-28,459761.0,7257.0,287313.0,165191.0,7232.0,190.0,12388.0
2020-07-29,471123.0,7497.0,297967.0,165659.0,11362.0,240.0,10654.0
2020-07-30,482169.0,7812.0,309601.0,164756.0,11046.0,315.0,11634.0
2020-07-31,493183.0,8005.0,326171.0,159007.0,11014.0,193.0,16570.0
2020-08-01,503290.0,8153.0,342461.0,152676.0,10107.0,148.0,16290.0
2020-08-02,511485.0,8366.0,347227.0,155892.0,8195.0,213.0,4766.0
2020-08-03,516862.0,8539.0,358037.0,150286.0,5377.0,173.0,10810.0
2020-08-04,521318.0,8884.0,363751.0,148683.0,4456.0,345.0,5714.0
2020-08-05,529877.0,9298.0,377266.0,143313.0,8559.0,414.0,13515.0
2020-08-06,538184.0,9604.0,387316.0,141264.0,8307.0,306.0,10050.0
2020-08-07,545476.0,9909.0,394759.0,140808.0,7292.0,305.0,7443.0
2020-08-08,553188.0,10210.0,404568.0,138410.0,7712.0,301.0,9809.0
2020-08-09,559859.0,10408.0,411474.0,137977.0,6671.0,198.0,6906.0
2020-08-10,563598.0,10621.0,417200.0,135777.0,3739.0,213.0,5726.0
2020-08-11,566109.0,10751.0,426125.0,129233.0,2511.0,130.0,8925.0
2020-08-12,568919.0,11010.0,432029.0,125880.0,2810.0,259.0,5904.0
2020-08-13,572865.0,11270.0,437617.0,123978.0,3946.0,260.0,5588.0
2020-08-14,579140.0,11556.0,461734.0,105850.0,6275.0,286.0,24117.0
2020-08-15,583653.0,11677.0,466941.0,105035.0,4513.0,121.0,5207.0
2020-08-16,587345.0,11839.0,472377.0,103129.0,3692.0,162.0,5436.0
2020-08-17,589886.0,11982.0,477671.0,100233.0,2541.0,143.0,5294.0
2020-08-18,592144.0,12264.0,485468.0,94412.0,2258.0,282.0,7797.0
2020-08-19,596060.0,12423.0,491441.0,92196.0,3916.0,159.0,5973.0
2020-08-20,599940.0,12618.0,497169.0,90153.0,3880.0,195.0,5728.0
2020-08-21,603338.0,12843.0,500102.0,90393.0,3398.0,225.0,2933.0
2020-08-22,607045.0,12987.0,504127.0,89931.0,3707.0,144.0,4025.0
2020-08-23,609773.0,13059.0,506470.0,90244.0,2728.0,72.0,2343.0
2020-08-24,611450.0,13159.0,516494.0,81797.0,1677.0,100.0,10024.0
2020-08-25,613017.0,13308.0,520381.0,79328.0,1567.0,149.0,3887.0
2020-08-26,615701.0,13502.0,525242.0,76957.0,2684.0,194.0,4861.0
2020-08-27,618286.0,13628.0,531338.0,73320.0,2585.0,126.0,6096.0
2020-08-28,620132.0,13743.0,533935.0,72454.0,1846.0,115.0,2597.0
2020-08-29,622551.0,13981.0,536694.0,71876.0,2419.0,238.0,2759.0
2020-08-30,625056.0,14028.0,538604.0,72424.0,2505.0,47.0,1910.0
2020-08-31,627041.0,14149.0,540923.0,71969.0,1985.0,121.0,2319.0
2020-09-01,628259.0,14263.0,549993.0,64003.0,1218.0,114.0,9070.0
2020-09-02,630595.0,14389.0,553456.0,62750.0,2336.0,126.0,3463.0
2020-09-03,633015.0,14563.0,554887.0,63565.0,2420.0,174.0,1431.0
2020-09-04,635078.0,14678.0,557818.0,62582.0,2063.0,115.0,2931.0
2020-09-05,636884.0,14779.0,561204.0,60901.0,1806.0,101.0,3386.0
2020-09-06,638517.0,14889.0,563891.0,59737.0,1633.0,110.0,2687.0
2020-09-07,639362.0,15004.0,566555.0,57803.0,845.0,115.0,2664.0
2020-09-08,640441.0,15086.0,567729.0,57626.0,1079.0,82.0,1174.0
2020-09-09,642431.0,15168.0,569935.0,57328.0,1990.0,82.0,2206.0
2020-09-10,644438.0,15265.0,573003.0,56170.0,2007.0,97.0,3068.0
2020-09-11,646398.0,15378.0,574587.0,56433.0,1960.0,113.0,1584.0
2020-09-12,648214.0,15427.0,576423.0,56364.0,1816.0,49.0,1836.0
2020-09-13,649793.0,15447.0,577906.0,56440.0,1579.0,20.0,1483.0
2020-09-14,650749.0,15499.0,579289.0,55961.0,956.0,52.0,1383.0
2020-09-15,651521.0,15641.0,583126.0,52754.0,772.0,142.0,3837.0
2020-09-16,653444.0,15705.0,584195.0,53544.0,1923.0,64.0,1069.0
2020-09-17,655572.0,15772.0,585303.0,54497.0,2128.0,67.0,1108.0
2020-09-18,657627.0,15857.0,586844.0,54926.0,2055.0,85.0,1541.0
2020-09-19,659656.0,15940.0,589434.0,54282.0,2029.0,83.0,2590.0
2020-09-20,661211.0,15953.0,590071.0,55187.0,1555.0,13.0,637.0
2020-09-21,661936.0,15992.0,591208.0,54736.0,725.0,39.0,1137.0
2020-09-22,663282.0,16118.0,592904.0,54260.0,1346.0,126.0,1696.0
2020-09-23,665188.0,16206.0,594229.0,54753.0,1906.0,88.0,1325.0
2020-09-24,667049.0,16283.0,595916.0,54850.0,1861.0,77.0,1687.0
2020-09-25,668529.0,16312.0,599149.0,53068.0,1480.0,29.0,3233.0
2020-09-26,669498.0,16376.0,601818.0,51304.0,969.0,64.0,2669.0
2020-09-27,670766.0,16398.0,603721.0,50647.0,1268.0,22.0,1903.0
2020-09-28,671669.0,16586.0,604478.0,50605.0,903.0,188.0,757.0
2020-09-29,672572.0,16667.0,606520.0,49385.0,903.0,81.0,2042.0
2020-09-30,674339.0,16734.0,608112.0,49493.0,1767.0,67.0,1592.0
2020-10-01,676084.0,16866.0,609584.0,49634.0,1745.0,132.0,1472.0
2020-10-02,677833.0,16909.0,611044.0,49880.0,1749.0,43.0,1460.0
2020-10-03,679716.0,16938.0,612763.0,50015.0,1883.0,29.0,1719.0
2020-10-04,681289.0,16976.0,614781.0,49532.0,1573.0,38.0,2018.0
2020-10-05,682215.0,17016.0,615684.0,49515.0,926.0,40.0,903.0
2020-10-06,683242.0,17103.0,616857.0,49282.0,1027.0,87.0,1173.0
2020-10-07,685155.0,17248.0,618127.0,49780.0,1913.0,145.0,1270.0
2020-10-08,686891.0,17408.0,618771.0,50712.0,1736.0,160.0,644.0
2020-10-09,688352.0,17547.0,620081.0,50724.0,1461.0,139.0,1310.0
