date,confirmed,deaths,recovered,active,new_confirmed,new_deaths,new_recovered
2020-02-01,1.0,0.0,0.0,1.0,,,
2020-02-02,1.0,0.0,0.0,1.0,0.0,0.0,0.0
2020-02-03,1.0,0.0,0.0,1.0,0.0,0.0,0.0
2020-02-04,1.0,0.0,0.0,1.0,0.0,0.0,0.0
2020-02-05,1.0,0.0,0.0,1.0,0.0,0.0,0.0
2020-02-06,1.0,0.0,0.0,1.0,0.0,0.0,0.0
2020-02-07,1.0,0.0,0.0,1.0,0.0,0.0,0.0
2020-02-08,1.0,0.0,0.0,1.0,0.0,0.0,0.0
2020-02-09,2.0,0.0,0.0,2.0,1.0,0.0,0.0
2020-02-10,2.0,0.0,0.0,2.0,0.0,0.0,0.0
2020-02-11,2.0,0.0,0.0,2.0,0.0,0.0,0.0
2020-02-12,2.0,0.0,0.0,2.0,0.0,0.0,0.0
2020-02-13,2.0,0.0,0.0,2.0,0.0,0.0,0.0
2020-02-14,2.0,0.0,0.0,2.0,0.0,0.0,0.0
2020-02-15,2.0,0.0,2.0,0.0,0.0,0.0,2.0
2020-02-16,2.0,0.0,2.0,0.0,0.0,0.0,0.0
2020-02-17,2.0,0.0,2.0,0.0,0.0,0.0,0.0
2020-02-18,2.0,0.0,2.0,0.0,0.0,0.0,0.0
2020-02-19,2.0,0.0,2.0,0.0,0.0,0.0,0.0
2020-02-20,2.0,0.0,2.0,0.0,0.0,0.0,0.0
2020-02-21,2.0,0.0,2.0,0.0,0.0,0.0,0.0
2020-02-22,2.0,0.0,2.0,0.0,0.0,0.0,0.0
2020-02-23,2.0,0.0,2.0,0.0,0.0,0.0,0.0
2020-02-24,2.0,0.0,2.0,0.0,0.0,0.0,0.0
2020-02-25,6.0,0.0,2.0,4.0,4.0,0.0,0.0
2020-02-26,13.0,0.0,2.0,11.0,7.0,0.0,0.0
2020-02-27,15.0,0.0,2.0,13.0,2.0,0.0,0.0
2020-02-28,32.0,0.0,2.0,30.0,17.0,0.0,0.0
2020-02-29,45.0,0.0,2.0,43.0,13.0,0.0,0.0
2020-03-01,84.0,0.0,2.0,82.0,39.0,0.0,0.0
2020-03-02,120.0,0.0,2.0,118.0,36.0,0.0,0.0
2020-03-03,165.0,1.0,2.0,162.0,45.0,1.0,0.0
2020-03-04,222.0,2.0,2.0,218.0,57.0,1.0,0.0
2020-03-05,259.0,3.0,2.0,254.0,37.0,1.0,0.0
2020-03-06,400.0,5.0,2.0,393.0,141.0,2.0,0.0
2020-03-07,500.0,10.0,30.0,460.0,100.0,5.0,28.0
2020-03-08,673.0,17.0,30.0,626.0,173.0,7.0,0.0
2020-03-09,1073.0,28.0,32.0,1013.0,400.0,11.0,2.0
2020-03-10,1695.0,35.0,32.0,1628.0,622.0,7.0,0.0
2020-03-11,2277.0,54.0,183.0,2040.0,582.0,19.0,151.0
2020-03-12,2277.0,55.0,183.0,2039.0,0.0,1.0,0.0
2020-03-13,5232.0,133.0,193.0,4906.0,2955.0,78.0,10.0
2020-03-14,6391.0,195.0,517.0,5679.0,1159.0,62.0,324.0
2020-03-15,7798.0,289.0,517.0,6992.0,1407.0,94.0,0.0
2020-03-16,9942.0,342.0,530.0,9070.0,2144.0,53.0,13.0
2020-03-17,11748.0,533.0,1028.0,10187.0,1806.0,191.0,498.0
2020-03-18,13910.0,623.0,1081.0,12206.0,2162.0,90.0,53.0
2020-03-19,17963.0,830.0,1107.0,16026.0,4053.0,207.0,26.0
2020-03-20,20410.0,1043.0,1588.0,17779.0,2447.0,213.0,481.0
2020-03-21,25374.0,1375.0,2125.0,21874.0,4964.0,332.0,537.0
2020-03-22,28603.0,1756.0,2125.0,24722.0,3229.0,381.0,0.0
2020-03-23,35136.0,2311.0,3355.0,29470.0,6533.0,555.0,1230.0
2020-03-24,39885.0,2808.0,3794.0,33283.0,4749.0,497.0,439.0
2020-03-25,49515.0,3647.0,5367.0,40501.0,9630.0,839.0,1573.0
2020-03-26,57786.0,4365.0,7015.0,46406.0,8271.0,718.0,1648.0
2020-03-27,65719.0,5138.0,9357.0,51224.0,7933.0,773.0,2342.0
2020-03-28,73235.0,5982.0,12285.0,54968.0,7516.0,844.0,2928.0
2020-03-29,80110.0,6803.0,14709.0,58598.0,6875.0,821.0,2424.0
2020-03-30,87956.0,7716.0,16780.0,63460.0,7846.0,913.0,2071.0
2020-03-31,95923.0,8464.0,19259.0,68200.0,7967.0,748.0,2479.0
2020-04-01,104118.0,9387.0,22647.0,72084.0,8195.0,923.0,3388.0
2020-04-02,112065.0,10348.0,26743.0,74974.0,7947.0,961.0,4096.0
2020-04-03,119199.0,11198.0,30513.0,77488.0,7134.0,850.0,3770.0
2020-04-04,126168.0,11947.0,34219.0,80002.0,6969.0,749.0,3706.0
2020-04-05,131646.0,12641.0,38080.0,80925.0,5478.0,694.0,3861.0
2020-04-06,136675.0,13341.0,40437.0,82897.0,5029.0,700.0,2357.0
2020-04-07,141942.0,14045.0,43208.0,84689.0,5267.0,704.0,2771.0
2020-04-08,148220.0,14792.0,48021.0,85407.0,6278.0,747.0,4813.0
2020-04-09,153222.0,15447.0,52165.0,85610.0,5002.0,655.0,4144.0
2020-04-10,158273.0,16081.0,55668.0,86524.0,5051.0,634.0,3503.0
2020-04-11,163027.0,16606.0,59109.0,87312.0,4754.0,525.0,3441.0
2020-04-12,166831.0,17209.0,62391.0,87231.0,3804.0,603.0,3282.0
2020-04-13,170099.0,17756.0,64727.0,87616.0,3268.0,547.0,2336.0
2020-04-14,172541.0,18056.0,67504.0,86981.0,2442.0,300.0,2777.0
2020-04-15,177644.0,18708.0,70853.0,88083.0,5103.0,652.0,3349.0
2020-04-16,184948.0,19315.0,74797.0,90836.0,7304.0,607.0,3944.0
2020-04-17,190839.0,20002.0,74797.0,96040.0,5891.0,687.0,0.0
2020-04-18,191726.0,20043.0,74797.0,96886.0,887.0,41.0,0.0
2020-04-19,198674.0,20453.0,77357.0,100864.0,6948.0,410.0,2560.0
2020-04-20,200210.0,20852.0,80587.0,98771.0,1536.0,399.0,3230.0
2020-04-21,204178.0,21282.0,82514.0,100382.0,3968.0,430.0,1927.0
2020-04-22,208389.0,21717.0,85915.0,100757.0,4211.0,435.0,3401.0
2020-04-23,213024.0,22157.0,89250.0,101617.0,4635.0,440.0,3335.0
2020-04-24,219764.0,22524.0,92355.0,104885.0,6740.0,367.0,3105.0
2020-04-25,223759.0,22902.0,95708.0,105149.0,3995.0,378.0,3353.0
2020-04-26,226629.0,23190.0,117727.0,85712.0,2870.0,288.0,22019.0
2020-04-27,229422.0,23521.0,120832.0,85069.0,2793.0,331.0,3105.0
2020-04-28,232128.0,23822.0,123903.0,84403.0,2706.0,301.0,3071.0
2020-04-29,236899.0,24275.0,132929.0,79695.0,4771.0,453.0,9026.0
2020-04-30,213435.0,24543.0,112050.0,76842.0,-23464.0,268.0,-20879.0
2020-05-01,213435.0,24543.0,112050.0,76842.0,0.0,0.0,0.0
2020-05-02,216582.0,25100.0,117248.0,74234.0,3147.0,557.0,5198.0
2020-05-03,217466.0,25264.0,118902.0,73300.0,884.0,164.0,1654.0
2020-05-04,218011.0,25428.0,121343.0,71240.0,545.0,164.0,2441.0
2020-05-05,219329.0,25613.0,123486.0,70230.0,1318.0,185.0,2143.0
2020-05-06,220325.0,25857.0,126002.0,68466.0,996.0,244.0,2516.0
2020-05-07,221447.0,26070.0,128511.0,66866.0,1122.0,213.0,2509.0
2020-05-08,222857.0,26299.0,131148.0,65410.0,1410.0,229.0,2637.0
2020-05-09,223578.0,26478.0,133952.0,63148.0,721.0,179.0,2804.0
2020-05-10,224350.0,26621.0,136166.0,61563.0,772.0,143.0,2214.0
2020-05-11,227436.0,26744.0,137139.0,63553.0,3086.0,123.0,973.0
2020-05-12,228030.0,26920.0,138980.0,62130.0,594.0,176.0,1841.0
2020-05-13,228691.0,27104.0,140823.0,60764.0,661.0,184.0,1843.0
2020-05-14,229540.0,27321.0,143374.0,58845.0,849.0,217.0,2551.0
2020-05-15,230183.0,27459.0,144783.0,57941.0,643.0,138.0,1409.0
2020-05-16,230698.0,27563.0,146446.0,56689.0,515.0,104.0,1663.0
2020-05-17,230698.0,27563.0,146446.0,56689.0,0.0,0.0,0.0
2020-05-18,231606.0,27709.0,150376.0,53521.0,908.0,146.0,3930.0
2020-05-19,232037.0,27778.0,150376.0,53883.0,431.0,69.0,0.0
2020-05-20,232555.0,27888.0,150376.0,54291.0,518.0,110.0,0.0
2020-05-21,233037.0,27940.0,150376.0,54721.0,482.0,52.0,0.0
2020-05-22,234824.0,28628.0,150376.0,55820.0,1787.0,688.0,0.0
2020-05-23,235290.0,28678.0,150376.0,56236.0,466.0,50.0,0.0
2020-05-24,235772.0,28752.0,150376.0,56644.0,482.0,74.0,0.0
2020-05-25,235400.0,26834.0,150376.0,58190.0,-372.0,-1918.0,0.0
2020-05-26,236259.0,27117.0,150376.0,58766.0,859.0,283.0,0.0
2020-05-27,236259.0,27117.0,150376.0,58766.0,0.0,0.0,0.0
2020-05-28,237906.0,27119.0,150376.0,60411.0,1647.0,2.0,0.0
2020-05-29,238564.0,27121.0,150376.0,61067.0,658.0,2.0,0.0
2020-05-30,239228.0,27125.0,150376.0,61727.0,664.0,4.0,0.0
2020-05-31,239479.0,27127.0,150376.0,61976.0,251.0,2.0,0.0
2020-06-01,239638.0,27127.0,150376.0,62135.0,159.0,0.0,0.0
2020-06-02,239932.0,27127.0,150376.0,62429.0,294.0,0.0,0.0
2020-06-03,240326.0,27128.0,150376.0,62822.0,394.0,1.0,0.0
2020-06-04,240660.0,27133.0,150376.0,63151.0,334.0,5.0,0.0
2020-06-05,240978.0,27134.0,150376.0,63468.0,318.0,1.0,0.0
2020-06-06,241310.0,27135.0,150376.0,63799.0,332.0,1.0,0.0
2020-06-07,241550.0,27136.0,150376.0,64038.0,240.0,1.0,0.0
2020-06-08,241717.0,27136.0,150376.0,64205.0,167.0,0.0,0.0
2020-06-09,241966.0,27136.0,150376.0,64454.0,249.0,0.0,0.0
2020-06-10,242280.0,27136.0,150376.0,64768.0,314.0,0.0,0.0
2020-06-11,242707.0,27136.0,150376.0,65195.0,427.0,0.0,0.0
2020-06-12,243209.0,27136.0,150376.0,65697.0,502.0,0.0,0.0
2020-06-13,243605.0,27136.0,150376.0,66093.0,396.0,0.0,0.0
2020-06-14,243928.0,27136.0,150376.0,66416.0,323.0,0.0,0.0
2020-06-15,244109.0,27136.0,150376.0,66597.0,181.0,0.0,0.0
2020-06-16,244328.0,27136.0,150376.0,66816.0,219.0,0.0,0.0
2020-06-17,244683.0,27136.0,150376.0,67171.0,355.0,0.0,0.0
2020-06-18,245268.0,27136.0,150376.0,67756.0,585.0,0.0,0.0
2020-06-19,245575.0,28315.0,150376.0,66884.0,307.0,1179.0,0.0
2020-06-20,245938.0,28322.0,150376.0,67240.0,363.0,7.0,0.0
2020-06-21,246272.0,28323.0,150376.0,67573.0,334.0,1.0,0.0
2020-06-22,246504.0,28324.0,150376.0,67804.0,232.0,1.0,0.0
2020-06-23,246752.0,28325.0,150376.0,68051.0,248.0,1.0,0.0
2020-06-24,247086.0,28327.0,150376.0,68383.0,334.0,2.0,0.0
2020-06-25,247486.0,28330.0,150376.0,68780.0,400.0,3.0,0.0
2020-06-26,247905.0,28338.0,150376.0,69191.0,419.0,8.0,0.0
2020-06-27,248469.0,28341.0,150376.0,69752.0,564.0,3.0,0.0
2020-06-28,248770.0,28343.0,150376.0,70051.0,301.0,2.0,0.0
2020-06-29,248970.0,28346.0,150376.0,70248.0,200.0,3.0,0.0
2020-06-30,249271.0,28355.0,150376.0,70540.0,301.0,9.0,0.0
2020-07-01,249659.0,28364.0,150376.0,70919.0,388.0,9.0,0.0
2020-07-02,250103.0,28368.0,150376.0,71359.0,444.0,4.0,0.0
2020-07-03,250545.0,28385.0,150376.0,71784.0,442.0,17.0,0.0
2020-07-04,250545.0,28385.0,150376.0,71784.0,0.0,0.0,0.0
2020-07-05,250545.0,28385.0,150376.0,71784.0,0.0,0.0,0.0
2020-07-06,251789.0,28388.0,150376.0,73025.0,1244.0,3.0,0.0
2020-07-07,252130.0,28392.0,150376.0,73362.0,341.0,4.0,0.0
2020-07-08,252513.0,28396.0,150376.0,73741.0,383.0,4.0,0.0
2020-07-09,253056.0,28401.0,150376.0,74279.0,543.0,5.0,0.0
2020-07-10,253908.0,28403.0,150376.0,75129.0,852.0,2.0,0.0
2020-07-11,253908.0,28403.0,150376.0,75129.0,0.0,0.0,0.0
2020-07-12,253908.0,28403.0,150376.0,75129.0,0.0,0.0,0.0
2020-07-13,255953.0,28406.0,150376.0,77171.0,2045.0,3.0,0.0
2020-07-14,256619.0,28409.0,150376.0,77834.0,666.0,3.0,0.0
2020-07-15,257494.0,28413.0,150376.0,78705.0,875.0,4.0,0.0
2020-07-16,258855.0,28416.0,150376.0,80063.0,1361.0,3.0,0.0
2020-07-17,260255.0,28420.0,150376.0,81459.0,1400.0,4.0,0.0
2020-07-18,260255.0,28420.0,150376.0,81459.0,0.0,0.0,0.0
2020-07-19,260255.0,28420.0,150376.0,81459.0,0.0,0.0,0.0
2020-07-20,264836.0,28422.0,150376.0,86038.0,4581.0,2.0,0.0
2020-07-21,266194.0,28424.0,150376.0,87394.0,1358.0,2.0,0.0
2020-07-22,267551.0,28426.0,150376.0,88749.0,1357.0,2.0,0.0
2020-07-23,270166.0,28429.0,150376.0,91361.0,2615.0,3.0,0.0
2020-07-24,272421.0,28432.0,150376.0,93613.0,2255.0,3.0,0.0
2020-07-25,272421.0,28432.0,150376.0,93613.0,0.0,0.0,0.0
2020-07-26,272421.0,28432.0,150376.0,93613.0,0.0,0.0,0.0
2020-07-27,278782.0,28434.0,150376.0,99972.0,6361.0,2.0,0.0
2020-07-28,280610.0,28436.0,150376.0,101798.0,1828.0,2.0,0.0
2020-07-29,282641.0,28441.0,150376.0,103824.0,2031.0,5.0,0.0
2020-07-30,285430.0,28443.0,150376.0,106611.0,2789.0,2.0,0.0
2020-07-31,288522.0,28445.0,150376.0,109701.0,3092.0,2.0,0.0
2020-08-01,288522.0,28445.0,150376.0,109701.0,0.0,0.0,0.0
2020-08-02,288522.0,28445.0,150376.0,109701.0,0.0,0.0,0.0
2020-08-03,297054.0,28472.0,150376.0,118206.0,8532.0,27.0,0.0
2020-08-04,302814.0,28498.0,150376.0,123940.0,5760.0,26.0,0.0
2020-08-05,305767.0,28499.0,150376.0,126892.0,2953.0,1.0,0.0
2020-08-06,309855.0,28500.0,150376.0,130979.0,4088.0,1.0,0.0
2020-08-07,314362.0,28503.0,150376.0,135483.0,4507.0,3.0,0.0
2020-08-08,314362.0,28503.0,150376.0,135483.0,0.0,0.0,0.0
2020-08-09,314362.0,28503.0,150376.0,135483.0,0.0,0.0,0.0
2020-08-10,322980.0,28576.0,150376.0,144028.0,8618.0,73.0,0.0
2020-08-11,326612.0,28581.0,150376.0,147655.0,3632.0,5.0,0.0
2020-08-12,329784.0,28579.0,150376.0,150829.0,3172.0,-2.0,0.0
2020-08-13,337334.0,28605.0,150376.0,158353.0,7550.0,26.0,0.0
2020-08-14,342813.0,28617.0,150376.0,163820.0,5479.0,12.0,0.0
2020-08-15,342813.0,28617.0,150376.0,163820.0,0.0,0.0,0.0
2020-08-16,342813.0,28617.0,150376.0,163820.0,0.0,0.0,0.0
2020-08-17,359082.0,28646.0,150376.0,180060.0,16269.0,29.0,0.0
2020-08-18,364196.0,28670.0,150376.0,185150.0,5114.0,24.0,0.0
2020-08-19,370867.0,28797.0,150376.0,191694.0,6671.0,127.0,0.0
2020-08-20,377906.0,28813.0,150376.0,198717.0,7039.0,16.0,0.0
2020-08-21,386054.0,28838.0,150376.0,206840.0,8148.0,25.0,0.0
2020-08-22,386054.0,28838.0,150376.0,206840.0,0.0,0.0,0.0
2020-08-23,386054.0,28838.0,150376.0,206840.0,0.0,0.0,0.0
2020-08-24,405436.0,28872.0,150376.0,226188.0,19382.0,34.0,0.0
2020-08-25,412553.0,28924.0,150376.0,233253.0,7117.0,52.0,0.0
2020-08-26,419849.0,28971.0,150376.0,240502.0,7296.0,47.0,0.0
2020-08-27,429507.0,28996.0,150376.0,250135.0,9658.0,25.0,0.0
2020-08-28,439286.0,29011.0,150376.0,259899.0,9779.0,15.0,0.0
2020-08-29,439286.0,29011.0,150376.0,259899.0,0.0,0.0,0.0
2020-08-30,439286.0,29011.0,150376.0,259899.0,0.0,0.0,0.0
2020-08-31,462858.0,29094.0,150376.0,283388.0,23572.0,83.0,0.0
2020-09-01,470973.0,29152.0,150376.0,291445.0,8115.0,58.0,0.0
2020-09-02,479554.0,29194.0,150376.0,299984.0,8581.0,42.0,0.0
2020-09-03,488513.0,29234.0,150376.0,308903.0,8959.0,40.0,0.0
2020-09-04,498989.0,29418.0,150376.0,319195.0,10476.0,184.0,0.0
2020-09-05,498989.0,29418.0,150376.0,319195.0,0.0,0.0,0.0
2020-09-06,498989.0,29418.0,150376.0,319195.0,0.0,0.0,0.0
2020-09-07,525549.0,29516.0,150376.0,345657.0,26560.0,98.0,0.0
2020-09-08,534513.0,29594.0,150376.0,354543.0,8964.0,78.0,0.0
2020-09-09,543379.0,29628.0,150376.0,363375.0,8866.0,34.0,0.0
2020-09-10,554143.0,29699.0,150376.0,374068.0,10764.0,71.0,0.0
2020-09-11,566326.0,29747.0,150376.0,386203.0,12183.0,48.0,0.0
2020-09-12,566326.0,29747.0,150376.0,386203.0,0.0,0.0,0.0
2020-09-13,566326.0,29747.0,150376.0,386203.0,0.0,0.0,0.0
2020-09-14,593730.0,29848.0,150376.0,413506.0,27404.0,101.0,0.0
2020-09-15,603167.0,30004.0,150376.0,422787.0,9437.0,156.0,0.0
2020-09-16,614360.0,30243.0,150376.0,433741.0,11193.0,239.0,0.0
2020-09-17,625651.0,30405.0,150376.0,444870.0,11291.0,162.0,0.0
2020-09-18,640040.0,30495.0,150376.0,459169.0,14389.0,90.0,0.0
2020-09-19,640040.0,30495.0,150376.0,459169.0,0.0,0.0,0.0
2020-09-20,640040.0,30495.0,150376.0,459169.0,0.0,0.0,0.0
2020-09-21,671468.0,30663.0,150376.0,490429.0,31428.0,168.0,0.0
2020-09-22,682267.0,30904.0,150376.0,500987.0,10799.0,241.0,0.0
2020-09-23,693556.0,31034.0,150376.0,512146.0,11289.0,130.0,0.0
2020-09-24,704209.0,31118.0,150376.0,522715.0,10653.0,84.0,0.0
2020-09-25,716481.0,31232.0,150376.0,534873.0,12272.0,114.0,0.0
2020-09-26,716481.0,31232.0,150376.0,534873.0,0.0,0.0,0.0
2020-09-27,716481.0,31232.0,150376.0,534873.0,0.0,0.0,0.0
2020-09-28,748266.0,31411.0,150376.0,566479.0,31785.0,179.0,0.0
2020-09-29,748266.0,31411.0,150376.0,566479.0,0.0,0.0,0.0
2020-09-30,769188.0,31791.0,150376.0,587021.0,20922.0,380.0,0.0
2020-10-01,778607.0,31973.0,150376.0,596258.0,9419.0,182.0,0.0
2020-10-02,789932.0,32086.0,150376.0,607470.0,11325.0,113.0,0.0
2020-10-03,789932.0,32086.0,150376.0,607470.0,0.0,0.0,0.0
2020-10-04,789932.0,32086.0,150376.0,607470.0,0.0,0.0,0.0
2020-10-05,813412.0,32225.0,150376.0,630811.0,23480.0,139.0,0.0
