date,confirmed,deaths,recovered,active,new_confirmed,new_deaths,new_recovered
2020-01-27,1.0,0.0,0.0,0.0,,,
2020-01-28,1.0,0.0,0.0,0.0,0.0,0.0,0.0
2020-01-29,1.0,0.0,0.0,0.0,0.0,0.0,0.0
2020-01-30,1.0,0.0,0.0,0.0,0.0,0.0,0.0
2020-01-31,1.0,0.0,0.0,0.0,0.0,0.0,0.0
2020-02-01,1.0,0.0,0.0,1.0,0.0,0.0,0.0
2020-02-02,1.0,0.0,0.0,1.0,0.0,0.0,0.0
2020-02-03,1.0,0.0,0.0,1.0,0.0,0.0,0.0
2020-02-04,1.0,0.0,0.0,1.0,0.0,0.0,0.0
2020-02-05,1.0,0.0,0.0,1.0,0.0,0.0,0.0
2020-02-06,1.0,0.0,0.0,1.0,0.0,0.0,0.0
2020-02-07,1.0,0.0,0.0,1.0,0.0,0.0,0.0
2020-02-08,1.0,0.0,1.0,0.0,0.0,0.0,1.0
2020-02-09,1.0,0.0,1.0,0.0,0.0,0.0,0.0
2020-02-10,1.0,0.0,1.0,0.0,0.0,0.0,0.0
2020-02-11,1.0,0.0,1.0,0.0,0.0,0.0,0.0
2020-02-12,1.0,0.0,1.0,0.0,0.0,0.0,0.0
2020-02-13,1.0,0.0,1.0,0.0,0.0,0.0,0.0
2020-02-14,1.0,0.0,1.0,0.0,0.0,0.0,0.0
2020-02-15,1.0,0.0,1.0,0.0,0.0,0.0,0.0
2020-02-16,1.0,0.0,1.0,0.0,0.0,0.0,0.0
2020-02-17,1.0,0.0,1.0,0.0,0.0,0.0,0.0
2020-02-18,1.0,0.0,1.0,0.0,0.0,0.0,0.0
2020-02-19,1.0,0.0,1.0,0.0,0.0,0.0,0.0
2020-02-20,1.0,0.0,1.0,0.0,0.0,0.0,0.0
2020-02-21,1.0,0.0,1.0,0.0,0.0,0.0,0.0
2020-02-22,1.0,0.0,1.0,0.0,0.0,0.0,0.0
2020-02-23,1.0,0.0,1.0,0.0,0.0,0.0,0.0
2020-02-24,1.0,0.0,1.0,0.0,0.0,0.0,0.0
2020-02-25,1.0,0.0,1.0,0.0,0.0,0.0,0.0
2020-02-26,1.0,0.0,1.0,0.0,0.0,0.0,0.0
2020-02-27,1.0,0.0,1.0,0.0,0.0,0.0,0.0
2020-02-28,1.0,0.0,1.0,0.0,0.0,0.0,0.0
2020-02-29,1.0,0.0,1.0,0.0,0.0,0.0,0.0
2020-03-01,1.0,0.0,1.0,0.0,0.0,0.0,0.0
2020-03-02,1.0,0.0,1.0,0.0,0.0,0.0,0.0
2020-03-03,1.0,0.0,1.0,0.0,0.0,0.0,0.0
2020-03-04,1.0,0.0,1.0,0.0,0.0,0.0,0.0
2020-03-05,1.0,0.0,1.0,0.0,0.0,0.0,0.0
2020-03-06,1.0,0.0,1.0,0.0,0.0,0.0,0.0
2020-03-07,1.0,0.0,1.0,0.0,0.0,0.0,0.0
2020-03-08,1.0,0.0,1.0,0.0,0.0,0.0,0.0
2020-03-09,1.0,0.0,1.0,0.0,0.0,0.0,0.0
2020-03-10,1.0,0.0,1.0,0.0,0.0,0.0,0.0
2020-03-11,2.0,0.0,1.0,1.0,1.0,0.0,0.0
2020-03-12,2.0,0.0,1.0,1.0,0.0,0.0,0.0
2020-03-13,6.0,0.0,1.0,5.0,4.0,0.0,0.0
2020-03-14,10.0,0.0,1.0,9.0,4.0,0.0,0.0
2020-03-15,18.0,0.0,1.0,17.0,8.0,0.0,0.0
2020-03-16,28.0,0.0,1.0,27.0,10.0,0.0,0.0
2020-03-17,44.0,0.0,1.0,43.0,16.0,0.0,0.0
2020-03-18,51.0,0.0,1.0,50.0,7.0,0.0,0.0
2020-03-19,60.0,0.0,3.0,57.0,9.0,0.0,2.0
2020-03-20,73.0,0.0,3.0,70.0,13.0,0.0,0.0
2020-03-21,77.0,0.0,1.0,76.0,4.0,0.0,-2.0
2020-03-22,82.0,0.0,3.0,79.0,5.0,0.0,2.0
2020-03-23,97.0,0.0,2.0,95.0,15.0,0.0,-1.0
2020-03-24,102.0,0.0,2.0,100.0,5.0,0.0,0.0
2020-03-25,102.0,0.0,3.0,99.0,0.0,0.0,1.0
2020-03-26,106.0,0.0,7.0,99.0,4.0,0.0,4.0
2020-03-27,106.0,0.0,7.0,99.0,0.0,0.0,0.0
2020-03-28,113.0,1.0,9.0,103.0,7.0,1.0,2.0
2020-03-29,117.0,1.0,11.0,105.0,4.0,0.0,2.0
2020-03-30,122.0,2.0,15.0,105.0,5.0,1.0,4.0
2020-03-31,143.0,2.0,17.0,124.0,21.0,0.0,2.0
2020-04-01,146.0,3.0,21.0,122.0,3.0,1.0,4.0
2020-04-02,151.0,4.0,21.0,126.0,5.0,1.0,0.0
2020-04-03,159.0,4.0,24.0,131.0,8.0,0.0,3.0
2020-04-04,166.0,5.0,27.0,134.0,7.0,1.0,3.0
2020-04-05,176.0,5.0,33.0,138.0,10.0,0.0,6.0
2020-04-06,178.0,5.0,38.0,135.0,2.0,0.0,5.0
2020-04-07,185.0,6.0,42.0,137.0,7.0,1.0,4.0
2020-04-08,189.0,7.0,44.0,138.0,4.0,1.0,2.0
2020-04-09,190.0,7.0,49.0,134.0,1.0,0.0,5.0
2020-04-10,190.0,7.0,54.0,129.0,0.0,0.0,5.0
2020-04-11,198.0,7.0,54.0,137.0,8.0,0.0,0.0
2020-04-12,210.0,7.0,56.0,147.0,12.0,0.0,2.0
2020-04-13,217.0,7.0,56.0,154.0,7.0,0.0,0.0
2020-04-14,233.0,7.0,61.0,165.0,16.0,0.0,5.0
2020-04-15,238.0,7.0,63.0,168.0,5.0,0.0,2.0
2020-04-16,238.0,7.0,68.0,163.0,0.0,0.0,5.0
2020-04-17,244.0,7.0,77.0,160.0,6.0,0.0,9.0
2020-04-18,254.0,7.0,86.0,161.0,10.0,0.0,9.0
2020-04-19,271.0,7.0,96.0,168.0,17.0,0.0,10.0
2020-04-20,304.0,7.0,98.0,199.0,33.0,0.0,2.0
2020-04-21,310.0,7.0,102.0,201.0,6.0,0.0,4.0
2020-04-22,330.0,7.0,105.0,218.0,20.0,0.0,3.0
2020-04-23,368.0,7.0,107.0,254.0,38.0,0.0,2.0
2020-04-24,420.0,7.0,109.0,304.0,52.0,0.0,2.0
2020-04-25,460.0,7.0,118.0,335.0,40.0,0.0,9.0
2020-04-26,523.0,7.0,120.0,396.0,63.0,0.0,2.0
2020-04-27,588.0,7.0,126.0,455.0,65.0,0.0,6.0
2020-04-28,619.0,7.0,134.0,478.0,31.0,0.0,8.0
2020-04-29,649.0,7.0,136.0,506.0,30.0,0.0,2.0
2020-04-30,663.0,7.0,154.0,502.0,14.0,0.0,18.0
2020-05-01,690.0,7.0,162.0,521.0,27.0,0.0,8.0
2020-05-02,705.0,7.0,172.0,526.0,15.0,0.0,10.0
2020-05-03,718.0,7.0,184.0,527.0,13.0,0.0,12.0
2020-05-04,751.0,8.0,194.0,549.0,33.0,1.0,10.0
2020-05-05,771.0,9.0,213.0,549.0,20.0,1.0,19.0
2020-05-06,797.0,9.0,215.0,573.0,26.0,0.0,2.0
2020-05-07,824.0,9.0,232.0,583.0,27.0,0.0,17.0
2020-05-08,835.0,9.0,240.0,586.0,11.0,0.0,8.0
2020-05-09,847.0,9.0,260.0,578.0,12.0,0.0,20.0
2020-05-10,863.0,9.0,321.0,533.0,16.0,0.0,61.0
2020-05-11,869.0,9.0,343.0,517.0,6.0,0.0,22.0
2020-05-12,889.0,9.0,366.0,514.0,20.0,0.0,23.0
2020-05-13,915.0,9.0,382.0,524.0,26.0,0.0,16.0
2020-05-14,925.0,9.0,445.0,471.0,10.0,0.0,63.0
2020-05-15,935.0,9.0,477.0,449.0,10.0,0.0,32.0
2020-05-16,960.0,9.0,520.0,431.0,25.0,0.0,43.0
2020-05-17,981.0,9.0,538.0,434.0,21.0,0.0,18.0
2020-05-18,992.0,9.0,559.0,424.0,11.0,0.0,21.0
2020-05-19,1027.0,9.0,569.0,449.0,35.0,0.0,10.0
2020-05-20,1028.0,9.0,584.0,435.0,1.0,0.0,15.0
2020-05-21,1055.0,9.0,604.0,442.0,27.0,0.0,20.0
2020-05-22,1068.0,9.0,620.0,439.0,13.0,0.0,16.0
2020-05-23,1089.0,9.0,660.0,420.0,21.0,0.0,40.0
2020-05-24,1141.0,9.0,674.0,458.0,52.0,0.0,14.0
2020-05-25,1182.0,10.0,695.0,477.0,41.0,1.0,21.0
2020-05-26,1319.0,10.0,712.0,597.0,137.0,0.0,17.0
2020-05-27,1469.0,10.0,732.0,727.0,150.0,0.0,20.0
2020-05-28,1530.0,10.0,745.0,775.0,61.0,0.0,13.0
2020-05-29,1558.0,10.0,754.0,794.0,28.0,0.0,9.0
2020-05-30,1620.0,10.0,781.0,829.0,62.0,0.0,27.0
2020-05-31,1633.0,10.0,801.0,822.0,13.0,0.0,20.0
2020-06-01,1643.0,11.0,811.0,821.0,10.0,1.0,10.0
2020-06-02,1683.0,11.0,823.0,849.0,40.0,0.0,12.0
2020-06-03,1749.0,11.0,836.0,902.0,66.0,0.0,13.0
2020-06-04,1797.0,11.0,839.0,947.0,48.0,0.0,3.0
2020-06-05,1801.0,11.0,858.0,932.0,4.0,0.0,19.0
2020-06-06,1814.0,11.0,891.0,912.0,13.0,0.0,33.0
2020-06-07,1835.0,11.0,941.0,883.0,21.0,0.0,50.0
2020-06-08,1857.0,11.0,990.0,856.0,22.0,0.0,49.0
2020-06-09,1859.0,11.0,1057.0,791.0,2.0,0.0,67.0
2020-06-10,1869.0,11.0,1122.0,736.0,10.0,0.0,65.0
2020-06-11,1877.0,11.0,1150.0,716.0,8.0,0.0,28.0
2020-06-12,1880.0,11.0,1196.0,673.0,3.0,0.0,46.0
2020-06-13,1884.0,11.0,1252.0,621.0,4.0,0.0,56.0
2020-06-14,1889.0,11.0,1287.0,591.0,5.0,0.0,35.0
2020-06-15,1905.0,11.0,1342.0,552.0,16.0,0.0,55.0
2020-06-16,1915.0,11.0,1371.0,533.0,10.0,0.0,29.0
2020-06-17,1924.0,11.0,1397.0,516.0,9.0,0.0,26.0
2020-06-18,1947.0,11.0,1421.0,515.0,23.0,0.0,24.0
2020-06-19,1950.0,11.0,1446.0,493.0,3.0,0.0,25.0
2020-06-20,1950.0,11.0,1472.0,467.0,0.0,0.0,26.0
2020-06-21,1950.0,11.0,1498.0,441.0,0.0,0.0,26.0
2020-06-22,1951.0,11.0,1526.0,414.0,1.0,0.0,28.0
2020-06-23,1991.0,11.0,1548.0,432.0,40.0,0.0,22.0
2020-06-24,2001.0,11.0,1562.0,428.0,10.0,0.0,14.0
2020-06-25,2010.0,11.0,1602.0,397.0,9.0,0.0,40.0
2020-06-26,2014.0,11.0,1619.0,384.0,4.0,0.0,17.0
2020-06-27,2033.0,11.0,1639.0,383.0,19.0,0.0,20.0
2020-06-28,2037.0,11.0,1661.0,365.0,4.0,0.0,22.0
2020-06-29,2039.0,11.0,1678.0,350.0,2.0,0.0,17.0
2020-06-30,2047.0,11.0,1711.0,325.0,8.0,0.0,33.0
2020-07-01,2054.0,11.0,1748.0,295.0,7.0,0.0,37.0
2020-07-02,2066.0,11.0,1827.0,228.0,12.0,0.0,79.0
2020-07-03,2069.0,11.0,1863.0,195.0,3.0,0.0,36.0
2020-07-04,2074.0,11.0,1885.0,178.0,5.0,0.0,22.0
2020-07-05,2076.0,11.0,1903.0,162.0,2.0,0.0,18.0
2020-07-06,2077.0,11.0,1917.0,149.0,1.0,0.0,14.0
2020-07-07,2081.0,11.0,1955.0,115.0,4.0,0.0,38.0
2020-07-08,2094.0,11.0,1967.0,116.0,13.0,0.0,12.0
2020-07-09,2154.0,11.0,1979.0,164.0,60.0,0.0,12.0
2020-07-10,2454.0,11.0,1980.0,463.0,300.0,0.0,1.0
2020-07-11,2511.0,11.0,1980.0,520.0,57.0,0.0,0.0
2020-07-12,2617.0,11.0,1981.0,625.0,106.0,0.0,1.0
2020-07-13,2646.0,11.0,1981.0,654.0,29.0,0.0,0.0
2020-07-14,2665.0,11.0,1988.0,666.0,19.0,0.0,7.0
2020-07-15,2671.0,11.0,2001.0,659.0,6.0,0.0,13.0
2020-07-16,2687.0,11.0,2007.0,669.0,16.0,0.0,6.0
2020-07-17,2697.0,11.0,2012.0,674.0,10.0,0.0,5.0
2020-07-18,2703.0,11.0,2023.0,669.0,6.0,0.0,11.0
2020-07-19,2724.0,11.0,2035.0,678.0,21.0,0.0,12.0
2020-07-20,2730.0,11.0,2041.0,678.0,6.0,0.0,6.0
2020-07-21,2730.0,11.0,2048.0,671.0,0.0,0.0,7.0
2020-07-22,2752.0,11.0,2064.0,677.0,22.0,0.0,16.0
2020-07-23,2753.0,11.0,2077.0,665.0,1.0,0.0,13.0
2020-07-24,2764.0,11.0,2094.0,659.0,11.0,0.0,17.0
2020-07-25,2770.0,11.0,2103.0,656.0,6.0,0.0,9.0
2020-07-26,2782.0,11.0,2106.0,665.0,12.0,0.0,3.0
2020-07-27,2805.0,11.0,2121.0,673.0,23.0,0.0,15.0
2020-07-28,2810.0,11.0,2296.0,503.0,5.0,0.0,175.0
2020-07-29,2810.0,11.0,2317.0,482.0,0.0,0.0,21.0
2020-07-30,2814.0,11.0,2333.0,470.0,4.0,0.0,16.0
2020-07-31,2815.0,11.0,2391.0,413.0,1.0,0.0,58.0
2020-08-01,2815.0,11.0,2439.0,365.0,0.0,0.0,48.0
2020-08-02,2823.0,11.0,2514.0,298.0,8.0,0.0,75.0
2020-08-03,2828.0,11.0,2517.0,300.0,5.0,0.0,3.0
2020-08-04,2834.0,11.0,2524.0,299.0,6.0,0.0,7.0
2020-08-05,2839.0,11.0,2537.0,291.0,5.0,0.0,13.0
2020-08-06,2839.0,11.0,2541.0,287.0,0.0,0.0,4.0
2020-08-07,2839.0,11.0,2564.0,264.0,0.0,0.0,23.0
2020-08-08,2841.0,11.0,2576.0,254.0,2.0,0.0,12.0
2020-08-09,2844.0,11.0,2579.0,254.0,3.0,0.0,3.0
2020-08-10,2871.0,11.0,2593.0,267.0,27.0,0.0,14.0
2020-08-11,2880.0,11.0,2622.0,247.0,9.0,0.0,29.0
2020-08-12,2881.0,11.0,2638.0,232.0,1.0,0.0,16.0
2020-08-13,2882.0,11.0,2646.0,225.0,1.0,0.0,8.0
2020-08-14,2886.0,11.0,2658.0,217.0,4.0,0.0,12.0
2020-08-15,2890.0,11.0,2666.0,213.0,4.0,0.0,8.0
2020-08-16,2893.0,11.0,2670.0,212.0,3.0,0.0,4.0
2020-08-17,2900.0,11.0,2676.0,213.0,7.0,0.0,6.0
2020-08-18,2902.0,11.0,2755.0,136.0,2.0,0.0,79.0
2020-08-19,2902.0,11.0,2760.0,131.0,0.0,0.0,5.0
2020-08-20,2918.0,11.0,2765.0,142.0,16.0,0.0,5.0
2020-08-21,2941.0,11.0,2789.0,141.0,23.0,0.0,24.0
2020-08-22,2947.0,12.0,2798.0,137.0,6.0,1.0,9.0
2020-08-23,2953.0,12.0,2805.0,136.0,6.0,0.0,7.0
2020-08-24,2959.0,12.0,2811.0,136.0,6.0,0.0,6.0
2020-08-25,2971.0,12.0,2816.0,143.0,12.0,0.0,5.0
2020-08-26,2984.0,12.0,2819.0,153.0,13.0,0.0,3.0
2020-08-27,2986.0,12.0,2830.0,144.0,2.0,0.0,11.0
2020-08-28,2989.0,12.0,2842.0,135.0,3.0,0.0,12.0
2020-08-29,2995.0,12.0,2849.0,134.0,6.0,0.0,7.0
2020-08-30,3012.0,12.0,2860.0,140.0,17.0,0.0,11.0
2020-08-31,3049.0,12.0,2868.0,169.0,37.0,0.0,8.0
2020-09-01,3092.0,12.0,2879.0,201.0,43.0,0.0,11.0
2020-09-02,3101.0,12.0,2883.0,206.0,9.0,0.0,4.0
2020-09-03,3111.0,12.0,2883.0,216.0,10.0,0.0,0.0
2020-09-04,3115.0,12.0,2907.0,196.0,4.0,0.0,24.0
2020-09-05,3121.0,12.0,2918.0,191.0,6.0,0.0,11.0
2020-09-06,3123.0,12.0,2925.0,186.0,2.0,0.0,7.0
2020-09-07,3123.0,12.0,2926.0,185.0,0.0,0.0,1.0
2020-09-08,3140.0,12.0,2935.0,193.0,17.0,0.0,9.0
2020-09-09,3147.0,12.0,2946.0,189.0,7.0,0.0,11.0
2020-09-10,3155.0,12.0,2955.0,188.0,8.0,0.0,9.0
2020-09-11,3169.0,12.0,2969.0,188.0,14.0,0.0,14.0
2020-09-12,3195.0,12.0,2983.0,200.0,26.0,0.0,14.0
2020-09-13,3234.0,12.0,2996.0,226.0,39.0,0.0,13.0
2020-09-14,3262.0,13.0,3005.0,244.0,28.0,1.0,9.0
2020-09-15,3271.0,13.0,3016.0,242.0,9.0,0.0,11.0
2020-09-16,3271.0,13.0,3021.0,237.0,0.0,0.0,5.0
2020-09-17,3276.0,13.0,3043.0,220.0,5.0,0.0,22.0
2020-09-18,3281.0,13.0,3060.0,208.0,5.0,0.0,17.0
2020-09-19,3283.0,13.0,3070.0,200.0,2.0,0.0,10.0
2020-09-20,3287.0,13.0,3088.0,186.0,4.0,0.0,18.0
2020-09-21,3299.0,13.0,3100.0,186.0,12.0,0.0,12.0
2020-09-22,3313.0,13.0,3118.0,182.0,14.0,0.0,18.0
2020-09-23,3324.0,13.0,3129.0,182.0,11.0,0.0,11.0
2020-09-24,3333.0,13.0,3142.0,178.0,9.0,0.0,13.0
2020-09-25,3345.0,13.0,3158.0,174.0,12.0,0.0,16.0
2020-09-26,3349.0,13.0,3186.0,150.0,4.0,0.0,28.0
2020-09-27,3360.0,13.0,3208.0,139.0,11.0,0.0,22.0
2020-09-28,3363.0,13.0,3210.0,140.0,3.0,0.0,2.0
2020-09-29,3374.0,13.0,3230.0,131.0,11.0,0.0,20.0
2020-09-30,3380.0,13.0,3230.0,137.0,6.0,0.0,0.0
2020-10-01,3382.0,13.0,3233.0,136.0,2.0,0.0,3.0
2020-10-02,3388.0,13.0,3245.0,130.0,6.0,0.0,12.0
2020-10-03,3395.0,13.0,3254.0,128.0,7.0,0.0,9.0
2020-10-04,3402.0,13.0,3258.0,131.0,7.0,0.0,4.0
2020-10-05,3513.0,13.0,3259.0,241.0,111.0,0.0,1.0
2020-10-06,4252.0,13.0,3266.0,973.0,739.0,0.0,7.0
2020-10-07,4459.0,13.0,3274.0,1172.0,207.0,0.0,8.0
2020-10-08,4488.0,13.0,3278.0,1197.0,29.0,0.0,4.0
2020-10-09,4523.0,13.0,3296.0,1214.0,35.0,0.0,18.0
2020-10-10,4628.0,13.0,3306.0,1309.0,105.0,0.0,10.0
2020-10-11,4752.0,13.0,3307.0,1432.0,124.0,0.0,1.0
2020-10-12,4844.0,13.0,3317.0,1514.0,92.0,0.0,10.0
2020-10-13,5038.0,13.0,3328.0,1697.0,194.0,0.0,11.0
2020-10-14,5170.0,13.0,3357.0,1800.0,132.0,0.0,29.0
2020-10-15,5244.0,13.0,3380.0,1851.0,74.0,0.0,23.0
2020-10-16,5354.0,13.0,3385.0,1956.0,110.0,0.0,5.0
2020-10-17,5475.0,13.0,3395.0,2067.0,121.0,0.0,10.0
2020-10-18,5538.0,13.0,3403.0,2122.0,63.0,0.0,8.0
2020-10-19,5625.0,13.0,3440.0,2172.0,87.0,0.0,37.0
2020-10-20,5811.0,13.0,3457.0,2341.0,186.0,0.0,17.0
2020-10-21,5978.0,13.0,3501.0,2464.0,167.0,0.0,44.0
2020-10-22,6287.0,14.0,3561.0,2712.0,309.0,1.0,60.0
2020-10-23,7153.0,14.0,3644.0,3495.0,866.0,0.0,83.0
2020-10-24,7521.0,15.0,3714.0,3792.0,368.0,1.0,70.0
