date,confirmed,deaths,recovered,active,new_confirmed,new_deaths,new_recovered
2020-03-14,1.0,0.0,0.0,1.0,,,
2020-03-15,1.0,0.0,0.0,1.0,0.0,0.0,0.0
2020-03-16,1.0,0.0,0.0,1.0,0.0,0.0,0.0
2020-03-17,1.0,0.0,0.0,1.0,0.0,0.0,0.0
2020-03-18,1.0,0.0,0.0,1.0,0.0,0.0,0.0
2020-03-19,1.0,0.0,0.0,1.0,0.0,0.0,0.0
2020-03-20,4.0,0.0,0.0,4.0,3.0,0.0,0.0
2020-03-21,4.0,0.0,0.0,4.0,0.0,0.0,0.0
2020-03-22,5.0,0.0,0.0,5.0,1.0,0.0,0.0
2020-03-23,5.0,0.0,0.0,5.0,0.0,0.0,0.0
2020-03-24,7.0,0.0,0.0,7.0,2.0,0.0,0.0
2020-03-25,8.0,0.0,0.0,8.0,1.0,0.0,0.0
2020-03-26,8.0,0.0,0.0,8.0,0.0,0.0,0.0
2020-03-27,8.0,0.0,0.0,8.0,0.0,0.0,0.0
2020-03-28,8.0,0.0,0.0,8.0,0.0,0.0,0.0
2020-03-29,8.0,0.0,0.0,8.0,0.0,0.0,0.0
2020-03-30,8.0,0.0,0.0,8.0,0.0,0.0,0.0
2020-03-31,9.0,0.0,0.0,9.0,1.0,0.0,0.0
2020-04-01,10.0,0.0,0.0,10.0,1.0,0.0,0.0
2020-04-02,10.0,0.0,0.0,10.0,0.0,0.0,0.0
2020-04-03,10.0,1.0,0.0,9.0,0.0,1.0,0.0
2020-04-04,10.0,1.0,0.0,9.0,0.0,0.0,0.0
2020-04-05,10.0,1.0,0.0,9.0,0.0,0.0,0.0
2020-04-06,10.0,1.0,0.0,9.0,0.0,0.0,0.0
2020-04-07,10.0,1.0,0.0,9.0,0.0,0.0,0.0
2020-04-08,10.0,1.0,3.0,6.0,0.0,0.0,3.0
2020-04-09,10.0,1.0,4.0,5.0,0.0,0.0,1.0
2020-04-10,10.0,1.0,4.0,5.0,0.0,0.0,0.0
2020-04-11,10.0,1.0,4.0,5.0,0.0,0.0,0.0
2020-04-12,10.0,1.0,4.0,5.0,0.0,0.0,0.0
2020-04-13,10.0,1.0,6.0,3.0,0.0,0.0,2.0
2020-04-14,10.0,1.0,6.0,3.0,0.0,0.0,0.0
2020-04-15,10.0,1.0,6.0,3.0,0.0,0.0,0.0
2020-04-16,10.0,1.0,6.0,3.0,0.0,0.0,0.0
2020-04-17,10.0,1.0,6.0,3.0,0.0,0.0,0.0
2020-04-18,10.0,1.0,6.0,3.0,0.0,0.0,0.0
2020-04-19,10.0,1.0,6.0,3.0,0.0,0.0,0.0
2020-04-20,10.0,1.0,6.0,3.0,0.0,0.0,0.0
2020-04-21,10.0,1.0,6.0,3.0,0.0,0.0,0.0
2020-04-22,10.0,1.0,6.0,3.0,0.0,0.0,0.0
2020-04-23,10.0,1.0,6.0,3.0,0.0,0.0,0.0
2020-04-24,10.0,1.0,7.0,2.0,0.0,0.0,1.0
2020-04-25,10.0,1.0,7.0,2.0,0.0,0.0,0.0
2020-04-26,10.0,1.0,7.0,2.0,0.0,0.0,0.0
2020-04-27,10.0,1.0,7.0,2.0,0.0,0.0,0.0
2020-04-28,10.0,1.0,7.0,2.0,0.0,0.0,0.0
2020-04-29,10.0,1.0,8.0,1.0,0.0,0.0,1.0
2020-04-30,10.0,1.0,8.0,1.0,0.0,0.0,0.0
2020-05-01,10.0,1.0,8.0,1.0,0.0,0.0,0.0
2020-05-02,10.0,1.0,8.0,1.0,0.0,0.0,0.0
2020-05-03,10.0,1.0,9.0,0.0,0.0,0.0,1.0
2020-05-04,10.0,1.0,9.0,0.0,0.0,0.0,0.0
2020-05-05,10.0,1.0,9.0,0.0,0.0,0.0,0.0
2020-05-06,10.0,1.0,9.0,0.0,0.0,0.0,0.0
2020-05-07,10.0,1.0,9.0,0.0,0.0,0.0,0.0
2020-05-08,10.0,1.0,9.0,0.0,0.0,0.0,0.0
2020-05-09,10.0,1.0,9.0,0.0,0.0,0.0,0.0
2020-05-10,10.0,1.0,9.0,0.0,0.0,0.0,0.0
2020-05-11,10.0,1.0,9.0,0.0,0.0,0.0,0.0
2020-05-12,10.0,1.0,9.0,0.0,0.0,0.0,0.0
2020-05-13,10.0,1.0,9.0,0.0,0.0,0.0,0.0
2020-05-14,10.0,1.0,9.0,0.0,0.0,0.0,0.0
2020-05-15,10.0,1.0,9.0,0.0,0.0,0.0,0.0
2020-05-16,10.0,1.0,9.0,0.0,0.0,0.0,0.0
2020-05-17,10.0,1.0,9.0,0.0,0.0,0.0,0.0
2020-05-18,11.0,1.0,9.0,1.0,1.0,0.0,0.0
2020-05-19,11.0,1.0,9.0,1.0,0.0,0.0,0.0
2020-05-20,11.0,1.0,9.0,1.0,0.0,0.0,0.0
2020-05-21,11.0,1.0,9.0,1.0,0.0,0.0,0.0
2020-05-22,11.0,1.0,9.0,1.0,0.0,0.0,0.0
2020-05-23,11.0,1.0,9.0,1.0,0.0,0.0,0.0
2020-05-24,11.0,1.0,9.0,1.0,0.0,0.0,0.0
2020-05-25,11.0,1.0,9.0,1.0,0.0,0.0,0.0
2020-05-26,11.0,1.0,9.0,1.0,0.0,0.0,0.0
2020-05-27,12.0,1.0,9.0,2.0,1.0,0.0,0.0
2020-05-28,12.0,1.0,9.0,2.0,0.0,0.0,0.0
2020-05-29,12.0,1.0,9.0,2.0,0.0,0.0,0.0
2020-05-30,14.0,1.0,9.0,4.0,2.0,0.0,0.0
2020-05-31,23.0,1.0,9.0,13.0,9.0,0.0,0.0
2020-06-01,44.0,1.0,9.0,34.0,21.0,0.0,0.0
2020-06-02,54.0,1.0,9.0,44.0,10.0,0.0,0.0
2020-06-03,74.0,1.0,9.0,64.0,20.0,0.0,0.0
2020-06-04,82.0,1.0,9.0,72.0,8.0,0.0,0.0
2020-06-05,90.0,1.0,9.0,80.0,8.0,0.0,0.0
2020-06-06,100.0,1.0,9.0,90.0,10.0,0.0,0.0
2020-06-07,122.0,1.0,9.0,112.0,22.0,0.0,0.0
2020-06-08,128.0,2.0,9.0,117.0,6.0,1.0,0.0
2020-06-09,137.0,2.0,9.0,126.0,9.0,0.0,0.0
2020-06-10,144.0,2.0,9.0,133.0,7.0,0.0,0.0
2020-06-11,168.0,2.0,9.0,157.0,24.0,0.0,0.0
2020-06-12,187.0,3.0,9.0,175.0,19.0,1.0,0.0
2020-06-13,196.0,3.0,9.0,184.0,9.0,0.0,0.0
2020-06-14,208.0,3.0,9.0,196.0,12.0,0.0,0.0
2020-06-15,229.0,5.0,48.0,176.0,21.0,2.0,39.0
2020-06-16,236.0,6.0,48.0,182.0,7.0,1.0,0.0
2020-06-17,261.0,6.0,48.0,207.0,25.0,0.0,0.0
2020-06-18,277.0,7.0,74.0,196.0,16.0,1.0,26.0
2020-06-19,293.0,8.0,74.0,211.0,16.0,1.0,0.0
2020-06-20,303.0,8.0,74.0,221.0,10.0,0.0,0.0
2020-06-21,314.0,8.0,106.0,200.0,11.0,0.0,32.0
2020-06-22,319.0,8.0,132.0,179.0,5.0,0.0,26.0
2020-06-23,319.0,9.0,132.0,178.0,0.0,1.0,0.0
2020-06-24,357.0,10.0,154.0,193.0,38.0,1.0,22.0
2020-06-25,373.0,10.0,176.0,187.0,16.0,0.0,22.0
2020-06-26,389.0,10.0,181.0,198.0,16.0,0.0,5.0
2020-06-27,467.0,11.0,191.0,265.0,78.0,1.0,10.0
2020-06-28,490.0,11.0,199.0,280.0,23.0,0.0,8.0
2020-06-29,501.0,13.0,217.0,271.0,11.0,2.0,18.0
2020-06-30,515.0,13.0,227.0,275.0,14.0,0.0,10.0
2020-07-01,535.0,13.0,242.0,280.0,20.0,0.0,15.0
2020-07-02,547.0,13.0,252.0,282.0,12.0,0.0,10.0
2020-07-03,561.0,13.0,267.0,281.0,14.0,0.0,15.0
2020-07-04,565.0,14.0,276.0,275.0,4.0,1.0,9.0
2020-07-05,594.0,14.0,292.0,288.0,29.0,0.0,16.0
2020-07-06,614.0,14.0,315.0,285.0,20.0,0.0,23.0
2020-07-07,634.0,15.0,405.0,214.0,20.0,1.0,90.0
2020-07-08,665.0,17.0,434.0,214.0,31.0,2.0,29.0
2020-07-09,694.0,17.0,456.0,221.0,29.0,0.0,22.0
2020-07-10,726.0,18.0,481.0,227.0,32.0,1.0,25.0
2020-07-11,741.0,18.0,495.0,228.0,15.0,0.0,14.0
2020-07-12,741.0,18.0,495.0,228.0,0.0,0.0,0.0
2020-07-13,780.0,18.0,526.0,236.0,39.0,0.0,31.0
2020-07-14,801.0,18.0,543.0,240.0,21.0,0.0,17.0
2020-07-15,837.0,18.0,573.0,246.0,36.0,0.0,30.0
2020-07-16,904.0,18.0,581.0,305.0,67.0,0.0,8.0
2020-07-17,943.0,19.0,600.0,324.0,39.0,1.0,19.0
2020-07-18,1001.0,20.0,610.0,371.0,58.0,1.0,10.0
2020-07-19,1029.0,21.0,627.0,381.0,28.0,1.0,17.0
2020-07-20,1079.0,21.0,656.0,402.0,50.0,0.0,29.0
2020-07-21,1131.0,21.0,705.0,405.0,52.0,0.0,49.0
2020-07-22,1176.0,21.0,739.0,416.0,45.0,0.0,34.0
2020-07-23,1234.0,23.0,774.0,437.0,58.0,2.0,35.0
2020-07-24,1305.0,23.0,804.0,478.0,71.0,0.0,30.0
2020-07-25,1381.0,23.0,853.0,505.0,76.0,0.0,49.0
2020-07-26,1439.0,23.0,890.0,526.0,58.0,0.0,37.0
2020-07-27,1483.0,24.0,925.0,534.0,44.0,1.0,35.0
2020-07-28,1510.0,24.0,965.0,521.0,27.0,0.0,40.0
2020-07-29,1607.0,26.0,1003.0,578.0,97.0,2.0,38.0
2020-07-30,1607.0,26.0,1003.0,578.0,0.0,0.0,0.0
2020-07-31,1650.0,26.0,1080.0,544.0,43.0,0.0,77.0
2020-08-01,1760.0,26.0,1161.0,573.0,110.0,0.0,81.0
2020-08-02,1849.0,27.0,1194.0,628.0,89.0,1.0,33.0
2020-08-03,1893.0,27.0,1227.0,639.0,44.0,0.0,33.0
2020-08-04,1981.0,27.0,1278.0,676.0,88.0,0.0,51.0
2020-08-05,2050.0,27.0,1327.0,696.0,69.0,0.0,49.0
2020-08-06,2096.0,29.0,1446.0,621.0,46.0,2.0,119.0
2020-08-07,2203.0,29.0,1505.0,669.0,107.0,0.0,59.0
2020-08-08,2306.0,29.0,1558.0,719.0,103.0,0.0,53.0
2020-08-09,2391.0,29.0,1635.0,727.0,85.0,0.0,77.0
2020-08-10,2489.0,30.0,1674.0,785.0,98.0,1.0,39.0
2020-08-11,2559.0,39.0,1712.0,808.0,70.0,9.0,38.0
2020-08-12,2653.0,39.0,1789.0,825.0,94.0,0.0,77.0
2020-08-13,2761.0,40.0,1830.0,891.0,108.0,1.0,41.0
2020-08-14,2838.0,41.0,1894.0,903.0,77.0,1.0,64.0
2020-08-15,2961.0,42.0,1990.0,929.0,123.0,1.0,96.0
2020-08-16,3016.0,47.0,2036.0,933.0,55.0,5.0,46.0
2020-08-17,3077.0,48.0,2138.0,891.0,61.0,1.0,102.0
2020-08-18,3216.0,54.0,2196.0,966.0,139.0,6.0,58.0
2020-08-19,3295.0,54.0,2227.0,1014.0,79.0,0.0,31.0
2020-08-20,3366.0,55.0,2383.0,928.0,71.0,1.0,156.0
2020-08-21,3460.0,56.0,2498.0,906.0,94.0,1.0,115.0
2020-08-22,3569.0,57.0,2559.0,953.0,109.0,1.0,61.0
2020-08-23,3607.0,58.0,2688.0,861.0,38.0,1.0,129.0
2020-08-24,3632.0,60.0,2758.0,814.0,25.0,2.0,70.0
2020-08-25,3698.0,61.0,2818.0,819.0,66.0,1.0,60.0
2020-08-26,3724.0,62.0,2863.0,799.0,26.0,1.0,45.0
2020-08-27,3793.0,66.0,2893.0,834.0,69.0,4.0,30.0
2020-08-28,3848.0,66.0,2971.0,811.0,55.0,0.0,78.0
2020-08-29,3954.0,67.0,2991.0,896.0,106.0,1.0,20.0
2020-08-30,4009.0,67.0,3073.0,869.0,55.0,0.0,82.0
2020-08-31,4034.0,71.0,3140.0,823.0,25.0,4.0,67.0
2020-09-01,4089.0,72.0,3171.0,846.0,55.0,1.0,31.0
2020-09-02,4149.0,72.0,3272.0,805.0,60.0,0.0,101.0
2020-09-03,4215.0,73.0,3318.0,824.0,66.0,1.0,46.0
2020-09-04,4252.0,75.0,3366.0,811.0,37.0,2.0,48.0
2020-09-05,4320.0,76.0,3426.0,818.0,68.0,1.0,60.0
2020-09-06,4346.0,85.0,3494.0,767.0,26.0,9.0,68.0
2020-09-07,4360.0,91.0,3544.0,725.0,14.0,6.0,50.0
2020-09-08,4419.0,91.0,3595.0,733.0,59.0,0.0,51.0
2020-09-09,4447.0,92.0,3622.0,733.0,28.0,1.0,27.0
2020-09-10,4477.0,93.0,3706.0,678.0,30.0,1.0,84.0
2020-09-11,4529.0,93.0,3747.0,689.0,52.0,0.0,41.0
2020-09-12,4579.0,93.0,3788.0,698.0,50.0,0.0,41.0
2020-09-13,4582.0,93.0,3850.0,639.0,3.0,0.0,62.0
2020-09-14,4611.0,95.0,3935.0,581.0,29.0,2.0,85.0
2020-09-15,4625.0,95.0,3996.0,534.0,14.0,0.0,61.0
2020-09-16,4645.0,95.0,4089.0,461.0,20.0,0.0,93.0
2020-09-17,4671.0,95.0,4160.0,416.0,26.0,0.0,71.0
2020-09-18,4691.0,96.0,4280.0,315.0,20.0,1.0,120.0
2020-09-19,4709.0,97.0,4383.0,229.0,18.0,1.0,103.0
2020-09-20,4723.0,97.0,4488.0,138.0,14.0,0.0,105.0
2020-09-21,4740.0,97.0,4525.0,118.0,17.0,0.0,37.0
2020-09-22,4759.0,100.0,4541.0,118.0,19.0,3.0,16.0
2020-09-23,4779.0,101.0,4560.0,118.0,20.0,1.0,19.0
2020-09-24,4789.0,102.0,4578.0,109.0,10.0,1.0,18.0
2020-09-25,4817.0,102.0,4596.0,119.0,28.0,0.0,18.0
2020-09-26,4831.0,102.0,4620.0,109.0,14.0,0.0,24.0
2020-09-27,4835.0,102.0,4661.0,72.0,4.0,0.0,41.0
