date,confirmed,deaths,recovered,active,new_confirmed,new_deaths,new_recovered
2020-01-31,1.0,0.0,0.0,0.0,,,
2020-02-01,1.0,0.0,0.0,1.0,0.0,0.0,0.0
2020-02-02,1.0,0.0,0.0,1.0,0.0,0.0,0.0
2020-02-03,1.0,0.0,0.0,1.0,0.0,0.0,0.0
2020-02-04,1.0,0.0,0.0,1.0,0.0,0.0,0.0
2020-02-05,1.0,0.0,0.0,1.0,0.0,0.0,0.0
2020-02-06,1.0,0.0,0.0,1.0,0.0,0.0,0.0
2020-02-07,1.0,0.0,0.0,1.0,0.0,0.0,0.0
2020-02-08,1.0,0.0,0.0,1.0,0.0,0.0,0.0
2020-02-09,1.0,0.0,0.0,1.0,0.0,0.0,0.0
2020-02-10,1.0,0.0,0.0,1.0,0.0,0.0,0.0
2020-02-11,1.0,0.0,0.0,1.0,0.0,0.0,0.0
2020-02-12,1.0,0.0,0.0,1.0,0.0,0.0,0.0
2020-02-13,1.0,0.0,0.0,1.0,0.0,0.0,0.0
2020-02-14,1.0,0.0,0.0,1.0,0.0,0.0,0.0
2020-02-15,1.0,0.0,0.0,1.0,0.0,0.0,0.0
2020-02-16,1.0,0.0,0.0,1.0,0.0,0.0,0.0
2020-02-17,1.0,0.0,0.0,1.0,0.0,0.0,0.0
2020-02-18,1.0,0.0,0.0,1.0,0.0,0.0,0.0
2020-02-19,1.0,0.0,0.0,1.0,0.0,0.0,0.0
2020-02-20,1.0,0.0,0.0,1.0,0.0,0.0,0.0
2020-02-21,1.0,0.0,0.0,1.0,0.0,0.0,0.0
2020-02-22,1.0,0.0,0.0,1.0,0.0,0.0,0.0
2020-02-23,1.0,0.0,0.0,1.0,0.0,0.0,0.0
2020-02-24,1.0,0.0,0.0,1.0,0.0,0.0,0.0
2020-02-25,1.0,0.0,0.0,1.0,0.0,0.0,0.0
2020-02-26,2.0,0.0,0.0,2.0,1.0,0.0,0.0
2020-02-27,7.0,0.0,0.0,7.0,5.0,0.0,0.0
2020-02-28,7.0,0.0,0.0,7.0,0.0,0.0,0.0
2020-02-29,12.0,0.0,0.0,12.0,5.0,0.0,0.0
2020-03-01,14.0,0.0,0.0,14.0,2.0,0.0,0.0
2020-03-02,15.0,0.0,0.0,15.0,1.0,0.0,0.0
2020-03-03,21.0,0.0,0.0,21.0,6.0,0.0,0.0
2020-03-04,35.0,0.0,0.0,35.0,14.0,0.0,0.0
2020-03-05,94.0,0.0,0.0,94.0,59.0,0.0,0.0
2020-03-06,101.0,0.0,0.0,101.0,7.0,0.0,0.0
2020-03-07,161.0,0.0,0.0,161.0,60.0,0.0,0.0
2020-03-08,203.0,0.0,0.0,203.0,42.0,0.0,0.0
2020-03-09,248.0,0.0,1.0,247.0,45.0,0.0,1.0
2020-03-10,355.0,0.0,1.0,354.0,107.0,0.0,0.0
2020-03-11,500.0,1.0,1.0,498.0,145.0,1.0,0.0
2020-03-12,599.0,1.0,1.0,597.0,99.0,0.0,0.0
2020-03-13,814.0,1.0,1.0,812.0,215.0,0.0,0.0
2020-03-14,961.0,2.0,1.0,958.0,147.0,1.0,0.0
2020-03-15,1022.0,3.0,1.0,1018.0,61.0,1.0,0.0
2020-03-16,1103.0,6.0,1.0,1096.0,81.0,3.0,0.0
2020-03-17,1190.0,7.0,1.0,1182.0,87.0,1.0,0.0
2020-03-18,1279.0,10.0,1.0,1268.0,89.0,3.0,0.0
2020-03-19,1439.0,11.0,16.0,1412.0,160.0,1.0,15.0
2020-03-20,1639.0,16.0,16.0,1607.0,200.0,5.0,0.0
2020-03-21,1763.0,20.0,16.0,1727.0,124.0,4.0,0.0
2020-03-22,1931.0,21.0,16.0,1894.0,168.0,1.0,0.0
2020-03-23,2046.0,25.0,16.0,2005.0,115.0,4.0,0.0
2020-03-24,2286.0,36.0,16.0,2234.0,240.0,11.0,0.0
2020-03-25,2526.0,62.0,16.0,2448.0,240.0,26.0,0.0
2020-03-26,2840.0,77.0,16.0,2747.0,314.0,15.0,0.0
2020-03-27,3069.0,105.0,16.0,2948.0,229.0,28.0,0.0
2020-03-28,3447.0,105.0,16.0,3326.0,378.0,0.0,0.0
2020-03-29,3700.0,110.0,16.0,3574.0,253.0,5.0,0.0
2020-03-30,4028.0,146.0,16.0,3866.0,328.0,36.0,0.0
2020-03-31,4435.0,180.0,16.0,4239.0,407.0,34.0,0.0
2020-04-01,4947.0,239.0,103.0,4605.0,512.0,59.0,87.0
2020-04-02,5568.0,308.0,103.0,5157.0,621.0,69.0,0.0
2020-04-03,6131.0,358.0,205.0,5568.0,563.0,50.0,102.0
2020-04-04,6443.0,373.0,205.0,5865.0,312.0,15.0,0.0
2020-04-05,6830.0,401.0,205.0,6224.0,387.0,28.0,0.0
2020-04-06,7206.0,477.0,205.0,6524.0,376.0,76.0,0.0
2020-04-07,7693.0,591.0,205.0,6897.0,487.0,114.0,0.0
2020-04-08,8419.0,687.0,205.0,7527.0,726.0,96.0,0.0
2020-04-09,9141.0,793.0,205.0,8143.0,722.0,106.0,0.0
2020-04-10,9685.0,870.0,381.0,8434.0,544.0,77.0,176.0
2020-04-11,10151.0,887.0,381.0,8883.0,466.0,17.0,0.0
2020-04-12,10483.0,899.0,381.0,9203.0,332.0,12.0,0.0
2020-04-13,10948.0,919.0,381.0,9648.0,465.0,20.0,0.0
2020-04-14,11445.0,1033.0,381.0,10031.0,497.0,114.0,0.0
2020-04-15,11927.0,1203.0,381.0,10343.0,482.0,170.0,0.0
2020-04-16,12540.0,1333.0,550.0,10657.0,613.0,130.0,169.0
2020-04-17,13216.0,1400.0,550.0,11266.0,676.0,67.0,0.0
2020-04-18,13822.0,1511.0,550.0,11761.0,606.0,111.0,0.0
2020-04-19,14385.0,1540.0,550.0,12295.0,563.0,29.0,0.0
2020-04-20,14777.0,1580.0,550.0,12647.0,392.0,40.0,0.0
2020-04-21,15322.0,1765.0,550.0,13007.0,545.0,185.0,0.0
2020-04-22,16004.0,1937.0,550.0,13517.0,682.0,172.0,0.0
2020-04-23,16755.0,2021.0,550.0,14184.0,751.0,84.0,0.0
2020-04-24,17567.0,2152.0,1005.0,14410.0,812.0,131.0,455.0
2020-04-25,18177.0,2192.0,1005.0,14980.0,610.0,40.0,0.0
2020-04-26,18640.0,2194.0,1005.0,15441.0,463.0,2.0,0.0
2020-04-27,18926.0,2274.0,1005.0,15647.0,286.0,80.0,0.0
2020-04-28,19621.0,2355.0,1005.0,16261.0,695.0,81.0,0.0
2020-04-29,20302.0,2462.0,1005.0,16835.0,681.0,107.0,0.0
2020-04-30,21092.0,2586.0,1005.0,17501.0,790.0,124.0,0.0
2020-05-01,21520.0,2653.0,1005.0,17862.0,428.0,67.0,0.0
2020-05-02,22082.0,2669.0,1005.0,18408.0,562.0,16.0,0.0
2020-05-03,22317.0,2679.0,1005.0,18633.0,235.0,10.0,0.0
2020-05-04,22721.0,2769.0,4074.0,15878.0,404.0,90.0,3069.0
2020-05-05,23216.0,2854.0,4074.0,16288.0,495.0,85.0,0.0
2020-05-06,23918.0,2941.0,4074.0,16903.0,702.0,87.0,0.0
2020-05-07,24623.0,3040.0,4971.0,16612.0,705.0,99.0,897.0
2020-05-08,25265.0,3175.0,4971.0,17119.0,642.0,135.0,0.0
2020-05-09,25921.0,3220.0,4971.0,17730.0,656.0,45.0,0.0
2020-05-10,26322.0,3225.0,4971.0,18126.0,401.0,5.0,0.0
2020-05-11,26670.0,3256.0,4971.0,18443.0,348.0,31.0,0.0
2020-05-12,27272.0,3313.0,4971.0,18988.0,602.0,57.0,0.0
2020-05-13,27909.0,3460.0,4971.0,19478.0,637.0,147.0,0.0
2020-05-14,28582.0,3529.0,4971.0,20082.0,673.0,69.0,0.0
2020-05-15,29207.0,3646.0,4971.0,20590.0,625.0,117.0,0.0
2020-05-16,29677.0,3674.0,4971.0,21032.0,470.0,28.0,0.0
2020-05-17,30143.0,3679.0,4971.0,21493.0,466.0,5.0,0.0
2020-05-18,30377.0,3698.0,4971.0,21708.0,234.0,19.0,0.0
2020-05-19,30799.0,3743.0,4971.0,22085.0,422.0,45.0,0.0
2020-05-20,31523.0,3831.0,4971.0,22721.0,724.0,88.0,0.0
2020-05-21,32172.0,3871.0,4971.0,23330.0,649.0,40.0,0.0
2020-05-22,32809.0,3925.0,4971.0,23913.0,637.0,54.0,0.0
2020-05-23,33188.0,3992.0,4971.0,24225.0,379.0,67.0,0.0
2020-05-24,33459.0,3998.0,4971.0,24490.0,271.0,6.0,0.0
2020-05-25,33843.0,4029.0,4971.0,24843.0,384.0,31.0,0.0
2020-05-26,34440.0,4125.0,4971.0,25344.0,597.0,96.0,0.0
2020-05-27,35088.0,4220.0,4971.0,25897.0,648.0,95.0,0.0
2020-05-28,35727.0,4266.0,4971.0,26490.0,639.0,46.0,0.0
2020-05-29,36476.0,4350.0,4971.0,27155.0,749.0,84.0,0.0
2020-05-30,37113.0,4395.0,4971.0,27747.0,637.0,45.0,0.0
2020-05-31,37542.0,4395.0,4971.0,28176.0,429.0,0.0,0.0
2020-06-01,37814.0,4403.0,4971.0,28440.0,272.0,8.0,0.0
2020-06-02,38589.0,4468.0,0.0,34121.0,775.0,65.0,-4971.0
2020-06-03,40803.0,4542.0,0.0,36261.0,2214.0,74.0,0.0
2020-06-04,41883.0,4562.0,0.0,37321.0,1080.0,20.0,0.0
2020-06-05,42939.0,4639.0,0.0,38300.0,1056.0,77.0,0.0
2020-06-06,43887.0,4656.0,0.0,39231.0,948.0,17.0,0.0
2020-06-07,44730.0,4659.0,0.0,40071.0,843.0,3.0,0.0
2020-06-08,45133.0,4694.0,0.0,40439.0,403.0,35.0,0.0
2020-06-09,45924.0,4717.0,0.0,41207.0,791.0,23.0,0.0
2020-06-10,46814.0,4795.0,0.0,42019.0,890.0,78.0,0.0
2020-06-11,48288.0,4814.0,0.0,43474.0,1474.0,19.0,0.0
2020-06-12,49684.0,4854.0,0.0,44830.0,1396.0,40.0,0.0
2020-06-13,50931.0,4874.0,0.0,46057.0,1247.0,20.0,0.0
2020-06-14,51614.0,4874.0,0.0,46740.0,683.0,0.0,0.0
2020-06-15,52383.0,4891.0,0.0,47492.0,769.0,17.0,0.0
2020-06-16,53323.0,4939.0,0.0,48384.0,940.0,48.0,0.0
2020-06-17,54562.0,5041.0,0.0,49521.0,1239.0,102.0,0.0
2020-06-18,56043.0,5053.0,0.0,50990.0,1481.0,12.0,0.0
2020-06-19,56043.0,5053.0,0.0,50990.0,0.0,0.0,0.0
2020-06-20,56043.0,5053.0,0.0,50990.0,0.0,0.0,0.0
2020-06-21,56043.0,5053.0,0.0,50990.0,0.0,0.0,0.0
2020-06-22,58932.0,5122.0,0.0,53810.0,2889.0,69.0,0.0
2020-06-23,60837.0,5161.0,0.0,55676.0,1905.0,39.0,0.0
2020-06-24,62324.0,5209.0,0.0,57115.0,1487.0,48.0,0.0
2020-06-25,63890.0,5230.0,0.0,58660.0,1566.0,21.0,0.0
2020-06-26,65137.0,5280.0,0.0,59857.0,1247.0,50.0,0.0
2020-06-27,65137.0,5280.0,0.0,59857.0,0.0,0.0,0.0
2020-06-28,65137.0,5280.0,0.0,59857.0,0.0,0.0,0.0
2020-06-29,67667.0,5310.0,0.0,62357.0,2530.0,30.0,0.0
2020-06-30,68451.0,5333.0,0.0,63118.0,784.0,23.0,0.0
2020-07-01,69692.0,5370.0,0.0,64322.0,1241.0,37.0,0.0
2020-07-02,70639.0,5411.0,0.0,65228.0,947.0,41.0,0.0
2020-07-03,71419.0,5420.0,0.0,65999.0,780.0,9.0,0.0
2020-07-04,71419.0,5420.0,0.0,65999.0,0.0,0.0,0.0
2020-07-05,71419.0,5420.0,0.0,65999.0,0.0,0.0,0.0
2020-07-06,73061.0,5433.0,0.0,67628.0,1642.0,13.0,0.0
2020-07-07,73344.0,5447.0,0.0,67897.0,283.0,14.0,0.0
2020-07-08,73858.0,5482.0,0.0,68376.0,514.0,35.0,0.0
2020-07-09,74333.0,5500.0,0.0,68833.0,475.0,18.0,0.0
2020-07-10,74898.0,5526.0,0.0,69372.0,565.0,26.0,0.0
2020-07-11,74898.0,5526.0,0.0,69372.0,0.0,0.0,0.0
2020-07-12,74898.0,5526.0,0.0,69372.0,0.0,0.0,0.0
2020-07-13,75826.0,5536.0,0.0,70290.0,928.0,10.0,0.0
2020-07-14,76001.0,5545.0,0.0,70456.0,175.0,9.0,0.0
2020-07-15,76492.0,5572.0,0.0,70920.0,491.0,27.0,0.0
2020-07-16,76877.0,5593.0,0.0,71284.0,385.0,21.0,0.0
2020-07-17,77281.0,5619.0,0.0,71662.0,404.0,26.0,0.0
2020-07-18,77281.0,5619.0,0.0,71662.0,0.0,0.0,0.0
2020-07-19,77281.0,5619.0,0.0,71662.0,0.0,0.0,0.0
2020-07-20,78048.0,5639.0,0.0,72409.0,767.0,20.0,0.0
2020-07-21,78166.0,5646.0,0.0,72520.0,118.0,7.0,0.0
2020-07-22,78504.0,5667.0,0.0,72837.0,338.0,21.0,0.0
2020-07-23,78763.0,5676.0,0.0,73087.0,259.0,9.0,0.0
2020-07-24,78997.0,5697.0,0.0,73300.0,234.0,21.0,0.0
2020-07-25,78997.0,5697.0,0.0,73300.0,0.0,0.0,0.0
2020-07-26,78997.0,5697.0,0.0,73300.0,0.0,0.0,0.0
2020-07-27,79395.0,5700.0,0.0,73695.0,398.0,3.0,0.0
2020-07-28,79494.0,5702.0,0.0,73792.0,99.0,2.0,0.0
2020-07-29,79782.0,5730.0,0.0,74052.0,288.0,28.0,0.0
