date,confirmed,deaths,recovered,active,new_confirmed,new_deaths,new_recovered
2020-02-25,1.0,0.0,0.0,1.0,,,
2020-02-26,1.0,0.0,0.0,1.0,0.0,0.0,0.0
2020-02-27,8.0,0.0,0.0,8.0,7.0,0.0,0.0
2020-02-28,8.0,0.0,0.0,8.0,0.0,0.0,0.0
2020-02-29,18.0,0.0,0.0,18.0,10.0,0.0,0.0
2020-03-01,27.0,0.0,0.0,27.0,9.0,0.0,0.0
2020-03-02,42.0,0.0,0.0,42.0,15.0,0.0,0.0
2020-03-03,56.0,0.0,2.0,54.0,14.0,0.0,2.0
2020-03-04,90.0,0.0,3.0,87.0,34.0,0.0,1.0
2020-03-05,114.0,1.0,3.0,110.0,24.0,1.0,0.0
2020-03-06,214.0,1.0,3.0,210.0,100.0,0.0,0.0
2020-03-07,268.0,1.0,3.0,264.0,54.0,0.0,0.0
2020-03-08,337.0,2.0,3.0,332.0,69.0,1.0,0.0
2020-03-09,374.0,2.0,3.0,369.0,37.0,0.0,0.0
2020-03-10,491.0,3.0,3.0,485.0,117.0,1.0,0.0
2020-03-11,652.0,4.0,4.0,644.0,161.0,1.0,1.0
2020-03-12,652.0,4.0,4.0,644.0,0.0,0.0,0.0
2020-03-13,1139.0,11.0,4.0,1124.0,487.0,7.0,0.0
2020-03-14,1359.0,13.0,4.0,1342.0,220.0,2.0,0.0
2020-03-15,2200.0,14.0,4.0,2182.0,841.0,1.0,0.0
2020-03-16,2200.0,14.0,4.0,2182.0,0.0,0.0,0.0
2020-03-17,2700.0,27.0,4.0,2669.0,500.0,13.0,0.0
2020-03-18,3028.0,28.0,15.0,2985.0,328.0,1.0,11.0
2020-03-19,4075.0,41.0,15.0,4019.0,1047.0,13.0,0.0
2020-03-20,5294.0,54.0,15.0,5225.0,1219.0,13.0,0.0
2020-03-21,6575.0,75.0,15.0,6485.0,1281.0,21.0,0.0
2020-03-22,7474.0,98.0,131.0,7245.0,899.0,23.0,116.0
2020-03-23,8795.0,120.0,131.0,8544.0,1321.0,22.0,0.0
2020-03-24,9877.0,122.0,131.0,9624.0,1082.0,2.0,0.0
2020-03-25,10897.0,153.0,131.0,10613.0,1020.0,31.0,0.0
2020-03-26,11811.0,191.0,131.0,11489.0,914.0,38.0,0.0
2020-03-27,12928.0,231.0,1530.0,11167.0,1117.0,40.0,1399.0
2020-03-28,14076.0,264.0,1530.0,12282.0,1148.0,33.0,0.0
2020-03-29,14829.0,300.0,1595.0,12934.0,753.0,36.0,65.0
2020-03-30,15922.0,359.0,1823.0,13740.0,1093.0,59.0,228.0
2020-03-31,16605.0,433.0,1823.0,14349.0,683.0,74.0,0.0
2020-04-01,17768.0,488.0,2967.0,14313.0,1163.0,55.0,1144.0
2020-04-02,18827.0,536.0,4013.0,14278.0,1059.0,48.0,1046.0
2020-04-03,19606.0,591.0,4846.0,14169.0,779.0,55.0,833.0
2020-04-04,20505.0,666.0,6415.0,13424.0,899.0,75.0,1569.0
2020-04-05,21100.0,715.0,6415.0,13970.0,595.0,49.0,0.0
2020-04-06,21657.0,765.0,8056.0,12836.0,557.0,50.0,1641.0
2020-04-07,22253.0,821.0,8704.0,12728.0,596.0,56.0,648.0
2020-04-08,23280.0,895.0,9800.0,12585.0,1027.0,74.0,1096.0
2020-04-09,24051.0,948.0,10600.0,12503.0,771.0,53.0,800.0
2020-04-10,24551.0,1002.0,11100.0,12449.0,500.0,54.0,500.0
2020-04-11,25107.0,1036.0,12100.0,11971.0,556.0,34.0,1000.0
2020-04-12,25415.0,1106.0,12700.0,11609.0,308.0,70.0,600.0
2020-04-13,25688.0,1138.0,13700.0,10850.0,273.0,32.0,1000.0
2020-04-14,25936.0,1174.0,13700.0,11062.0,248.0,36.0,0.0
2020-04-15,26336.0,1239.0,15400.0,9697.0,400.0,65.0,1700.0
2020-04-16,26732.0,1281.0,15900.0,9551.0,396.0,42.0,500.0
2020-04-17,27078.0,1327.0,16400.0,9351.0,346.0,46.0,500.0
2020-04-18,27404.0,1368.0,17100.0,8936.0,326.0,41.0,700.0
2020-04-19,27740.0,1393.0,17800.0,8547.0,336.0,25.0,700.0
2020-04-20,27944.0,1429.0,18600.0,7915.0,204.0,36.0,800.0
2020-04-21,28063.0,1478.0,19400.0,7185.0,119.0,49.0,800.0
2020-04-22,28268.0,1509.0,19900.0,6859.0,205.0,31.0,500.0
2020-04-23,28496.0,1549.0,20600.0,6347.0,228.0,40.0,700.0
2020-04-24,28677.0,1589.0,21000.0,6088.0,181.0,40.0,400.0
2020-04-25,28894.0,1599.0,21300.0,5995.0,217.0,10.0,300.0
2020-04-26,29061.0,1610.0,21800.0,5651.0,167.0,11.0,500.0
2020-04-27,29164.0,1665.0,22200.0,5299.0,103.0,55.0,400.0
2020-04-28,29264.0,1699.0,22600.0,4965.0,100.0,34.0,400.0
2020-04-29,29407.0,1716.0,22600.0,5091.0,143.0,17.0,0.0
2020-04-30,29586.0,1737.0,23400.0,4449.0,179.0,21.0,800.0
2020-05-01,29705.0,1754.0,23900.0,4051.0,119.0,17.0,500.0
2020-05-02,29817.0,1762.0,24200.0,3855.0,112.0,8.0,300.0
2020-05-03,29905.0,1762.0,24500.0,3643.0,88.0,0.0,300.0
2020-05-04,29981.0,1784.0,25200.0,2997.0,76.0,22.0,700.0
2020-05-05,30009.0,1795.0,25400.0,2814.0,28.0,11.0,200.0
2020-05-06,30060.0,1805.0,25700.0,2555.0,51.0,10.0,300.0
2020-05-07,30126.0,1810.0,25900.0,2416.0,66.0,5.0,200.0
2020-05-08,30207.0,1823.0,26100.0,2284.0,81.0,13.0,200.0
2020-05-09,30251.0,1830.0,26400.0,2021.0,44.0,7.0,300.0
2020-05-10,30305.0,1833.0,26600.0,1872.0,54.0,3.0,200.0
2020-05-11,30344.0,1845.0,26800.0,1699.0,39.0,12.0,200.0
2020-05-12,30380.0,1867.0,26800.0,1713.0,36.0,22.0,0.0
2020-05-13,30413.0,1870.0,27100.0,1443.0,33.0,3.0,300.0
2020-05-14,30463.0,1872.0,27100.0,1491.0,50.0,2.0,0.0
2020-05-15,30514.0,1878.0,27100.0,1536.0,51.0,6.0,0.0
2020-05-16,30572.0,1879.0,27400.0,1293.0,58.0,1.0,300.0
2020-05-17,30587.0,1881.0,27500.0,1206.0,15.0,2.0,100.0
2020-05-18,30597.0,1886.0,27600.0,1111.0,10.0,5.0,100.0
2020-05-19,30618.0,1891.0,27700.0,1027.0,21.0,5.0,100.0
2020-05-20,30658.0,1892.0,27800.0,966.0,40.0,1.0,100.0
2020-05-21,30694.0,1898.0,27900.0,896.0,36.0,6.0,100.0
2020-05-22,30707.0,1903.0,27900.0,904.0,13.0,5.0,0.0
2020-05-23,30725.0,1905.0,28000.0,820.0,18.0,2.0,100.0
2020-05-24,30736.0,1906.0,28100.0,730.0,11.0,1.0,100.0
2020-05-25,30746.0,1913.0,28200.0,633.0,10.0,7.0,100.0
2020-05-26,30761.0,1915.0,28200.0,646.0,15.0,2.0,0.0
2020-05-27,30776.0,1917.0,28300.0,559.0,15.0,2.0,100.0
2020-05-28,30796.0,1919.0,28300.0,577.0,20.0,2.0,0.0
2020-05-29,30828.0,1919.0,28300.0,609.0,32.0,0.0,0.0
2020-05-30,30845.0,1919.0,28400.0,526.0,17.0,0.0,100.0
2020-05-31,30862.0,1920.0,28500.0,442.0,17.0,1.0,100.0
2020-06-01,30871.0,1920.0,28500.0,451.0,9.0,0.0,0.0
2020-06-02,30874.0,1920.0,28500.0,454.0,3.0,0.0,0.0
2020-06-03,30893.0,1921.0,28600.0,372.0,19.0,1.0,100.0
2020-06-04,30913.0,1921.0,28600.0,392.0,20.0,0.0,0.0
2020-06-05,30936.0,1921.0,28600.0,415.0,23.0,0.0,0.0
2020-06-06,30956.0,1921.0,28700.0,335.0,20.0,0.0,100.0
2020-06-07,30965.0,1921.0,28700.0,344.0,9.0,0.0,0.0
2020-06-08,30972.0,1923.0,28700.0,349.0,7.0,2.0,0.0
2020-06-09,30988.0,1934.0,28700.0,354.0,16.0,11.0,0.0
2020-06-10,31011.0,1936.0,28700.0,375.0,23.0,2.0,0.0
2020-06-11,31044.0,1937.0,28800.0,307.0,33.0,1.0,100.0
2020-06-12,31063.0,1938.0,28800.0,325.0,19.0,1.0,0.0
2020-06-13,31094.0,1938.0,28800.0,356.0,31.0,0.0,0.0
2020-06-14,31117.0,1938.0,28800.0,379.0,23.0,0.0,0.0
2020-06-15,31131.0,1939.0,28900.0,292.0,14.0,1.0,100.0
2020-06-16,31154.0,1954.0,28900.0,300.0,23.0,15.0,0.0
2020-06-17,31187.0,1956.0,28900.0,331.0,33.0,2.0,0.0
2020-06-18,31200.0,1956.0,28900.0,344.0,13.0,0.0,0.0
2020-06-19,31235.0,1956.0,28900.0,379.0,35.0,0.0,0.0
2020-06-20,31243.0,1956.0,28900.0,387.0,8.0,0.0,0.0
2020-06-21,31292.0,1956.0,29000.0,336.0,49.0,0.0,100.0
2020-06-22,31310.0,1956.0,29000.0,354.0,18.0,0.0,0.0
2020-06-23,31332.0,1956.0,29000.0,376.0,22.0,0.0,0.0
2020-06-24,31376.0,1958.0,29000.0,418.0,44.0,2.0,0.0
2020-06-25,31428.0,1958.0,29000.0,470.0,52.0,0.0,0.0
2020-06-26,31486.0,1962.0,29000.0,524.0,58.0,4.0,0.0
2020-06-27,31555.0,1962.0,29100.0,493.0,69.0,0.0,100.0
2020-06-28,31617.0,1962.0,29100.0,555.0,62.0,0.0,0.0
2020-06-29,31652.0,1962.0,29100.0,590.0,35.0,0.0,0.0
2020-06-30,31714.0,1963.0,29200.0,551.0,62.0,1.0,100.0
2020-07-01,31851.0,1965.0,29200.0,686.0,137.0,2.0,0.0
2020-07-02,31967.0,1965.0,29200.0,802.0,116.0,0.0,0.0
2020-07-03,32101.0,1965.0,29200.0,936.0,134.0,0.0,0.0
2020-07-04,32198.0,1965.0,29200.0,1033.0,97.0,0.0,0.0
2020-07-05,32268.0,1965.0,29300.0,1003.0,70.0,0.0,100.0
2020-07-06,32315.0,1965.0,29300.0,1050.0,47.0,0.0,0.0
2020-07-07,32369.0,1966.0,29300.0,1103.0,54.0,1.0,0.0
2020-07-08,32498.0,1966.0,29400.0,1132.0,129.0,0.0,100.0
2020-07-09,32586.0,1966.0,29400.0,1220.0,88.0,0.0,0.0
2020-07-10,32690.0,1966.0,29400.0,1324.0,104.0,0.0,0.0
2020-07-11,32817.0,1968.0,29500.0,1349.0,127.0,2.0,100.0
2020-07-12,32883.0,1968.0,29600.0,1315.0,66.0,0.0,100.0
2020-07-13,32946.0,1968.0,29600.0,1378.0,63.0,0.0,0.0
2020-07-14,33016.0,1968.0,29800.0,1248.0,70.0,0.0,200.0
2020-07-15,33148.0,1968.0,29800.0,1380.0,132.0,0.0,0.0
2020-07-16,33290.0,1969.0,29900.0,1421.0,142.0,1.0,100.0
2020-07-17,33382.0,1969.0,29900.0,1513.0,92.0,0.0,0.0
2020-07-18,33492.0,1969.0,29900.0,1623.0,110.0,0.0,0.0
2020-07-19,33591.0,1969.0,30300.0,1322.0,99.0,0.0,400.0
2020-07-20,33634.0,1971.0,30300.0,1363.0,43.0,2.0,0.0
2020-07-21,33742.0,1972.0,30300.0,1470.0,108.0,1.0,0.0
2020-07-22,33883.0,1972.0,30500.0,1411.0,141.0,0.0,200.0
2020-07-23,34000.0,1975.0,30500.0,1525.0,117.0,3.0,0.0
2020-07-24,34154.0,1977.0,30500.0,1677.0,154.0,2.0,0.0
2020-07-25,34302.0,1977.0,30500.0,1825.0,148.0,0.0,0.0
2020-07-26,34412.0,1977.0,30700.0,1735.0,110.0,0.0,200.0
2020-07-27,34477.0,1978.0,30900.0,1599.0,65.0,1.0,200.0
2020-07-28,34609.0,1978.0,31000.0,1631.0,132.0,0.0,100.0
2020-07-29,34802.0,1979.0,31100.0,1723.0,193.0,1.0,100.0
2020-07-30,35022.0,1980.0,31100.0,1942.0,220.0,1.0,0.0
2020-07-31,35232.0,1981.0,31100.0,2151.0,210.0,1.0,0.0
2020-08-01,35412.0,1981.0,31300.0,2131.0,180.0,0.0,200.0
2020-08-02,35550.0,1981.0,31500.0,2069.0,138.0,0.0,200.0
2020-08-03,35616.0,1981.0,31500.0,2135.0,66.0,0.0,0.0
2020-08-04,35746.0,1981.0,31600.0,2165.0,130.0,0.0,100.0
2020-08-05,35927.0,1984.0,31600.0,2343.0,181.0,3.0,0.0
2020-08-06,36108.0,1985.0,31600.0,2523.0,181.0,1.0,0.0
2020-08-07,36269.0,1986.0,31600.0,2683.0,161.0,1.0,0.0
2020-08-08,36451.0,1986.0,31900.0,2565.0,182.0,0.0,300.0
2020-08-09,36603.0,1986.0,32300.0,2317.0,152.0,0.0,400.0
2020-08-10,36708.0,1987.0,32400.0,2321.0,105.0,1.0,100.0
2020-08-11,36895.0,1990.0,32400.0,2505.0,187.0,3.0,0.0
2020-08-12,37169.0,1991.0,32700.0,2478.0,274.0,1.0,300.0
2020-08-13,37403.0,1991.0,32700.0,2712.0,234.0,0.0,0.0
2020-08-14,37671.0,1991.0,32900.0,2780.0,268.0,0.0,200.0
2020-08-15,37924.0,1991.0,33200.0,2733.0,253.0,0.0,300.0
2020-08-16,38124.0,1991.0,33300.0,2833.0,200.0,0.0,100.0
2020-08-17,38252.0,1991.0,33300.0,2961.0,128.0,0.0,0.0
2020-08-18,38449.0,1992.0,33500.0,2957.0,197.0,1.0,200.0
2020-08-19,38760.0,1996.0,33500.0,3264.0,311.0,4.0,0.0
2020-08-20,39026.0,1998.0,33900.0,3128.0,266.0,2.0,400.0
2020-08-21,39332.0,2000.0,33900.0,3432.0,306.0,2.0,0.0
2020-08-22,39627.0,2000.0,34100.0,3527.0,295.0,0.0,200.0
2020-08-23,39903.0,2001.0,34400.0,3502.0,276.0,1.0,300.0
