date,confirmed,deaths,recovered,active,new_confirmed,new_deaths,new_recovered
2020-03-22,1.0,0.0,0.0,1.0,,,
2020-03-23,1.0,0.0,0.0,1.0,0.0,0.0,0.0
2020-03-24,1.0,0.0,0.0,1.0,0.0,0.0,0.0
2020-03-25,5.0,0.0,0.0,5.0,4.0,0.0,0.0
2020-03-26,5.0,0.0,0.0,5.0,0.0,0.0,0.0
2020-03-27,5.0,0.0,0.0,5.0,0.0,0.0,0.0
2020-03-28,5.0,0.0,0.0,5.0,0.0,0.0,0.0
2020-03-29,9.0,1.0,0.0,8.0,4.0,1.0,0.0
2020-03-30,10.0,2.0,0.0,8.0,1.0,1.0,0.0
2020-03-31,10.0,2.0,0.0,8.0,0.0,0.0,0.0
2020-04-01,10.0,2.0,0.0,8.0,0.0,0.0,0.0
2020-04-02,16.0,2.0,0.0,14.0,6.0,0.0,0.0
2020-04-03,16.0,2.0,0.0,14.0,0.0,0.0,0.0
2020-04-04,16.0,2.0,2.0,12.0,0.0,0.0,2.0
2020-04-05,19.0,2.0,2.0,15.0,3.0,0.0,0.0
2020-04-06,19.0,2.0,2.0,15.0,0.0,0.0,0.0
2020-04-07,19.0,2.0,3.0,14.0,0.0,0.0,1.0
2020-04-08,19.0,2.0,4.0,13.0,0.0,0.0,1.0
2020-04-09,19.0,2.0,4.0,13.0,0.0,0.0,0.0
2020-04-10,19.0,2.0,4.0,13.0,0.0,0.0,0.0
2020-04-11,25.0,2.0,5.0,18.0,6.0,0.0,1.0
2020-04-12,25.0,2.0,5.0,18.0,0.0,0.0,0.0
2020-04-13,25.0,2.0,5.0,18.0,0.0,0.0,0.0
2020-04-14,29.0,2.0,5.0,22.0,4.0,0.0,0.0
2020-04-15,33.0,2.0,5.0,26.0,4.0,0.0,0.0
2020-04-16,33.0,2.0,5.0,26.0,0.0,0.0,0.0
2020-04-17,38.0,2.0,5.0,31.0,5.0,0.0,0.0
2020-04-18,38.0,2.0,5.0,31.0,0.0,0.0,0.0
2020-04-19,39.0,3.0,5.0,31.0,1.0,1.0,0.0
2020-04-20,39.0,3.0,5.0,31.0,0.0,0.0,0.0
2020-04-21,42.0,3.0,6.0,33.0,3.0,0.0,1.0
2020-04-22,42.0,3.0,6.0,33.0,0.0,0.0,0.0
2020-04-23,42.0,3.0,6.0,33.0,0.0,0.0,0.0
2020-04-24,42.0,3.0,6.0,33.0,0.0,0.0,0.0
2020-04-25,42.0,3.0,11.0,28.0,0.0,0.0,5.0
2020-04-26,43.0,3.0,14.0,26.0,1.0,0.0,3.0
2020-04-27,43.0,3.0,19.0,21.0,0.0,0.0,5.0
2020-04-28,43.0,3.0,21.0,19.0,0.0,0.0,2.0
2020-04-29,43.0,3.0,21.0,19.0,0.0,0.0,0.0
2020-04-30,43.0,3.0,21.0,19.0,0.0,0.0,0.0
2020-05-01,44.0,3.0,27.0,14.0,1.0,0.0,6.0
2020-05-02,44.0,3.0,27.0,14.0,0.0,0.0,0.0
2020-05-03,44.0,3.0,27.0,14.0,0.0,0.0,0.0
2020-05-04,44.0,3.0,27.0,14.0,0.0,0.0,0.0
2020-05-05,44.0,3.0,27.0,14.0,0.0,0.0,0.0
2020-05-06,45.0,3.0,27.0,15.0,1.0,0.0,0.0
2020-05-07,45.0,3.0,27.0,15.0,0.0,0.0,0.0
2020-05-08,47.0,3.0,29.0,15.0,2.0,0.0,2.0
2020-05-09,47.0,3.0,29.0,15.0,0.0,0.0,0.0
2020-05-10,47.0,3.0,29.0,15.0,0.0,0.0,0.0
2020-05-11,47.0,3.0,29.0,15.0,0.0,0.0,0.0
2020-05-12,47.0,3.0,29.0,15.0,0.0,0.0,0.0
2020-05-13,48.0,3.0,29.0,16.0,1.0,0.0,0.0
2020-05-14,48.0,3.0,29.0,16.0,0.0,0.0,0.0
2020-05-15,50.0,3.0,36.0,11.0,2.0,0.0,7.0
2020-05-16,51.0,3.0,36.0,12.0,1.0,0.0,0.0
2020-05-17,58.0,3.0,36.0,19.0,7.0,0.0,0.0
2020-05-18,58.0,3.0,36.0,19.0,0.0,0.0,0.0
2020-05-19,58.0,3.0,36.0,19.0,0.0,0.0,0.0
2020-05-20,58.0,3.0,36.0,19.0,0.0,0.0,0.0
2020-05-21,58.0,3.0,36.0,19.0,0.0,0.0,0.0
2020-05-22,59.0,4.0,37.0,18.0,1.0,1.0,1.0
2020-05-23,70.0,4.0,37.0,29.0,11.0,0.0,0.0
2020-05-24,86.0,4.0,41.0,41.0,16.0,0.0,4.0
2020-05-25,106.0,4.0,41.0,61.0,20.0,0.0,0.0
2020-05-26,121.0,4.0,41.0,76.0,15.0,0.0,0.0
2020-05-27,121.0,4.0,43.0,74.0,0.0,0.0,2.0
2020-05-28,122.0,4.0,43.0,75.0,1.0,0.0,0.0
2020-05-29,122.0,4.0,43.0,75.0,0.0,0.0,0.0
2020-05-30,122.0,4.0,43.0,75.0,0.0,0.0,0.0
2020-05-31,122.0,5.0,46.0,71.0,0.0,1.0,3.0
2020-06-01,123.0,5.0,46.0,72.0,1.0,0.0,0.0
2020-06-02,123.0,6.0,50.0,67.0,0.0,1.0,4.0
2020-06-03,123.0,6.0,53.0,64.0,0.0,0.0,3.0
2020-06-04,124.0,6.0,53.0,65.0,1.0,0.0,0.0
2020-06-05,124.0,6.0,53.0,65.0,0.0,0.0,0.0
2020-06-06,125.0,6.0,58.0,61.0,1.0,0.0,5.0
2020-06-07,141.0,6.0,58.0,77.0,16.0,0.0,0.0
2020-06-08,144.0,6.0,62.0,76.0,3.0,0.0,4.0
2020-06-09,146.0,6.0,62.0,78.0,2.0,0.0,0.0
2020-06-10,152.0,6.0,68.0,78.0,6.0,0.0,6.0
2020-06-11,164.0,6.0,68.0,90.0,12.0,0.0,0.0
2020-06-12,164.0,6.0,68.0,90.0,0.0,0.0,0.0
2020-06-13,170.0,6.0,71.0,93.0,6.0,0.0,3.0
2020-06-14,177.0,6.0,74.0,97.0,7.0,0.0,3.0
2020-06-15,177.0,6.0,78.0,93.0,0.0,0.0,4.0
2020-06-16,177.0,6.0,78.0,93.0,0.0,0.0,0.0
2020-06-17,178.0,7.0,78.0,93.0,1.0,1.0,0.0
2020-06-18,187.0,7.0,78.0,102.0,9.0,0.0,0.0
2020-06-19,187.0,7.0,78.0,102.0,0.0,0.0,0.0
2020-06-20,198.0,7.0,83.0,108.0,11.0,0.0,5.0
2020-06-21,204.0,7.0,83.0,114.0,6.0,0.0,0.0
2020-06-22,219.0,7.0,83.0,129.0,15.0,0.0,0.0
2020-06-23,231.0,7.0,94.0,130.0,12.0,0.0,11.0
2020-06-24,231.0,7.0,94.0,130.0,0.0,0.0,0.0
2020-06-25,242.0,7.0,96.0,139.0,11.0,0.0,2.0
2020-06-26,255.0,8.0,102.0,145.0,13.0,1.0,6.0
2020-06-27,256.0,9.0,102.0,145.0,1.0,1.0,0.0
2020-06-28,256.0,9.0,102.0,145.0,0.0,0.0,0.0
2020-06-29,269.0,9.0,102.0,158.0,13.0,0.0,0.0
2020-06-30,279.0,9.0,105.0,165.0,10.0,0.0,3.0
2020-07-01,293.0,9.0,110.0,174.0,14.0,0.0,5.0
2020-07-02,312.0,9.0,113.0,190.0,19.0,0.0,3.0
2020-07-03,328.0,10.0,123.0,195.0,16.0,1.0,10.0
2020-07-04,338.0,10.0,123.0,205.0,10.0,0.0,0.0
2020-07-05,358.0,13.0,126.0,219.0,20.0,3.0,3.0
2020-07-06,372.0,14.0,126.0,232.0,14.0,1.0,0.0
2020-07-07,372.0,14.0,126.0,232.0,0.0,0.0,0.0
2020-07-08,372.0,14.0,126.0,232.0,0.0,0.0,0.0
2020-07-09,372.0,14.0,126.0,232.0,0.0,0.0,0.0
2020-07-10,394.0,16.0,126.0,252.0,22.0,2.0,0.0
2020-07-11,394.0,16.0,126.0,252.0,0.0,0.0,0.0
2020-07-12,394.0,16.0,126.0,252.0,0.0,0.0,0.0
2020-07-13,417.0,19.0,136.0,262.0,23.0,3.0,10.0
2020-07-14,439.0,21.0,138.0,280.0,22.0,2.0,2.0
2020-07-15,458.0,22.0,140.0,296.0,19.0,1.0,2.0
2020-07-16,477.0,22.0,140.0,315.0,19.0,0.0,0.0
2020-07-17,496.0,25.0,144.0,327.0,19.0,3.0,4.0
2020-07-18,496.0,25.0,144.0,327.0,0.0,0.0,0.0
2020-07-19,496.0,25.0,144.0,327.0,0.0,0.0,0.0
2020-07-20,522.0,29.0,154.0,339.0,26.0,4.0,10.0
2020-07-21,540.0,31.0,160.0,349.0,18.0,2.0,6.0
2020-07-22,561.0,32.0,165.0,364.0,21.0,1.0,5.0
2020-07-23,584.0,35.0,174.0,375.0,23.0,3.0,9.0
2020-07-24,608.0,35.0,184.0,389.0,24.0,0.0,10.0
2020-07-25,627.0,36.0,191.0,400.0,19.0,1.0,7.0
2020-07-26,650.0,38.0,200.0,412.0,23.0,2.0,9.0
2020-07-27,674.0,40.0,210.0,424.0,24.0,2.0,10.0
2020-07-28,694.0,40.0,220.0,434.0,20.0,0.0,10.0
2020-07-29,717.0,40.0,229.0,448.0,23.0,0.0,9.0
2020-07-30,738.0,41.0,229.0,468.0,21.0,1.0,0.0
2020-07-31,757.0,43.0,237.0,477.0,19.0,2.0,8.0
2020-08-01,780.0,43.0,237.0,500.0,23.0,0.0,0.0
2020-08-02,809.0,44.0,256.0,509.0,29.0,1.0,19.0
2020-08-03,847.0,46.0,268.0,533.0,38.0,2.0,12.0
2020-08-04,892.0,46.0,283.0,563.0,45.0,0.0,15.0
2020-08-05,944.0,48.0,296.0,600.0,52.0,2.0,13.0
2020-08-06,999.0,48.0,311.0,640.0,55.0,0.0,15.0
2020-08-07,1060.0,48.0,311.0,701.0,61.0,0.0,0.0
2020-08-08,1125.0,50.0,331.0,744.0,65.0,2.0,20.0
2020-08-09,1188.0,52.0,346.0,790.0,63.0,2.0,15.0
2020-08-10,1255.0,52.0,364.0,839.0,67.0,0.0,18.0
2020-08-11,1327.0,53.0,385.0,889.0,72.0,1.0,21.0
2020-08-12,1327.0,53.0,385.0,889.0,0.0,0.0,0.0
2020-08-13,1432.0,55.0,395.0,982.0,105.0,2.0,10.0
2020-08-14,1515.0,58.0,403.0,1054.0,83.0,3.0,8.0
2020-08-15,1593.0,60.0,408.0,1125.0,78.0,2.0,5.0
2020-08-16,1677.0,64.0,417.0,1196.0,84.0,4.0,9.0
2020-08-17,1764.0,68.0,425.0,1271.0,87.0,4.0,8.0
2020-08-18,1844.0,73.0,425.0,1346.0,80.0,5.0,0.0
2020-08-19,1927.0,78.0,445.0,1404.0,83.0,5.0,20.0
2020-08-20,2008.0,82.0,460.0,1466.0,81.0,4.0,15.0
2020-08-21,2073.0,83.0,475.0,1515.0,65.0,1.0,15.0
2020-08-22,2143.0,85.0,490.0,1568.0,70.0,2.0,15.0
2020-08-23,2217.0,89.0,505.0,1623.0,74.0,4.0,15.0
2020-08-24,2293.0,92.0,519.0,1682.0,76.0,3.0,14.0
2020-08-25,2365.0,95.0,533.0,1737.0,72.0,3.0,14.0
2020-08-26,2440.0,98.0,550.0,1792.0,75.0,3.0,17.0
2020-08-27,2504.0,100.0,569.0,1835.0,64.0,2.0,19.0
2020-08-28,2563.0,103.0,584.0,1876.0,59.0,3.0,15.0
2020-08-29,2628.0,106.0,599.0,1923.0,65.0,3.0,15.0
2020-08-30,2703.0,109.0,614.0,1980.0,75.0,3.0,15.0
2020-08-31,2765.0,112.0,629.0,2024.0,62.0,3.0,15.0
2020-09-01,2830.0,116.0,646.0,2068.0,65.0,4.0,17.0
2020-09-02,2898.0,120.0,661.0,2117.0,68.0,4.0,15.0
2020-09-03,2973.0,124.0,681.0,2168.0,75.0,4.0,20.0
2020-09-04,3041.0,127.0,698.0,2216.0,68.0,3.0,17.0
2020-09-05,3104.0,130.0,715.0,2259.0,63.0,3.0,17.0
2020-09-06,3171.0,134.0,730.0,2307.0,67.0,4.0,15.0
2020-09-07,3229.0,137.0,744.0,2348.0,58.0,3.0,14.0
2020-09-08,3289.0,140.0,760.0,2389.0,60.0,3.0,16.0
2020-09-09,3351.0,143.0,780.0,2428.0,62.0,3.0,20.0
2020-09-10,3416.0,147.0,797.0,2472.0,65.0,4.0,17.0
2020-09-11,3476.0,150.0,812.0,2514.0,60.0,3.0,15.0
2020-09-12,3506.0,152.0,827.0,2527.0,30.0,2.0,15.0
2020-09-13,3540.0,155.0,842.0,2543.0,34.0,3.0,15.0
2020-09-14,3576.0,157.0,858.0,2561.0,36.0,2.0,16.0
2020-09-15,3614.0,160.0,871.0,2583.0,38.0,3.0,13.0
2020-09-16,3654.0,163.0,889.0,2602.0,40.0,3.0,18.0
2020-09-17,3691.0,165.0,903.0,2623.0,37.0,2.0,14.0
2020-09-18,3731.0,168.0,918.0,2645.0,40.0,3.0,15.0
