date,confirmed,deaths,recovered,active,new_confirmed,new_deaths,new_recovered
2020-01-22,1.0,0.0,0.0,0.0,,,
2020-01-23,1.0,0.0,0.0,0.0,0.0,0.0,0.0
2020-01-24,3.0,0.0,0.0,0.0,2.0,0.0,0.0
2020-01-25,3.0,0.0,0.0,0.0,0.0,0.0,0.0
2020-01-26,4.0,0.0,0.0,0.0,1.0,0.0,0.0
2020-01-27,5.0,0.0,0.0,0.0,1.0,0.0,0.0
2020-01-28,8.0,0.0,0.0,0.0,3.0,0.0,0.0
2020-01-29,8.0,0.0,0.0,0.0,0.0,0.0,0.0
2020-01-30,9.0,0.0,0.0,0.0,1.0,0.0,0.0
2020-01-31,10.0,0.0,0.0,0.0,1.0,0.0,0.0
2020-02-01,10.0,0.0,0.0,10.0,0.0,0.0,0.0
2020-02-02,10.0,0.0,0.0,10.0,0.0,0.0,0.0
2020-02-03,10.0,0.0,0.0,10.0,0.0,0.0,0.0
2020-02-04,11.0,0.0,0.0,11.0,1.0,0.0,0.0
2020-02-05,11.0,0.0,0.0,11.0,0.0,0.0,0.0
2020-02-06,16.0,0.0,1.0,15.0,5.0,0.0,1.0
2020-02-07,16.0,0.0,1.0,15.0,0.0,0.0,0.0
2020-02-08,17.0,0.0,1.0,16.0,1.0,0.0,0.0
2020-02-09,18.0,0.0,1.0,17.0,1.0,0.0,0.0
2020-02-10,18.0,0.0,1.0,17.0,0.0,0.0,0.0
2020-02-11,18.0,0.0,1.0,17.0,0.0,0.0,0.0
2020-02-12,18.0,0.0,1.0,17.0,0.0,0.0,0.0
2020-02-13,18.0,0.0,1.0,17.0,0.0,0.0,0.0
2020-02-14,18.0,0.0,2.0,16.0,0.0,0.0,1.0
2020-02-15,18.0,0.0,2.0,16.0,0.0,0.0,0.0
2020-02-16,20.0,1.0,2.0,17.0,2.0,1.0,0.0
2020-02-17,22.0,1.0,2.0,19.0,2.0,0.0,0.0
2020-02-18,22.0,1.0,2.0,19.0,0.0,0.0,0.0
2020-02-19,23.0,1.0,2.0,20.0,1.0,0.0,0.0
2020-02-20,24.0,1.0,2.0,21.0,1.0,0.0,0.0
2020-02-21,26.0,1.0,2.0,23.0,2.0,0.0,0.0
2020-02-22,26.0,1.0,2.0,23.0,0.0,0.0,0.0
2020-02-23,28.0,1.0,2.0,25.0,2.0,0.0,0.0
2020-02-24,30.0,1.0,5.0,24.0,2.0,0.0,3.0
2020-02-25,31.0,1.0,5.0,25.0,1.0,0.0,0.0
2020-02-26,32.0,1.0,5.0,26.0,1.0,0.0,0.0
2020-02-27,32.0,1.0,5.0,26.0,0.0,0.0,0.0
2020-02-28,34.0,1.0,6.0,27.0,2.0,0.0,1.0
2020-02-29,39.0,1.0,9.0,29.0,5.0,0.0,3.0
2020-03-01,40.0,1.0,9.0,30.0,1.0,0.0,0.0
2020-03-02,41.0,1.0,12.0,28.0,1.0,0.0,3.0
2020-03-03,42.0,1.0,12.0,29.0,1.0,0.0,0.0
2020-03-04,42.0,1.0,12.0,29.0,0.0,0.0,0.0
2020-03-05,44.0,1.0,12.0,31.0,2.0,0.0,0.0
2020-03-06,45.0,1.0,12.0,32.0,1.0,0.0,0.0
2020-03-07,45.0,1.0,12.0,32.0,0.0,0.0,0.0
2020-03-08,45.0,1.0,13.0,31.0,0.0,0.0,1.0
2020-03-09,45.0,1.0,15.0,29.0,0.0,0.0,2.0
2020-03-11,48.0,1.0,17.0,30.0,3.0,0.0,2.0
2020-03-12,49.0,1.0,20.0,28.0,1.0,0.0,3.0
2020-03-13,50.0,1.0,20.0,29.0,1.0,0.0,0.0
2020-03-14,53.0,1.0,20.0,32.0,3.0,0.0,0.0
2020-03-15,59.0,1.0,20.0,38.0,6.0,0.0,0.0
2020-03-16,67.0,1.0,20.0,46.0,8.0,0.0,0.0
2020-03-17,77.0,1.0,22.0,54.0,10.0,0.0,2.0
2020-03-18,100.0,1.0,22.0,77.0,23.0,0.0,0.0
2020-03-19,108.0,1.0,26.0,81.0,8.0,0.0,4.0
2020-03-20,135.0,2.0,26.0,107.0,27.0,1.0,0.0
2020-03-21,153.0,2.0,28.0,123.0,18.0,0.0,2.0
2020-03-22,169.0,2.0,28.0,139.0,16.0,0.0,0.0
2020-03-23,195.0,2.0,28.0,165.0,26.0,0.0,0.0
2020-03-24,215.0,2.0,29.0,184.0,20.0,0.0,1.0
2020-03-25,235.0,2.0,29.0,204.0,20.0,0.0,0.0
2020-03-26,252.0,2.0,29.0,221.0,17.0,0.0,0.0
2020-03-27,267.0,2.0,29.0,236.0,15.0,0.0,0.0
2020-03-28,283.0,2.0,30.0,251.0,16.0,0.0,1.0
2020-03-29,298.0,2.0,30.0,266.0,15.0,0.0,0.0
2020-03-30,306.0,5.0,39.0,262.0,8.0,3.0,9.0
2020-03-31,322.0,5.0,39.0,278.0,16.0,0.0,0.0
2020-04-01,329.0,5.0,39.0,285.0,7.0,0.0,0.0
2020-04-02,339.0,5.0,45.0,289.0,10.0,0.0,6.0
2020-04-03,348.0,5.0,50.0,293.0,9.0,0.0,5.0
2020-04-04,355.0,5.0,50.0,300.0,7.0,0.0,0.0
2020-04-05,363.0,5.0,50.0,308.0,8.0,0.0,0.0
2020-04-06,373.0,5.0,57.0,311.0,10.0,0.0,7.0
2020-04-07,376.0,5.0,57.0,314.0,3.0,0.0,0.0
2020-04-08,379.0,5.0,61.0,313.0,3.0,0.0,4.0
2020-04-09,380.0,5.0,67.0,308.0,1.0,0.0,6.0
2020-04-10,382.0,6.0,91.0,285.0,2.0,1.0,24.0
2020-04-11,385.0,6.0,99.0,280.0,3.0,0.0,8.0
2020-04-12,388.0,6.0,109.0,273.0,3.0,0.0,10.0
2020-04-13,393.0,6.0,109.0,278.0,5.0,0.0,0.0
2020-04-14,393.0,6.0,124.0,263.0,0.0,0.0,15.0
2020-04-15,395.0,6.0,124.0,265.0,2.0,0.0,0.0
2020-04-16,395.0,6.0,155.0,234.0,0.0,0.0,31.0
2020-04-17,395.0,6.0,166.0,223.0,0.0,0.0,11.0
2020-04-18,398.0,6.0,178.0,214.0,3.0,0.0,12.0
2020-04-19,420.0,6.0,189.0,225.0,22.0,0.0,11.0
2020-04-20,422.0,6.0,203.0,213.0,2.0,0.0,14.0
2020-04-21,425.0,6.0,217.0,202.0,3.0,0.0,14.0
2020-04-22,426.0,6.0,236.0,184.0,1.0,0.0,19.0
2020-04-23,427.0,6.0,253.0,168.0,1.0,0.0,17.0
2020-04-24,428.0,6.0,264.0,158.0,1.0,0.0,11.0
2020-04-25,429.0,6.0,275.0,148.0,1.0,0.0,11.0
2020-04-26,429.0,6.0,281.0,142.0,0.0,0.0,6.0
2020-04-27,429.0,6.0,290.0,133.0,0.0,0.0,9.0
2020-04-28,429.0,6.0,307.0,116.0,0.0,0.0,17.0
2020-04-29,429.0,6.0,311.0,112.0,0.0,0.0,4.0
2020-04-30,429.0,6.0,322.0,101.0,0.0,0.0,11.0
2020-05-01,429.0,6.0,324.0,99.0,0.0,0.0,2.0
2020-05-02,432.0,6.0,324.0,102.0,3.0,0.0,0.0
2020-05-03,436.0,6.0,332.0,98.0,4.0,0.0,8.0
2020-05-04,438.0,6.0,334.0,98.0,2.0,0.0,2.0
2020-05-05,438.0,6.0,334.0,98.0,0.0,0.0,0.0
2020-05-06,439.0,6.0,339.0,94.0,1.0,0.0,5.0
2020-05-07,440.0,6.0,347.0,87.0,1.0,0.0,8.0
2020-05-08,440.0,6.0,355.0,79.0,0.0,0.0,8.0
2020-05-09,440.0,6.0,361.0,73.0,0.0,0.0,6.0
2020-05-10,440.0,6.0,366.0,68.0,0.0,0.0,5.0
2020-05-11,440.0,7.0,368.0,65.0,0.0,1.0,2.0
2020-05-12,440.0,7.0,372.0,61.0,0.0,0.0,4.0
2020-05-13,440.0,7.0,375.0,58.0,0.0,0.0,3.0
2020-05-14,440.0,7.0,383.0,50.0,0.0,0.0,8.0
2020-05-15,440.0,7.0,387.0,46.0,0.0,0.0,4.0
2020-05-16,440.0,7.0,389.0,44.0,0.0,0.0,2.0
2020-05-17,440.0,7.0,395.0,38.0,0.0,0.0,6.0
2020-05-18,440.0,7.0,398.0,35.0,0.0,0.0,3.0
2020-05-19,440.0,7.0,398.0,35.0,0.0,0.0,0.0
2020-05-20,440.0,7.0,398.0,35.0,0.0,0.0,0.0
2020-05-21,440.0,7.0,398.0,35.0,0.0,0.0,0.0
2020-05-22,441.0,7.0,408.0,26.0,1.0,0.0,10.0
2020-05-23,441.0,7.0,411.0,23.0,0.0,0.0,3.0
2020-05-24,441.0,7.0,414.0,20.0,0.0,0.0,3.0
2020-05-25,441.0,7.0,415.0,19.0,0.0,0.0,1.0
2020-05-26,441.0,7.0,416.0,18.0,0.0,0.0,1.0
2020-05-27,441.0,7.0,419.0,15.0,0.0,0.0,3.0
2020-05-28,441.0,7.0,420.0,14.0,0.0,0.0,1.0
2020-05-29,442.0,7.0,420.0,15.0,1.0,0.0,0.0
2020-05-30,442.0,7.0,421.0,14.0,0.0,0.0,1.0
2020-05-31,442.0,7.0,423.0,12.0,0.0,0.0,2.0
2020-06-01,443.0,7.0,427.0,9.0,1.0,0.0,4.0
2020-06-02,443.0,7.0,427.0,9.0,0.0,0.0,0.0
2020-06-03,443.0,7.0,428.0,8.0,0.0,0.0,1.0
2020-06-04,443.0,7.0,428.0,8.0,0.0,0.0,0.0
2020-06-05,443.0,7.0,429.0,7.0,0.0,0.0,1.0
2020-06-06,443.0,7.0,429.0,7.0,0.0,0.0,0.0
2020-06-07,443.0,7.0,430.0,6.0,0.0,0.0,1.0
2020-06-08,443.0,7.0,430.0,6.0,0.0,0.0,0.0
2020-06-09,443.0,7.0,431.0,5.0,0.0,0.0,1.0
2020-06-10,443.0,7.0,431.0,5.0,0.0,0.0,0.0
2020-06-11,443.0,7.0,431.0,5.0,0.0,0.0,0.0
2020-06-12,443.0,7.0,431.0,5.0,0.0,0.0,0.0
2020-06-13,443.0,7.0,431.0,5.0,0.0,0.0,0.0
2020-06-14,443.0,7.0,431.0,5.0,0.0,0.0,0.0
2020-06-15,445.0,7.0,433.0,5.0,2.0,0.0,2.0
2020-06-16,445.0,7.0,433.0,5.0,0.0,0.0,0.0
2020-06-17,445.0,7.0,434.0,4.0,0.0,0.0,1.0
2020-06-18,446.0,7.0,434.0,5.0,1.0,0.0,0.0
2020-06-19,446.0,7.0,434.0,5.0,0.0,0.0,0.0
2020-06-20,446.0,7.0,434.0,5.0,0.0,0.0,0.0
2020-06-21,446.0,7.0,434.0,5.0,0.0,0.0,0.0
2020-06-22,446.0,7.0,435.0,4.0,0.0,0.0,1.0
2020-06-23,446.0,7.0,435.0,4.0,0.0,0.0,0.0
2020-06-24,446.0,7.0,435.0,4.0,0.0,0.0,0.0
2020-06-25,447.0,7.0,435.0,5.0,1.0,0.0,0.0
2020-06-26,447.0,7.0,435.0,5.0,0.0,0.0,0.0
2020-06-27,447.0,7.0,435.0,5.0,0.0,0.0,0.0
2020-06-28,447.0,7.0,435.0,5.0,0.0,0.0,0.0
2020-06-29,447.0,7.0,435.0,5.0,0.0,0.0,0.0
2020-06-30,447.0,7.0,437.0,3.0,0.0,0.0,2.0
2020-07-01,447.0,7.0,438.0,2.0,0.0,0.0,1.0
2020-07-02,448.0,7.0,438.0,3.0,1.0,0.0,0.0
2020-07-03,449.0,7.0,438.0,4.0,1.0,0.0,0.0
2020-07-04,449.0,7.0,438.0,4.0,0.0,0.0,0.0
2020-07-05,449.0,7.0,438.0,4.0,0.0,0.0,0.0
2020-07-06,449.0,7.0,438.0,4.0,0.0,0.0,0.0
2020-07-07,449.0,7.0,438.0,4.0,0.0,0.0,0.0
2020-07-08,449.0,7.0,438.0,4.0,0.0,0.0,0.0
2020-07-09,449.0,7.0,438.0,4.0,0.0,0.0,0.0
2020-07-10,449.0,7.0,438.0,4.0,0.0,0.0,0.0
2020-07-11,451.0,7.0,438.0,6.0,2.0,0.0,0.0
2020-07-12,451.0,7.0,438.0,6.0,0.0,0.0,0.0
2020-07-13,451.0,7.0,438.0,6.0,0.0,0.0,0.0
2020-07-14,451.0,7.0,440.0,4.0,0.0,0.0,2.0
2020-07-15,451.0,7.0,440.0,4.0,0.0,0.0,0.0
2020-07-16,451.0,7.0,440.0,4.0,0.0,0.0,0.0
2020-07-17,451.0,7.0,440.0,4.0,0.0,0.0,0.0
2020-07-18,451.0,7.0,440.0,4.0,0.0,0.0,0.0
2020-07-19,451.0,7.0,440.0,4.0,0.0,0.0,0.0
2020-07-20,451.0,7.0,440.0,4.0,0.0,0.0,0.0
2020-07-21,451.0,7.0,440.0,4.0,0.0,0.0,0.0
2020-07-22,455.0,7.0,440.0,8.0,4.0,0.0,0.0
2020-07-23,455.0,7.0,440.0,8.0,0.0,0.0,0.0
2020-07-24,458.0,7.0,440.0,11.0,3.0,0.0,0.0
2020-07-25,458.0,7.0,440.0,11.0,0.0,0.0,0.0
2020-07-26,458.0,7.0,440.0,11.0,0.0,0.0,0.0
2020-07-27,462.0,7.0,440.0,15.0,4.0,0.0,0.0
2020-07-28,467.0,7.0,440.0,20.0,5.0,0.0,0.0
2020-07-29,467.0,7.0,440.0,20.0,0.0,0.0,0.0
2020-07-30,467.0,7.0,440.0,20.0,0.0,0.0,0.0
2020-07-31,467.0,7.0,440.0,20.0,0.0,0.0,0.0
2020-08-01,474.0,7.0,441.0,26.0,7.0,0.0,1.0
2020-08-02,475.0,7.0,441.0,27.0,1.0,0.0,0.0
2020-08-03,474.0,7.0,441.0,26.0,-1.0,0.0,0.0
2020-08-04,476.0,7.0,441.0,28.0,2.0,0.0,0.0
2020-08-05,476.0,7.0,441.0,28.0,0.0,0.0,0.0
2020-08-06,477.0,7.0,441.0,29.0,1.0,0.0,0.0
2020-08-07,477.0,7.0,441.0,29.0,0.0,0.0,0.0
2020-08-08,479.0,7.0,441.0,31.0,2.0,0.0,0.0
2020-08-09,477.0,7.0,441.0,29.0,-2.0,0.0,0.0
2020-08-10,477.0,7.0,441.0,29.0,0.0,0.0,0.0
2020-08-11,480.0,7.0,443.0,30.0,3.0,0.0,2.0
2020-08-12,481.0,7.0,450.0,24.0,1.0,0.0,7.0
2020-08-13,481.0,7.0,450.0,24.0,0.0,0.0,0.0
2020-08-14,481.0,7.0,450.0,24.0,0.0,0.0,0.0
2020-08-15,482.0,7.0,450.0,25.0,1.0,0.0,0.0
2020-08-16,484.0,7.0,450.0,27.0,2.0,0.0,0.0
2020-08-17,485.0,7.0,450.0,28.0,1.0,0.0,0.0
2020-08-18,486.0,7.0,450.0,29.0,1.0,0.0,0.0
2020-08-19,486.0,7.0,457.0,22.0,0.0,0.0,7.0
2020-08-20,486.0,7.0,457.0,22.0,0.0,0.0,0.0
2020-08-21,487.0,7.0,457.0,23.0,1.0,0.0,0.0
2020-08-22,487.0,7.0,457.0,23.0,0.0,0.0,0.0
2020-08-23,487.0,7.0,457.0,23.0,0.0,0.0,0.0
2020-08-24,487.0,7.0,457.0,23.0,0.0,0.0,0.0
2020-08-25,487.0,7.0,457.0,23.0,0.0,0.0,0.0
2020-08-26,487.0,7.0,462.0,18.0,0.0,0.0,5.0
2020-08-27,487.0,7.0,462.0,18.0,0.0,0.0,0.0
2020-08-28,487.0,7.0,462.0,18.0,0.0,0.0,0.0
2020-08-29,488.0,7.0,462.0,19.0,1.0,0.0,0.0
2020-08-30,488.0,7.0,462.0,19.0,0.0,0.0,0.0
2020-08-31,488.0,7.0,462.0,19.0,0.0,0.0,0.0
2020-09-01,488.0,7.0,462.0,19.0,0.0,0.0,0.0
2020-09-02,489.0,7.0,471.0,11.0,1.0,0.0,9.0
2020-09-03,489.0,7.0,471.0,11.0,0.0,0.0,0.0
2020-09-04,490.0,7.0,471.0,12.0,1.0,0.0,0.0
2020-09-05,492.0,7.0,473.0,12.0,2.0,0.0,2.0
