date,confirmed,deaths,recovered,active,new_confirmed,new_deaths,new_recovered
2020-04-30,15.0,0.0,0.0,15.0,,,
2020-05-01,15.0,0.0,0.0,15.0,0.0,0.0,0.0
2020-05-02,76.0,2.0,0.0,74.0,61.0,2.0,0.0
2020-05-03,128.0,2.0,0.0,126.0,52.0,0.0,0.0
2020-05-04,230.0,3.0,0.0,227.0,102.0,1.0,0.0
2020-05-05,293.0,5.0,0.0,288.0,63.0,2.0,0.0
2020-05-06,379.0,8.0,0.0,371.0,86.0,3.0,0.0
2020-05-07,461.0,12.0,0.0,449.0,82.0,4.0,0.0
2020-05-08,522.0,12.0,0.0,510.0,61.0,0.0,0.0
2020-05-09,612.0,20.0,0.0,592.0,90.0,8.0,0.0
2020-05-10,612.0,20.0,0.0,592.0,0.0,0.0,0.0
2020-05-11,661.0,21.0,0.0,640.0,49.0,1.0,0.0
2020-05-12,729.0,21.0,0.0,708.0,68.0,0.0,0.0
2020-05-13,801.0,23.0,0.0,778.0,72.0,2.0,0.0
2020-05-14,907.0,29.0,0.0,878.0,106.0,6.0,0.0
2020-05-15,1118.0,33.0,0.0,1085.0,211.0,4.0,0.0
2020-05-16,1322.0,36.0,0.0,1286.0,204.0,3.0,0.0
2020-05-17,1524.0,39.0,0.0,1485.0,202.0,3.0,0.0
2020-05-18,1729.0,41.0,0.0,1688.0,205.0,2.0,0.0
2020-05-19,1936.0,41.0,641.0,1254.0,207.0,0.0,641.0
2020-05-20,2140.0,41.0,470.0,1629.0,204.0,0.0,-171.0
2020-05-21,2350.0,44.0,470.0,1836.0,210.0,3.0,0.0
2020-05-22,2551.0,44.0,1089.0,1418.0,201.0,0.0,619.0
2020-05-23,2738.0,44.0,1223.0,1471.0,187.0,0.0,134.0
2020-05-24,2929.0,46.0,1301.0,1582.0,191.0,2.0,78.0
2020-05-25,3100.0,46.0,1395.0,1659.0,171.0,0.0,94.0
2020-05-26,3266.0,47.0,1417.0,1802.0,166.0,1.0,22.0
2020-05-27,3424.0,47.0,1575.0,1802.0,158.0,0.0,158.0
2020-05-28,3563.0,47.0,1674.0,1842.0,139.0,0.0,99.0
2020-05-29,3686.0,47.0,1769.0,1870.0,123.0,0.0,95.0
2020-05-30,3807.0,47.0,1865.0,1895.0,121.0,0.0,96.0
2020-05-31,3930.0,47.0,2004.0,1879.0,123.0,0.0,139.0
2020-06-01,4013.0,47.0,2089.0,1877.0,83.0,0.0,85.0
2020-06-02,4100.0,47.0,2217.0,1836.0,87.0,0.0,128.0
2020-06-03,4191.0,48.0,2347.0,1796.0,91.0,1.0,130.0
2020-06-04,4289.0,48.0,2401.0,1840.0,98.0,0.0,54.0
2020-06-05,4370.0,48.0,2491.0,1831.0,81.0,0.0,90.0
2020-06-06,4453.0,48.0,2583.0,1822.0,83.0,0.0,92.0
2020-06-07,4529.0,48.0,2673.0,1808.0,76.0,0.0,90.0
2020-06-08,4609.0,48.0,2763.0,1798.0,80.0,0.0,90.0
2020-06-09,4690.0,48.0,2815.0,1827.0,81.0,0.0,52.0
2020-06-10,4763.0,48.0,2947.0,1768.0,73.0,0.0,132.0
2020-06-11,4834.0,49.0,3062.0,1723.0,71.0,1.0,115.0
2020-06-12,4902.0,49.0,3158.0,1695.0,68.0,0.0,96.0
2020-06-13,4971.0,50.0,3288.0,1633.0,69.0,1.0,130.0
2020-06-14,5035.0,50.0,3409.0,1576.0,64.0,0.0,121.0
2020-06-15,5097.0,50.0,3503.0,1544.0,62.0,0.0,94.0
2020-06-16,5160.0,50.0,3624.0,1486.0,63.0,0.0,121.0
2020-06-17,5221.0,51.0,3700.0,1470.0,61.0,1.0,76.0
2020-06-18,5279.0,51.0,3762.0,1466.0,58.0,0.0,62.0
2020-06-19,5338.0,51.0,3830.0,1457.0,59.0,0.0,68.0
2020-06-20,5399.0,52.0,3894.0,1453.0,61.0,1.0,64.0
2020-06-21,5457.0,52.0,3995.0,1410.0,58.0,0.0,101.0
2020-06-22,5513.0,52.0,4039.0,1422.0,56.0,0.0,44.0
2020-06-23,5567.0,52.0,4109.0,1406.0,54.0,0.0,70.0
2020-06-24,5630.0,52.0,4194.0,1384.0,63.0,0.0,85.0
2020-06-25,5691.0,52.0,4267.0,1372.0,61.0,0.0,73.0
2020-06-26,5747.0,52.0,4331.0,1364.0,56.0,0.0,64.0
2020-06-27,5799.0,52.0,4391.0,1356.0,52.0,0.0,60.0
2020-06-28,5849.0,52.0,4448.0,1349.0,50.0,0.0,57.0
2020-06-29,5900.0,52.0,4506.0,1342.0,51.0,0.0,58.0
2020-06-30,5900.0,52.0,4506.0,1342.0,0.0,0.0,0.0
2020-07-01,6005.0,52.0,4627.0,1326.0,105.0,0.0,121.0
2020-07-02,6058.0,52.0,4690.0,1316.0,53.0,0.0,63.0
2020-07-03,6058.0,52.0,4690.0,1316.0,0.0,0.0,0.0
2020-07-04,6159.0,52.0,4809.0,1298.0,101.0,0.0,119.0
2020-07-05,6213.0,53.0,4858.0,1302.0,54.0,1.0,49.0
2020-07-06,6262.0,53.0,4914.0,1295.0,49.0,0.0,56.0
2020-07-07,6315.0,53.0,4965.0,1297.0,53.0,0.0,51.0
2020-07-08,6364.0,54.0,5011.0,1299.0,49.0,1.0,46.0
2020-07-09,6410.0,54.0,5067.0,1289.0,46.0,0.0,56.0
2020-07-10,6457.0,55.0,5115.0,1287.0,47.0,1.0,48.0
2020-07-11,6506.0,55.0,5176.0,1275.0,49.0,0.0,61.0
2020-07-12,6552.0,55.0,5228.0,1269.0,46.0,0.0,52.0
2020-07-13,6596.0,55.0,5278.0,1263.0,44.0,0.0,50.0
2020-07-14,6643.0,56.0,5332.0,1255.0,47.0,1.0,54.0
2020-07-15,6695.0,56.0,5383.0,1256.0,52.0,0.0,51.0
2020-07-16,6741.0,56.0,5431.0,1254.0,46.0,0.0,48.0
2020-07-17,6786.0,56.0,5483.0,1247.0,45.0,0.0,52.0
2020-07-18,6834.0,57.0,5529.0,1248.0,48.0,1.0,46.0
2020-07-19,6878.0,57.0,5578.0,1243.0,44.0,0.0,49.0
2020-07-20,6921.0,57.0,5629.0,1235.0,43.0,0.0,51.0
2020-07-21,6967.0,57.0,5683.0,1227.0,46.0,0.0,54.0
2020-07-22,7015.0,58.0,5741.0,1216.0,48.0,1.0,58.0
2020-07-23,7060.0,58.0,5793.0,1209.0,45.0,0.0,52.0
2020-07-24,7104.0,58.0,5851.0,1195.0,44.0,0.0,58.0
2020-07-25,7150.0,59.0,5906.0,1185.0,46.0,1.0,55.0
2020-07-26,7192.0,59.0,5970.0,1163.0,42.0,0.0,64.0
2020-07-27,7235.0,60.0,6028.0,1147.0,43.0,1.0,58.0
2020-07-28,7276.0,60.0,6065.0,1151.0,41.0,0.0,37.0
2020-07-29,7320.0,60.0,6103.0,1157.0,44.0,0.0,38.0
2020-07-30,7366.0,60.0,6151.0,1155.0,46.0,0.0,48.0
2020-07-31,7409.0,60.0,6193.0,1156.0,43.0,0.0,42.0
2020-08-01,7451.0,60.0,6233.0,1158.0,42.0,0.0,40.0
2020-08-02,7495.0,61.0,6276.0,1158.0,44.0,1.0,43.0
2020-08-03,7538.0,61.0,6317.0,1160.0,43.0,0.0,41.0
2020-08-04,7583.0,61.0,6356.0,1166.0,45.0,0.0,39.0
2020-08-05,7625.0,61.0,6399.0,1165.0,42.0,0.0,43.0
2020-08-06,7665.0,62.0,6443.0,1160.0,40.0,1.0,44.0
2020-08-07,7706.0,62.0,6484.0,1160.0,41.0,0.0,41.0
2020-08-08,7706.0,62.0,6484.0,1160.0,0.0,0.0,0.0
2020-08-09,7745.0,62.0,6484.0,1199.0,39.0,0.0,0.0
2020-08-10,7827.0,62.0,6614.0,1151.0,82.0,0.0,130.0
2020-08-11,7871.0,63.0,6653.0,1155.0,44.0,1.0,39.0
2020-08-12,7912.0,63.0,6696.0,1153.0,41.0,0.0,43.0
2020-08-13,7950.0,63.0,6741.0,1146.0,38.0,0.0,45.0
2020-08-14,7989.0,63.0,6777.0,1149.0,39.0,0.0,36.0
2020-08-15,8029.0,64.0,6815.0,1150.0,40.0,1.0,38.0
2020-08-16,8065.0,64.0,6855.0,1146.0,36.0,0.0,40.0
2020-08-17,8099.0,64.0,6897.0,1138.0,34.0,0.0,42.0
2020-08-18,8131.0,65.0,6935.0,1131.0,32.0,1.0,38.0
2020-08-19,8166.0,65.0,6971.0,1130.0,35.0,0.0,36.0
2020-08-20,8203.0,66.0,7006.0,1131.0,37.0,1.0,35.0
2020-08-21,8241.0,66.0,7040.0,1135.0,38.0,0.0,34.0
2020-08-22,8277.0,66.0,7072.0,1139.0,36.0,0.0,32.0
2020-08-23,8311.0,66.0,7108.0,1137.0,34.0,0.0,36.0
2020-08-24,8346.0,67.0,7142.0,1137.0,35.0,1.0,34.0
2020-08-25,8379.0,67.0,7179.0,1133.0,33.0,0.0,37.0
2020-08-26,8413.0,67.0,7214.0,1132.0,34.0,0.0,35.0
2020-08-27,8449.0,68.0,7246.0,1135.0,36.0,1.0,32.0
2020-08-28,8481.0,68.0,7276.0,1137.0,32.0,0.0,30.0
2020-08-29,8516.0,68.0,7309.0,1139.0,35.0,0.0,33.0
2020-08-30,8516.0,68.0,7309.0,1139.0,0.0,0.0,0.0
2020-08-31,8583.0,68.0,7376.0,1139.0,67.0,0.0,67.0
2020-09-01,8619.0,68.0,7413.0,1138.0,36.0,0.0,37.0
2020-09-02,8654.0,69.0,7447.0,1138.0,35.0,1.0,34.0
2020-09-03,8690.0,69.0,7482.0,1139.0,36.0,0.0,35.0
2020-09-04,8724.0,69.0,7515.0,1140.0,34.0,0.0,33.0
2020-09-05,8757.0,70.0,7549.0,1138.0,33.0,1.0,34.0
2020-09-06,8792.0,70.0,7581.0,1141.0,35.0,0.0,32.0
2020-09-07,8824.0,70.0,7616.0,1138.0,32.0,0.0,35.0
2020-09-08,8860.0,70.0,7650.0,1140.0,36.0,0.0,34.0
2020-09-09,8899.0,71.0,7683.0,1145.0,39.0,1.0,33.0
2020-09-10,8939.0,72.0,7714.0,1153.0,40.0,1.0,31.0
2020-09-11,8977.0,72.0,7747.0,1158.0,38.0,0.0,33.0
2020-09-12,9014.0,72.0,7782.0,1160.0,37.0,0.0,35.0
2020-09-13,9049.0,72.0,7816.0,1161.0,35.0,0.0,34.0
2020-09-14,9088.0,72.0,7853.0,1163.0,39.0,0.0,37.0
2020-09-15,9129.0,73.0,7896.0,1160.0,41.0,1.0,43.0
2020-09-16,9171.0,73.0,7941.0,1157.0,42.0,0.0,45.0
2020-09-17,9214.0,73.0,7988.0,1153.0,43.0,0.0,47.0
2020-09-18,9259.0,73.0,8026.0,1160.0,45.0,0.0,38.0
2020-09-19,9303.0,73.0,8066.0,1164.0,44.0,0.0,40.0
2020-09-20,9346.0,73.0,8108.0,1165.0,43.0,0.0,42.0
2020-09-21,9388.0,73.0,8152.0,1163.0,42.0,0.0,44.0
2020-09-22,9432.0,73.0,8199.0,1160.0,44.0,0.0,47.0
2020-09-23,9475.0,74.0,8244.0,1157.0,43.0,1.0,45.0
2020-09-24,9520.0,74.0,8296.0,1150.0,45.0,0.0,52.0
2020-09-25,9562.0,74.0,8341.0,1147.0,42.0,0.0,45.0
2020-09-26,9605.0,75.0,8385.0,1145.0,43.0,1.0,44.0
2020-09-27,9646.0,75.0,8430.0,1141.0,41.0,0.0,45.0
2020-09-28,9685.0,75.0,8483.0,1127.0,39.0,0.0,53.0
2020-09-29,9726.0,75.0,8531.0,1120.0,41.0,0.0,48.0
2020-09-30,9769.0,76.0,8572.0,1121.0,43.0,1.0,41.0
2020-10-01,9811.0,77.0,8617.0,1117.0,42.0,1.0,45.0
2020-10-02,9852.0,77.0,8661.0,1114.0,41.0,0.0,44.0
2020-10-03,9895.0,77.0,8707.0,1111.0,43.0,0.0,46.0
2020-10-04,9935.0,78.0,8749.0,1108.0,40.0,1.0,42.0
2020-10-05,9974.0,78.0,8794.0,1102.0,39.0,0.0,45.0
2020-10-06,10014.0,78.0,8837.0,1099.0,40.0,0.0,43.0
2020-10-07,10055.0,78.0,8876.0,1101.0,41.0,0.0,39.0
2020-10-08,10097.0,78.0,8914.0,1105.0,42.0,0.0,38.0
2020-10-09,10137.0,79.0,8959.0,1099.0,40.0,1.0,45.0
2020-10-10,10180.0,79.0,9006.0,1095.0,43.0,0.0,47.0
2020-10-11,10222.0,79.0,9058.0,1085.0,42.0,0.0,52.0
2020-10-12,10260.0,79.0,9103.0,1078.0,38.0,0.0,45.0
