date,confirmed,deaths,recovered,active,new_confirmed,new_deaths,new_recovered
2020-03-06,1.0,0.0,0.0,1.0,,,
2020-03-07,1.0,0.0,0.0,1.0,0.0,0.0,0.0
2020-03-08,1.0,0.0,0.0,1.0,0.0,0.0,0.0
2020-03-09,1.0,0.0,0.0,1.0,0.0,0.0,0.0
2020-03-10,1.0,0.0,0.0,1.0,0.0,0.0,0.0
2020-03-11,1.0,0.0,0.0,1.0,0.0,0.0,0.0
2020-03-12,1.0,0.0,0.0,1.0,0.0,0.0,0.0
2020-03-13,1.0,0.0,0.0,1.0,0.0,0.0,0.0
2020-03-14,1.0,0.0,0.0,1.0,0.0,0.0,0.0
2020-03-15,1.0,0.0,0.0,1.0,0.0,0.0,0.0
2020-03-16,1.0,0.0,0.0,1.0,0.0,0.0,0.0
2020-03-17,1.0,0.0,0.0,1.0,0.0,0.0,0.0
2020-03-18,1.0,0.0,0.0,1.0,0.0,0.0,0.0
2020-03-19,1.0,0.0,0.0,1.0,0.0,0.0,0.0
2020-03-20,9.0,0.0,1.0,8.0,8.0,0.0,1.0
2020-03-21,16.0,0.0,1.0,15.0,7.0,0.0,0.0
2020-03-22,16.0,0.0,0.0,16.0,0.0,0.0,-1.0
2020-03-23,18.0,0.0,0.0,18.0,2.0,0.0,0.0
2020-03-24,20.0,0.0,1.0,19.0,2.0,0.0,1.0
2020-03-25,23.0,0.0,1.0,22.0,3.0,0.0,0.0
2020-03-26,23.0,0.0,1.0,22.0,0.0,0.0,0.0
2020-03-27,25.0,1.0,1.0,23.0,2.0,1.0,0.0
2020-03-28,25.0,1.0,1.0,23.0,0.0,0.0,0.0
2020-03-29,25.0,1.0,1.0,23.0,0.0,0.0,0.0
2020-03-30,30.0,1.0,1.0,28.0,5.0,0.0,0.0
2020-03-31,34.0,1.0,10.0,23.0,4.0,0.0,9.0
2020-04-01,36.0,2.0,10.0,24.0,2.0,1.0,0.0
2020-04-02,39.0,2.0,17.0,20.0,3.0,0.0,7.0
2020-04-03,40.0,3.0,17.0,20.0,1.0,1.0,0.0
2020-04-04,41.0,3.0,17.0,21.0,1.0,0.0,0.0
2020-04-05,44.0,3.0,20.0,21.0,3.0,0.0,3.0
2020-04-06,58.0,3.0,23.0,32.0,14.0,0.0,3.0
2020-04-07,65.0,3.0,23.0,39.0,7.0,0.0,0.0
2020-04-08,70.0,3.0,23.0,44.0,5.0,0.0,0.0
2020-04-09,73.0,3.0,24.0,46.0,3.0,0.0,1.0
2020-04-10,76.0,3.0,25.0,48.0,3.0,0.0,1.0
2020-04-11,76.0,3.0,25.0,48.0,0.0,0.0,0.0
2020-04-12,76.0,3.0,29.0,44.0,0.0,0.0,4.0
2020-04-13,77.0,3.0,29.0,45.0,1.0,0.0,0.0
2020-04-14,77.0,3.0,32.0,42.0,0.0,0.0,3.0
2020-04-15,81.0,3.0,35.0,43.0,4.0,0.0,3.0
2020-04-16,81.0,5.0,45.0,31.0,0.0,2.0,10.0
2020-04-17,83.0,5.0,48.0,30.0,2.0,0.0,3.0
2020-04-18,84.0,5.0,49.0,30.0,1.0,0.0,1.0
2020-04-19,84.0,5.0,52.0,27.0,0.0,0.0,3.0
2020-04-20,84.0,6.0,53.0,25.0,0.0,1.0,1.0
2020-04-21,86.0,6.0,56.0,24.0,2.0,0.0,3.0
2020-04-22,88.0,6.0,56.0,26.0,2.0,0.0,0.0
2020-04-23,88.0,6.0,59.0,23.0,0.0,0.0,3.0
2020-04-24,90.0,6.0,59.0,25.0,2.0,0.0,0.0
2020-04-25,96.0,6.0,62.0,28.0,6.0,0.0,3.0
2020-04-26,98.0,6.0,62.0,30.0,2.0,0.0,0.0
2020-04-27,98.0,6.0,62.0,30.0,0.0,0.0,0.0
2020-04-28,99.0,6.0,63.0,30.0,1.0,0.0,1.0
2020-04-29,109.0,7.0,64.0,38.0,10.0,1.0,1.0
2020-04-30,116.0,9.0,65.0,42.0,7.0,2.0,1.0
2020-05-01,123.0,9.0,66.0,48.0,7.0,0.0,1.0
2020-05-02,123.0,9.0,66.0,48.0,0.0,0.0,0.0
2020-05-03,124.0,9.0,67.0,48.0,1.0,0.0,1.0
2020-05-04,126.0,9.0,74.0,43.0,2.0,0.0,7.0
2020-05-05,128.0,9.0,74.0,45.0,2.0,0.0,0.0
2020-05-06,128.0,9.0,77.0,42.0,0.0,0.0,3.0
2020-05-07,135.0,9.0,85.0,41.0,7.0,0.0,8.0
2020-05-08,145.0,10.0,85.0,50.0,10.0,1.0,0.0
2020-05-09,153.0,10.0,87.0,56.0,8.0,0.0,2.0
2020-05-10,174.0,11.0,89.0,74.0,21.0,1.0,2.0
2020-05-11,181.0,11.0,89.0,81.0,7.0,0.0,0.0
2020-05-12,199.0,11.0,92.0,96.0,18.0,0.0,3.0
2020-05-13,219.0,11.0,96.0,112.0,20.0,0.0,4.0
2020-05-14,238.0,11.0,96.0,131.0,19.0,0.0,0.0
2020-05-15,263.0,11.0,96.0,156.0,25.0,0.0,0.0
2020-05-16,298.0,11.0,99.0,188.0,35.0,0.0,3.0
2020-05-17,301.0,11.0,104.0,186.0,3.0,0.0,5.0
2020-05-18,330.0,12.0,106.0,212.0,29.0,1.0,2.0
2020-05-19,338.0,12.0,107.0,219.0,8.0,0.0,1.0
2020-05-20,340.0,12.0,110.0,218.0,2.0,0.0,3.0
2020-05-21,354.0,12.0,118.0,224.0,14.0,0.0,8.0
2020-05-22,363.0,12.0,121.0,230.0,9.0,0.0,3.0
2020-05-23,373.0,12.0,133.0,228.0,10.0,0.0,12.0
2020-05-24,381.0,12.0,141.0,228.0,8.0,0.0,8.0
2020-05-25,386.0,13.0,161.0,212.0,5.0,1.0,20.0
2020-05-26,391.0,13.0,177.0,201.0,5.0,0.0,16.0
2020-05-27,395.0,13.0,183.0,199.0,4.0,0.0,6.0
2020-05-28,422.0,13.0,197.0,212.0,27.0,0.0,14.0
2020-05-29,428.0,13.0,202.0,213.0,6.0,0.0,5.0
2020-05-30,433.0,13.0,206.0,214.0,5.0,0.0,4.0
2020-05-31,442.0,13.0,211.0,218.0,9.0,0.0,5.0
2020-06-01,443.0,13.0,215.0,215.0,1.0,0.0,4.0
2020-06-02,445.0,13.0,230.0,202.0,2.0,0.0,15.0
2020-06-03,452.0,13.0,236.0,203.0,7.0,0.0,6.0
2020-06-04,465.0,13.0,239.0,213.0,13.0,0.0,3.0
2020-06-05,485.0,13.0,240.0,232.0,20.0,0.0,1.0
2020-06-06,487.0,13.0,240.0,234.0,2.0,0.0,0.0
2020-06-07,495.0,13.0,248.0,234.0,8.0,0.0,8.0
2020-06-08,497.0,13.0,251.0,233.0,2.0,0.0,3.0
2020-06-09,501.0,13.0,260.0,228.0,4.0,0.0,9.0
2020-06-10,522.0,13.0,265.0,244.0,21.0,0.0,5.0
2020-06-11,524.0,13.0,271.0,240.0,2.0,0.0,6.0
2020-06-12,525.0,13.0,279.0,233.0,1.0,0.0,8.0
2020-06-13,530.0,13.0,291.0,226.0,5.0,0.0,12.0
2020-06-14,530.0,13.0,291.0,226.0,0.0,0.0,0.0
2020-06-15,531.0,13.0,299.0,219.0,1.0,0.0,8.0
2020-06-16,537.0,13.0,344.0,180.0,6.0,0.0,45.0
2020-06-17,544.0,13.0,353.0,178.0,7.0,0.0,9.0
2020-06-18,547.0,13.0,353.0,181.0,3.0,0.0,0.0
2020-06-19,555.0,13.0,361.0,181.0,8.0,0.0,8.0
2020-06-20,561.0,13.0,366.0,182.0,6.0,0.0,5.0
2020-06-21,569.0,13.0,375.0,181.0,8.0,0.0,9.0
2020-06-22,569.0,13.0,380.0,176.0,0.0,0.0,5.0
2020-06-23,576.0,13.0,384.0,179.0,7.0,0.0,4.0
2020-06-24,583.0,14.0,392.0,177.0,7.0,1.0,8.0
2020-06-25,588.0,14.0,394.0,180.0,5.0,0.0,2.0
2020-06-26,591.0,14.0,395.0,182.0,3.0,0.0,1.0
2020-06-27,615.0,14.0,396.0,205.0,24.0,0.0,1.0
2020-06-28,642.0,14.0,401.0,227.0,27.0,0.0,5.0
2020-06-29,643.0,14.0,401.0,228.0,1.0,0.0,0.0
2020-06-30,650.0,14.0,402.0,234.0,7.0,0.0,1.0
2020-07-01,661.0,14.0,414.0,233.0,11.0,0.0,12.0
2020-07-02,667.0,14.0,424.0,229.0,6.0,0.0,10.0
2020-07-03,671.0,14.0,424.0,233.0,4.0,0.0,0.0
2020-07-04,676.0,15.0,432.0,229.0,5.0,1.0,8.0
2020-07-05,680.0,15.0,447.0,218.0,4.0,0.0,15.0
2020-07-06,680.0,15.0,450.0,215.0,0.0,0.0,3.0
2020-07-07,689.0,15.0,467.0,207.0,9.0,0.0,17.0
2020-07-08,695.0,15.0,475.0,205.0,6.0,0.0,8.0
2020-07-09,704.0,15.0,483.0,206.0,9.0,0.0,8.0
2020-07-10,710.0,15.0,494.0,201.0,6.0,0.0,11.0
2020-07-11,710.0,15.0,494.0,201.0,0.0,0.0,0.0
2020-07-12,720.0,15.0,513.0,192.0,10.0,0.0,19.0
2020-07-13,721.0,15.0,517.0,189.0,1.0,0.0,4.0
2020-07-14,731.0,15.0,528.0,188.0,10.0,0.0,11.0
2020-07-15,740.0,15.0,534.0,191.0,9.0,0.0,6.0
2020-07-16,749.0,15.0,543.0,191.0,9.0,0.0,9.0
2020-07-17,766.0,15.0,546.0,205.0,17.0,0.0,3.0
2020-07-18,774.0,15.0,548.0,211.0,8.0,0.0,2.0
2020-07-19,778.0,15.0,551.0,212.0,4.0,0.0,3.0
2020-07-20,783.0,15.0,554.0,214.0,5.0,0.0,3.0
2020-07-21,790.0,15.0,560.0,215.0,7.0,0.0,6.0
2020-07-22,806.0,16.0,578.0,212.0,16.0,1.0,18.0
2020-07-23,828.0,16.0,584.0,228.0,22.0,0.0,6.0
2020-07-24,839.0,17.0,585.0,237.0,11.0,1.0,1.0
2020-07-25,853.0,17.0,587.0,249.0,14.0,0.0,2.0
2020-07-26,868.0,18.0,599.0,251.0,15.0,1.0,12.0
2020-07-27,874.0,18.0,607.0,249.0,6.0,0.0,8.0
2020-07-28,896.0,18.0,612.0,266.0,22.0,0.0,5.0
2020-07-29,896.0,18.0,612.0,266.0,0.0,0.0,0.0
2020-07-30,908.0,18.0,626.0,264.0,12.0,0.0,14.0
2020-07-31,941.0,19.0,641.0,281.0,33.0,1.0,15.0
2020-08-01,958.0,19.0,647.0,292.0,17.0,0.0,6.0
2020-08-02,961.0,19.0,660.0,282.0,3.0,0.0,13.0
2020-08-03,976.0,19.0,663.0,294.0,15.0,0.0,3.0
2020-08-04,988.0,19.0,673.0,296.0,12.0,0.0,10.0
2020-08-05,1001.0,21.0,690.0,290.0,13.0,2.0,17.0
2020-08-06,1012.0,22.0,697.0,293.0,11.0,1.0,7.0
2020-08-07,1028.0,22.0,710.0,296.0,16.0,0.0,13.0
2020-08-08,1046.0,23.0,721.0,302.0,18.0,1.0,11.0
2020-08-09,1060.0,23.0,729.0,308.0,14.0,0.0,8.0
2020-08-10,1067.0,25.0,729.0,313.0,7.0,2.0,0.0
2020-08-11,1070.0,26.0,752.0,292.0,3.0,1.0,23.0
2020-08-12,1092.0,26.0,782.0,284.0,22.0,0.0,30.0
2020-08-13,1104.0,26.0,791.0,287.0,12.0,0.0,9.0
2020-08-14,1124.0,26.0,806.0,292.0,20.0,0.0,15.0
2020-08-15,1130.0,27.0,836.0,267.0,6.0,1.0,30.0
2020-08-16,1147.0,27.0,843.0,277.0,17.0,0.0,7.0
2020-08-17,1154.0,27.0,858.0,269.0,7.0,0.0,15.0
2020-08-18,1173.0,27.0,868.0,278.0,19.0,0.0,10.0
2020-08-19,1190.0,27.0,875.0,288.0,17.0,0.0,7.0
2020-08-20,1212.0,27.0,878.0,307.0,22.0,0.0,3.0
2020-08-21,1239.0,27.0,891.0,321.0,27.0,0.0,13.0
2020-08-22,1275.0,27.0,903.0,345.0,36.0,0.0,12.0
2020-08-23,1277.0,27.0,910.0,340.0,2.0,0.0,7.0
2020-08-24,1295.0,27.0,914.0,354.0,18.0,0.0,4.0
2020-08-25,1309.0,27.0,919.0,363.0,14.0,0.0,5.0
2020-08-26,1326.0,27.0,946.0,353.0,17.0,0.0,27.0
2020-08-27,1326.0,27.0,946.0,353.0,0.0,0.0,0.0
2020-08-28,1365.0,27.0,981.0,357.0,39.0,0.0,35.0
2020-08-29,1390.0,27.0,990.0,373.0,25.0,0.0,9.0
2020-08-30,1396.0,27.0,996.0,373.0,6.0,0.0,6.0
2020-08-31,1400.0,28.0,1005.0,367.0,4.0,1.0,9.0
2020-09-01,1416.0,28.0,1035.0,353.0,16.0,0.0,30.0
2020-09-02,1434.0,30.0,1055.0,349.0,18.0,2.0,20.0
2020-09-03,1443.0,31.0,1071.0,341.0,9.0,1.0,16.0
2020-09-04,1457.0,31.0,1079.0,347.0,14.0,0.0,8.0
2020-09-05,1477.0,32.0,1094.0,351.0,20.0,1.0,15.0
2020-09-06,1488.0,32.0,1106.0,350.0,11.0,0.0,12.0
2020-09-07,1493.0,33.0,1114.0,346.0,5.0,1.0,8.0
2020-09-08,1513.0,34.0,1127.0,352.0,20.0,1.0,13.0
2020-09-09,1528.0,36.0,1144.0,348.0,15.0,2.0,17.0
2020-09-10,1537.0,37.0,1145.0,355.0,9.0,1.0,1.0
2020-09-11,1548.0,37.0,1166.0,345.0,11.0,0.0,21.0
2020-09-12,1555.0,37.0,1189.0,329.0,7.0,0.0,23.0
2020-09-13,1572.0,37.0,1190.0,345.0,17.0,0.0,1.0
2020-09-14,1578.0,40.0,1204.0,334.0,6.0,3.0,14.0
2020-09-15,1595.0,40.0,1219.0,336.0,17.0,0.0,15.0
2020-09-16,1608.0,40.0,1230.0,338.0,13.0,0.0,11.0
2020-09-17,1618.0,41.0,1243.0,334.0,10.0,1.0,13.0
2020-09-18,1640.0,41.0,1251.0,348.0,22.0,0.0,8.0
2020-09-19,1659.0,41.0,1259.0,359.0,19.0,0.0,8.0
2020-09-20,1666.0,41.0,1269.0,356.0,7.0,0.0,10.0
2020-09-21,1669.0,41.0,1274.0,354.0,3.0,0.0,5.0
2020-09-22,1683.0,41.0,1290.0,352.0,14.0,0.0,16.0
2020-09-23,1701.0,41.0,1297.0,363.0,18.0,0.0,7.0
2020-09-24,1707.0,44.0,1307.0,356.0,6.0,3.0,10.0
2020-09-25,1722.0,44.0,1312.0,366.0,15.0,0.0,5.0
2020-09-26,1736.0,46.0,1319.0,371.0,14.0,2.0,7.0
2020-09-27,1743.0,46.0,1330.0,367.0,7.0,0.0,11.0
2020-09-28,1749.0,47.0,1336.0,366.0,6.0,1.0,6.0
2020-09-29,1759.0,48.0,1341.0,370.0,10.0,1.0,5.0
2020-09-30,1784.0,48.0,1348.0,388.0,25.0,0.0,7.0
2020-10-01,1809.0,48.0,1353.0,408.0,25.0,0.0,5.0
2020-10-02,1818.0,48.0,1365.0,405.0,9.0,0.0,12.0
2020-10-03,1840.0,48.0,1375.0,417.0,22.0,0.0,10.0
2020-10-04,1854.0,48.0,1392.0,414.0,14.0,0.0,17.0
2020-10-05,1864.0,48.0,1403.0,413.0,10.0,0.0,11.0
2020-10-06,1881.0,49.0,1410.0,422.0,17.0,1.0,7.0
2020-10-07,1898.0,49.0,1419.0,430.0,17.0,0.0,9.0
