date,confirmed,deaths,recovered,active,new_confirmed,new_deaths,new_recovered
2020-03-04,1.0,0.0,0.0,1.0,,,
2020-03-05,1.0,0.0,0.0,1.0,0.0,0.0,0.0
2020-03-06,1.0,0.0,0.0,1.0,0.0,0.0,0.0
2020-03-07,1.0,0.0,0.0,1.0,0.0,0.0,0.0
2020-03-08,2.0,0.0,0.0,2.0,1.0,0.0,0.0
2020-03-09,2.0,0.0,0.0,2.0,0.0,0.0,0.0
2020-03-10,5.0,0.0,0.0,5.0,3.0,0.0,0.0
2020-03-11,7.0,0.0,0.0,7.0,2.0,0.0,0.0
2020-03-12,7.0,0.0,0.0,7.0,0.0,0.0,0.0
2020-03-13,16.0,0.0,0.0,16.0,9.0,0.0,0.0
2020-03-14,18.0,0.0,0.0,18.0,2.0,0.0,0.0
2020-03-15,18.0,0.0,0.0,18.0,0.0,0.0,0.0
2020-03-16,20.0,0.0,0.0,20.0,2.0,0.0,0.0
2020-03-17,24.0,0.0,0.0,24.0,4.0,0.0,0.0
2020-03-18,29.0,0.0,0.0,29.0,5.0,0.0,0.0
2020-03-19,39.0,1.0,0.0,38.0,10.0,1.0,0.0
2020-03-20,54.0,1.0,0.0,53.0,15.0,0.0,0.0
2020-03-21,60.0,1.0,0.0,59.0,6.0,0.0,0.0
2020-03-22,75.0,3.0,1.0,71.0,15.0,2.0,1.0
2020-03-23,89.0,3.0,1.0,85.0,14.0,0.0,0.0
2020-03-24,114.0,4.0,1.0,109.0,25.0,1.0,0.0
2020-03-25,173.0,5.0,2.0,166.0,59.0,1.0,1.0
2020-03-26,197.0,6.0,2.0,189.0,24.0,1.0,0.0
2020-03-27,227.0,6.0,2.0,219.0,30.0,0.0,0.0
2020-03-28,278.0,8.0,2.0,268.0,51.0,2.0,0.0
2020-03-29,312.0,8.0,2.0,302.0,34.0,0.0,0.0
2020-03-30,312.0,8.0,3.0,301.0,0.0,0.0,1.0
2020-03-31,394.0,10.0,3.0,381.0,82.0,2.0,0.0
2020-04-01,423.0,12.0,5.0,406.0,29.0,2.0,2.0
2020-04-02,455.0,14.0,5.0,436.0,32.0,2.0,0.0
2020-04-03,495.0,18.0,5.0,472.0,40.0,4.0,0.0
2020-04-04,553.0,18.0,5.0,530.0,58.0,0.0,0.0
2020-04-05,574.0,22.0,5.0,547.0,21.0,4.0,0.0
2020-04-06,596.0,22.0,5.0,569.0,22.0,0.0,0.0
2020-04-07,623.0,23.0,25.0,575.0,27.0,1.0,20.0
2020-04-08,628.0,24.0,25.0,579.0,5.0,1.0,0.0
2020-04-09,643.0,25.0,25.0,593.0,15.0,1.0,0.0
2020-04-10,671.0,25.0,25.0,621.0,28.0,0.0,0.0
2020-04-11,685.0,28.0,43.0,614.0,14.0,3.0,18.0
2020-04-12,707.0,31.0,43.0,633.0,22.0,3.0,0.0
2020-04-13,726.0,34.0,43.0,649.0,19.0,3.0,0.0
2020-04-14,747.0,34.0,43.0,670.0,21.0,0.0,0.0
2020-04-15,780.0,35.0,43.0,702.0,33.0,1.0,0.0
2020-04-16,822.0,37.0,43.0,742.0,42.0,2.0,0.0
2020-04-17,864.0,37.0,43.0,784.0,42.0,0.0,0.0
2020-04-18,864.0,37.0,43.0,784.0,0.0,0.0,0.0
2020-04-19,879.0,38.0,43.0,798.0,15.0,1.0,0.0
2020-04-20,884.0,38.0,148.0,698.0,5.0,0.0,105.0
2020-04-21,884.0,38.0,148.0,698.0,0.0,0.0,0.0
2020-04-22,909.0,38.0,190.0,681.0,25.0,0.0,42.0
2020-04-23,918.0,38.0,190.0,690.0,9.0,0.0,0.0
2020-04-24,922.0,38.0,194.0,690.0,4.0,0.0,4.0
2020-04-25,939.0,38.0,207.0,694.0,17.0,0.0,13.0
2020-04-26,949.0,38.0,216.0,695.0,10.0,0.0,9.0
2020-04-27,967.0,39.0,279.0,649.0,18.0,1.0,63.0
2020-04-28,975.0,40.0,279.0,656.0,8.0,1.0,0.0
2020-04-29,980.0,40.0,294.0,646.0,5.0,0.0,15.0
2020-04-30,994.0,41.0,305.0,648.0,14.0,1.0,11.0
2020-05-01,998.0,41.0,316.0,641.0,4.0,0.0,11.0
2020-05-02,1009.0,42.0,323.0,644.0,11.0,1.0,7.0
2020-05-03,1013.0,42.0,328.0,643.0,4.0,0.0,5.0
2020-05-04,1018.0,43.0,406.0,569.0,5.0,1.0,78.0
2020-05-05,1022.0,43.0,482.0,497.0,4.0,0.0,76.0
2020-05-06,1025.0,43.0,591.0,391.0,3.0,0.0,109.0
2020-05-07,1026.0,44.0,600.0,382.0,1.0,1.0,9.0
2020-05-08,1030.0,45.0,638.0,347.0,4.0,1.0,38.0
2020-05-09,1032.0,45.0,660.0,327.0,2.0,0.0,22.0
2020-05-10,1032.0,45.0,700.0,287.0,0.0,0.0,40.0
2020-05-11,1032.0,45.0,727.0,260.0,0.0,0.0,27.0
2020-05-12,1032.0,45.0,740.0,247.0,0.0,0.0,13.0
2020-05-13,1032.0,45.0,759.0,228.0,0.0,0.0,19.0
2020-05-14,1032.0,45.0,770.0,217.0,0.0,0.0,11.0
2020-05-15,1035.0,45.0,802.0,188.0,3.0,0.0,32.0
2020-05-16,1037.0,45.0,807.0,185.0,2.0,0.0,5.0
2020-05-17,1037.0,45.0,816.0,176.0,0.0,0.0,9.0
2020-05-18,1043.0,46.0,819.0,178.0,6.0,1.0,3.0
2020-05-19,1044.0,47.0,826.0,171.0,1.0,1.0,7.0
2020-05-20,1045.0,47.0,862.0,136.0,1.0,0.0,36.0
2020-05-21,1046.0,47.0,883.0,116.0,1.0,0.0,21.0
2020-05-22,1048.0,47.0,903.0,98.0,2.0,0.0,20.0
2020-05-23,1048.0,48.0,914.0,86.0,0.0,1.0,11.0
2020-05-24,1051.0,48.0,917.0,86.0,3.0,0.0,3.0
2020-05-25,1051.0,48.0,919.0,84.0,0.0,0.0,2.0
2020-05-26,1051.0,48.0,929.0,74.0,0.0,0.0,10.0
2020-05-27,1051.0,48.0,929.0,74.0,0.0,0.0,0.0
2020-05-28,1068.0,48.0,938.0,82.0,17.0,0.0,9.0
2020-05-29,1071.0,48.0,946.0,77.0,3.0,0.0,8.0
2020-05-30,1076.0,48.0,950.0,78.0,5.0,0.0,4.0
2020-05-31,1077.0,48.0,960.0,69.0,1.0,0.0,10.0
2020-06-01,1084.0,48.0,964.0,72.0,7.0,0.0,4.0
2020-06-02,1086.0,48.0,965.0,73.0,2.0,0.0,1.0
2020-06-03,1087.0,49.0,965.0,73.0,1.0,1.0,0.0
2020-06-04,1087.0,49.0,968.0,70.0,0.0,0.0,3.0
2020-06-05,1087.0,49.0,969.0,69.0,0.0,0.0,1.0
2020-06-06,1087.0,49.0,977.0,61.0,0.0,0.0,8.0
2020-06-07,1087.0,49.0,982.0,56.0,0.0,0.0,5.0
2020-06-08,1087.0,49.0,982.0,56.0,0.0,0.0,0.0
2020-06-09,1087.0,49.0,982.0,56.0,0.0,0.0,0.0
2020-06-10,1087.0,49.0,983.0,55.0,0.0,0.0,1.0
2020-06-11,1087.0,49.0,989.0,49.0,0.0,0.0,6.0
2020-06-12,1093.0,49.0,995.0,49.0,6.0,0.0,6.0
2020-06-13,1094.0,49.0,995.0,50.0,1.0,0.0,0.0
2020-06-14,1096.0,49.0,998.0,49.0,2.0,0.0,3.0
2020-06-15,1110.0,49.0,999.0,62.0,14.0,0.0,1.0
2020-06-16,1125.0,49.0,1002.0,74.0,15.0,0.0,3.0
2020-06-17,1128.0,50.0,1004.0,74.0,3.0,1.0,2.0
2020-06-18,1132.0,50.0,1006.0,76.0,4.0,0.0,2.0
2020-06-19,1146.0,50.0,1014.0,82.0,14.0,0.0,8.0
2020-06-20,1156.0,50.0,1017.0,89.0,10.0,0.0,3.0
2020-06-21,1157.0,50.0,1020.0,87.0,1.0,0.0,3.0
2020-06-22,1159.0,50.0,1020.0,89.0,2.0,0.0,0.0
2020-06-23,1159.0,50.0,1023.0,86.0,0.0,0.0,3.0
2020-06-24,1160.0,50.0,1023.0,87.0,1.0,0.0,0.0
2020-06-25,1162.0,50.0,1023.0,89.0,2.0,0.0,0.0
2020-06-26,1164.0,50.0,1023.0,91.0,2.0,0.0,0.0
2020-06-27,1168.0,50.0,1025.0,93.0,4.0,0.0,2.0
2020-06-28,1169.0,50.0,1029.0,90.0,1.0,0.0,4.0
2020-06-29,1172.0,50.0,1029.0,93.0,3.0,0.0,0.0
2020-06-30,1174.0,50.0,1031.0,93.0,2.0,0.0,2.0
2020-07-01,1175.0,50.0,1038.0,87.0,1.0,0.0,7.0
2020-07-02,1178.0,50.0,1039.0,89.0,3.0,0.0,1.0
2020-07-03,1181.0,50.0,1045.0,86.0,3.0,0.0,6.0
2020-07-04,1186.0,50.0,1046.0,90.0,5.0,0.0,1.0
2020-07-05,1188.0,50.0,1048.0,90.0,2.0,0.0,2.0
2020-07-06,1199.0,50.0,1049.0,100.0,11.0,0.0,1.0
2020-07-07,1205.0,50.0,1049.0,106.0,6.0,0.0,0.0
2020-07-08,1221.0,50.0,1050.0,121.0,16.0,0.0,1.0
2020-07-09,1231.0,50.0,1055.0,126.0,10.0,0.0,5.0
2020-07-10,1240.0,50.0,1067.0,123.0,9.0,0.0,12.0
2020-07-11,1245.0,50.0,1076.0,119.0,5.0,0.0,9.0
2020-07-12,1263.0,50.0,1076.0,137.0,18.0,0.0,0.0
2020-07-13,1302.0,50.0,1082.0,170.0,39.0,0.0,6.0
2020-07-14,1306.0,50.0,1087.0,169.0,4.0,0.0,5.0
2020-07-15,1319.0,50.0,1091.0,178.0,13.0,0.0,4.0
2020-07-16,1327.0,50.0,1093.0,184.0,8.0,0.0,2.0
2020-07-17,1336.0,50.0,1095.0,191.0,9.0,0.0,2.0
2020-07-18,1348.0,50.0,1095.0,203.0,12.0,0.0,0.0
2020-07-19,1374.0,50.0,1097.0,227.0,26.0,0.0,2.0
2020-07-20,1381.0,50.0,1099.0,232.0,7.0,0.0,2.0
2020-07-21,1389.0,50.0,1103.0,236.0,8.0,0.0,4.0
2020-07-22,1394.0,50.0,1108.0,236.0,5.0,0.0,5.0
2020-07-23,1406.0,50.0,1118.0,238.0,12.0,0.0,10.0
2020-07-24,1425.0,50.0,1124.0,251.0,19.0,0.0,6.0
2020-07-25,1443.0,50.0,1133.0,260.0,18.0,0.0,9.0
2020-07-26,1452.0,50.0,1142.0,260.0,9.0,0.0,9.0
2020-07-27,1455.0,50.0,1157.0,248.0,3.0,0.0,15.0
2020-07-28,1468.0,50.0,1168.0,250.0,13.0,0.0,11.0
2020-07-29,1488.0,50.0,1178.0,260.0,20.0,0.0,10.0
2020-07-30,1514.0,50.0,1187.0,277.0,26.0,0.0,9.0
2020-07-31,1535.0,50.0,1195.0,290.0,21.0,0.0,8.0
2020-08-01,1552.0,51.0,1217.0,284.0,17.0,1.0,22.0
2020-08-02,1561.0,51.0,1221.0,289.0,9.0,0.0,4.0
2020-08-03,1565.0,51.0,1225.0,289.0,4.0,0.0,4.0
2020-08-04,1584.0,51.0,1227.0,306.0,19.0,0.0,2.0
2020-08-05,1601.0,51.0,1233.0,317.0,17.0,0.0,6.0
2020-08-06,1642.0,51.0,1241.0,350.0,41.0,0.0,8.0
2020-08-07,1656.0,51.0,1251.0,354.0,14.0,0.0,10.0
2020-08-08,1678.0,51.0,1259.0,368.0,22.0,0.0,8.0
2020-08-09,1697.0,51.0,1263.0,383.0,19.0,0.0,4.0
2020-08-10,1717.0,51.0,1265.0,401.0,20.0,0.0,2.0
2020-08-11,1738.0,52.0,1272.0,414.0,21.0,1.0,7.0
2020-08-12,1780.0,52.0,1278.0,450.0,42.0,0.0,6.0
2020-08-13,1847.0,53.0,1302.0,492.0,67.0,1.0,24.0
2020-08-14,1903.0,53.0,1320.0,530.0,56.0,0.0,18.0
2020-08-15,2023.0,54.0,1327.0,642.0,120.0,1.0,7.0
2020-08-16,2107.0,54.0,1358.0,695.0,84.0,0.0,31.0
2020-08-17,2185.0,56.0,1362.0,767.0,78.0,2.0,4.0
2020-08-18,2314.0,57.0,1370.0,887.0,129.0,1.0,8.0
2020-08-19,2427.0,60.0,1395.0,972.0,113.0,3.0,25.0
2020-08-20,2543.0,63.0,1397.0,1083.0,116.0,3.0,2.0
2020-08-21,2607.0,64.0,1420.0,1123.0,64.0,1.0,23.0
2020-08-22,2738.0,68.0,1434.0,1236.0,131.0,4.0,14.0
2020-08-23,2818.0,71.0,1443.0,1304.0,80.0,3.0,9.0
2020-08-24,2893.0,71.0,1454.0,1368.0,75.0,0.0,11.0
2020-08-25,3069.0,71.0,1456.0,1542.0,176.0,0.0,2.0
2020-08-26,3206.0,71.0,1476.0,1659.0,137.0,0.0,20.0
2020-08-27,3323.0,73.0,1504.0,1746.0,117.0,2.0,28.0
2020-08-28,3461.0,74.0,1522.0,1865.0,138.0,1.0,18.0
2020-08-29,3572.0,76.0,1536.0,1960.0,111.0,2.0,14.0
2020-08-30,3685.0,76.0,1562.0,2047.0,113.0,0.0,26.0
2020-08-31,3803.0,77.0,1573.0,2153.0,118.0,1.0,11.0
2020-09-01,3963.0,80.0,1624.0,2259.0,160.0,3.0,51.0
2020-09-02,4196.0,81.0,1628.0,2487.0,233.0,1.0,4.0
2020-09-03,4394.0,84.0,1681.0,2629.0,198.0,3.0,53.0
2020-09-04,4542.0,87.0,1699.0,2756.0,148.0,3.0,18.0
2020-09-05,4776.0,93.0,1701.0,2982.0,234.0,6.0,2.0
2020-09-06,5041.0,93.0,1752.0,3196.0,265.0,0.0,51.0
2020-09-07,5124.0,94.0,1788.0,3242.0,83.0,1.0,36.0
2020-09-08,5417.0,96.0,1862.0,3459.0,293.0,2.0,74.0
2020-09-09,5417.0,96.0,1862.0,3459.0,0.0,0.0,0.0
2020-09-10,5882.0,99.0,1862.0,3921.0,465.0,3.0,0.0
2020-09-11,6259.0,103.0,1956.0,4200.0,377.0,4.0,94.0
2020-09-12,6635.0,107.0,1991.0,4537.0,376.0,4.0,35.0
2020-09-13,6635.0,107.0,1991.0,4537.0,0.0,0.0,0.0
2020-09-14,7382.0,117.0,2175.0,5090.0,747.0,10.0,184.0
2020-09-15,7623.0,123.0,2262.0,5238.0,241.0,6.0,87.0
2020-09-16,8100.0,129.0,2309.0,5662.0,477.0,6.0,47.0
2020-09-17,8570.0,133.0,2342.0,6095.0,470.0,4.0,33.0
2020-09-18,8570.0,133.0,2342.0,6095.0,0.0,0.0,0.0
2020-09-19,9110.0,138.0,2366.0,6606.0,540.0,5.0,24.0
2020-09-20,10732.0,159.0,2386.0,8187.0,1622.0,21.0,20.0
2020-09-21,11260.0,164.0,2386.0,8710.0,528.0,5.0,0.0
2020-09-22,11260.0,164.0,2386.0,8710.0,0.0,0.0,0.0
2020-09-23,12479.0,174.0,2386.0,9919.0,1219.0,10.0,0.0
2020-09-24,13305.0,180.0,5032.0,8093.0,826.0,6.0,2646.0
2020-09-25,14392.0,191.0,5032.0,9169.0,1087.0,11.0,0.0
2020-09-26,14392.0,191.0,5032.0,9169.0,0.0,0.0,0.0
2020-09-27,16114.0,214.0,5032.0,10868.0,1722.0,23.0,0.0
2020-09-28,16114.0,214.0,5032.0,10868.0,0.0,0.0,0.0
2020-09-29,17405.0,246.0,5032.0,12127.0,1291.0,32.0,0.0
2020-09-30,18413.0,265.0,5032.0,13116.0,1008.0,19.0,0.0
2020-10-01,18413.0,265.0,5032.0,13116.0,0.0,0.0,0.0
2020-10-02,19721.0,271.0,5032.0,14418.0,1308.0,6.0,0.0
2020-10-03,20944.0,276.0,5032.0,15636.0,1223.0,5.0,0.0
2020-10-04,22230.0,321.0,5032.0,16877.0,1286.0,45.0,0.0
2020-10-05,22230.0,321.0,5032.0,16877.0,0.0,0.0,0.0
2020-10-06,22230.0,321.0,5032.0,16877.0,0.0,0.0,0.0
2020-10-07,24542.0,364.0,5032.0,19146.0,2312.0,43.0,0.0
2020-10-08,26899.0,409.0,5032.0,21458.0,2357.0,45.0,0.0
2020-10-09,26899.0,409.0,5032.0,21458.0,0.0,0.0,0.0
2020-10-10,31259.0,456.0,5032.0,25771.0,4360.0,47.0,0.0
2020-10-11,32556.0,478.0,5032.0,27046.0,1297.0,22.0,0.0
2020-10-12,32556.0,478.0,5032.0,27046.0,0.0,0.0,0.0
2020-10-13,32556.0,478.0,5032.0,27046.0,0.0,0.0,0.0
2020-10-14,34790.0,512.0,5032.0,29246.0,2234.0,34.0,0.0
2020-10-15,34790.0,512.0,5032.0,29246.0,0.0,0.0,0.0
2020-10-16,34790.0,512.0,5032.0,29246.0,0.0,0.0,0.0
2020-10-17,40542.0,626.0,5032.0,34884.0,5752.0,114.0,0.0
2020-10-18,40542.0,626.0,5032.0,34884.0,0.0,0.0,0.0
2020-10-19,42727.0,687.0,5032.0,37008.0,2185.0,61.0,0.0
2020-10-20,44450.0,711.0,5032.0,38707.0,1723.0,24.0,0.0
2020-10-21,45892.0,740.0,5032.0,40120.0,1442.0,29.0,0.0
2020-10-22,45892.0,740.0,5032.0,40120.0,0.0,0.0,0.0
2020-10-23,47214.0,784.0,5032.0,41398.0,1322.0,44.0,0.0
2020-10-24,48799.0,819.0,5032.0,42948.0,1585.0,35.0,0.0
