date,confirmed,deaths,recovered,active,new_confirmed,new_deaths,new_recovered
2020-03-11,1.0,0.0,0.0,1.0,,,
2020-03-12,1.0,0.0,0.0,1.0,0.0,0.0,0.0
2020-03-13,5.0,0.0,0.0,5.0,4.0,0.0,0.0
2020-03-14,5.0,0.0,0.0,5.0,0.0,0.0,0.0
2020-03-15,6.0,0.0,0.0,6.0,1.0,0.0,0.0
2020-03-16,18.0,0.0,0.0,18.0,12.0,0.0,0.0
2020-03-17,47.0,1.0,0.0,46.0,29.0,1.0,0.0
2020-03-18,98.0,1.0,0.0,97.0,51.0,0.0,0.0
2020-03-19,192.0,3.0,0.0,189.0,94.0,2.0,0.0
2020-03-20,359.0,4.0,0.0,355.0,167.0,1.0,0.0
2020-03-21,670.0,9.0,0.0,661.0,311.0,5.0,0.0
2020-03-22,1236.0,30.0,0.0,1206.0,566.0,21.0,0.0
2020-03-23,1529.0,37.0,0.0,1492.0,293.0,7.0,0.0
2020-03-24,1872.0,44.0,0.0,1828.0,343.0,7.0,0.0
2020-03-25,2433.0,59.0,26.0,2348.0,561.0,15.0,26.0
2020-03-26,3629.0,75.0,26.0,3528.0,1196.0,16.0,0.0
2020-03-27,5698.0,92.0,42.0,5564.0,2069.0,17.0,16.0
2020-03-28,7402.0,108.0,70.0,7224.0,1704.0,16.0,28.0
2020-03-29,9217.0,131.0,105.0,8981.0,1815.0,23.0,35.0
2020-03-30,10827.0,168.0,162.0,10497.0,1610.0,37.0,57.0
2020-03-31,13531.0,214.0,243.0,13074.0,2704.0,46.0,81.0
2020-04-01,15679.0,277.0,333.0,15069.0,2148.0,63.0,90.0
2020-04-02,18135.0,356.0,415.0,17364.0,2456.0,79.0,82.0
2020-04-03,20921.0,425.0,484.0,20012.0,2786.0,69.0,69.0
2020-04-04,23934.0,501.0,786.0,22647.0,3013.0,76.0,302.0
2020-04-05,27069.0,574.0,1042.0,25453.0,3135.0,73.0,256.0
2020-04-06,30217.0,649.0,1326.0,28242.0,3148.0,75.0,284.0
2020-04-07,34109.0,725.0,1582.0,31802.0,3892.0,76.0,256.0
2020-04-08,38226.0,812.0,1846.0,35568.0,4117.0,87.0,264.0
2020-04-09,42282.0,908.0,2142.0,39232.0,4056.0,96.0,296.0
2020-04-10,47029.0,1006.0,2423.0,43600.0,4747.0,98.0,281.0
2020-04-11,52167.0,1101.0,2965.0,48101.0,5138.0,95.0,542.0
2020-04-12,56956.0,1198.0,3446.0,52312.0,4789.0,97.0,481.0
2020-04-13,61049.0,1296.0,3957.0,55796.0,4093.0,98.0,511.0
2020-04-14,65111.0,1403.0,4799.0,58909.0,4062.0,107.0,842.0
2020-04-15,69392.0,1518.0,5674.0,62200.0,4281.0,115.0,875.0
2020-04-16,74193.0,1643.0,7089.0,65461.0,4801.0,125.0,1415.0
2020-04-17,78546.0,1769.0,8631.0,68146.0,4353.0,126.0,1542.0
2020-04-18,82329.0,1890.0,10453.0,69986.0,3783.0,121.0,1822.0
2020-04-19,86306.0,2017.0,11976.0,72313.0,3977.0,127.0,1523.0
2020-04-20,90980.0,2140.0,13430.0,75410.0,4674.0,123.0,1454.0
2020-04-21,95591.0,2259.0,14918.0,78414.0,4611.0,119.0,1488.0
2020-04-22,98674.0,2376.0,16477.0,79821.0,3083.0,117.0,1559.0
2020-04-23,101790.0,2491.0,18491.0,80808.0,3116.0,115.0,2014.0
2020-04-24,104912.0,2600.0,21737.0,80575.0,3122.0,109.0,3246.0
2020-04-25,107773.0,2706.0,25582.0,79485.0,2861.0,106.0,3845.0
2020-04-26,110130.0,2805.0,29140.0,78185.0,2357.0,99.0,3558.0
2020-04-27,112261.0,2900.0,33791.0,75570.0,2131.0,95.0,4651.0
2020-04-28,114653.0,2992.0,38809.0,72852.0,2392.0,92.0,5018.0
2020-04-29,117589.0,3081.0,44040.0,70468.0,2936.0,89.0,5231.0
2020-04-30,120204.0,3174.0,48886.0,68144.0,2615.0,93.0,4846.0
2020-05-01,122392.0,3258.0,53808.0,65326.0,2188.0,84.0,4922.0
2020-05-02,124375.0,3336.0,58259.0,62780.0,1983.0,78.0,4451.0
2020-05-03,126045.0,3397.0,63151.0,59497.0,1670.0,61.0,4892.0
2020-05-04,127659.0,3461.0,68166.0,56032.0,1614.0,64.0,5015.0
2020-05-05,129491.0,3520.0,73285.0,52686.0,1832.0,59.0,5119.0
2020-05-06,131744.0,3584.0,78202.0,49958.0,2253.0,64.0,4917.0
2020-05-07,133721.0,3641.0,82984.0,47096.0,1977.0,57.0,4782.0
2020-05-08,135569.0,3689.0,86396.0,45484.0,1848.0,48.0,3412.0
2020-05-09,137115.0,3739.0,89480.0,43896.0,1546.0,50.0,3084.0
2020-05-10,138657.0,3786.0,92691.0,42180.0,1542.0,47.0,3211.0
2020-05-11,139771.0,3841.0,95780.0,40150.0,1114.0,55.0,3089.0
2020-05-12,141475.0,3894.0,98889.0,38692.0,1704.0,53.0,3109.0
2020-05-13,143114.0,3952.0,101715.0,37447.0,1639.0,58.0,2826.0
2020-05-14,144749.0,4007.0,104030.0,36712.0,1635.0,55.0,2315.0
2020-05-15,146457.0,4055.0,106133.0,36269.0,1708.0,48.0,2103.0
2020-05-16,148067.0,4096.0,108137.0,35834.0,1610.0,41.0,2004.0
2020-05-17,149435.0,4140.0,109962.0,35333.0,1368.0,44.0,1825.0
2020-05-18,150593.0,4171.0,111577.0,34845.0,1158.0,31.0,1615.0
2020-05-19,151615.0,4199.0,112895.0,34521.0,1022.0,28.0,1318.0
2020-05-20,152587.0,4222.0,113987.0,34378.0,972.0,23.0,1092.0
2020-05-21,153548.0,4249.0,114990.0,34309.0,961.0,27.0,1003.0
2020-05-22,154500.0,4276.0,116111.0,34113.0,952.0,27.0,1121.0
2020-05-23,155686.0,4308.0,117602.0,33776.0,1186.0,32.0,1491.0
2020-05-24,156827.0,4340.0,118694.0,33793.0,1141.0,32.0,1092.0
2020-05-25,157814.0,4369.0,120015.0,33430.0,987.0,29.0,1321.0
2020-05-26,158762.0,4397.0,121507.0,32858.0,948.0,28.0,1492.0
2020-05-27,159797.0,4431.0,122793.0,32573.0,1035.0,34.0,1286.0
2020-05-28,160979.0,4461.0,124369.0,32149.0,1182.0,30.0,1576.0
2020-05-29,162120.0,4489.0,125963.0,31668.0,1141.0,28.0,1594.0
2020-05-30,163103.0,4515.0,126984.0,31604.0,983.0,26.0,1021.0
2020-05-31,163942.0,4540.0,127973.0,31429.0,839.0,25.0,989.0
2020-06-01,164769.0,4563.0,128947.0,31259.0,827.0,23.0,974.0
2020-06-02,165555.0,4585.0,129921.0,31049.0,786.0,22.0,974.0
2020-06-03,166422.0,4609.0,130852.0,30961.0,867.0,24.0,931.0
2020-06-04,167410.0,4630.0,131778.0,31002.0,988.0,21.0,926.0
2020-06-05,168340.0,4648.0,133400.0,30292.0,930.0,18.0,1622.0
2020-06-06,169218.0,4669.0,135322.0,29227.0,878.0,21.0,1922.0
2020-06-07,170132.0,4692.0,137969.0,27471.0,914.0,23.0,2647.0
2020-06-08,171121.0,4711.0,141380.0,25030.0,989.0,19.0,3411.0
2020-06-09,172114.0,4729.0,144598.0,22787.0,993.0,18.0,3218.0
2020-06-10,173036.0,4746.0,146839.0,21451.0,922.0,17.0,2241.0
2020-06-11,174023.0,4763.0,147860.0,21400.0,987.0,17.0,1021.0
2020-06-12,175218.0,4778.0,149102.0,21338.0,1195.0,15.0,1242.0
2020-06-13,176677.0,4792.0,150087.0,21798.0,1459.0,14.0,985.0
2020-06-14,178239.0,4807.0,151417.0,22015.0,1562.0,15.0,1330.0
2020-06-15,179831.0,4825.0,152364.0,22642.0,1592.0,18.0,947.0
2020-06-16,181298.0,4842.0,153379.0,23077.0,1467.0,17.0,1015.0
2020-06-17,182727.0,4861.0,154640.0,23226.0,1429.0,19.0,1261.0
2020-06-18,184031.0,4882.0,156022.0,23127.0,1304.0,21.0,1382.0
2020-06-19,185245.0,4905.0,157516.0,22824.0,1214.0,23.0,1494.0
2020-06-20,186493.0,4927.0,158828.0,22738.0,1248.0,22.0,1312.0
2020-06-21,187685.0,4950.0,160240.0,22495.0,1192.0,23.0,1412.0
2020-06-22,188897.0,4974.0,161533.0,22390.0,1212.0,24.0,1293.0
2020-06-23,190165.0,5001.0,162848.0,22316.0,1268.0,27.0,1315.0
2020-06-24,191657.0,5025.0,164234.0,22398.0,1492.0,24.0,1386.0
2020-06-25,193115.0,5046.0,165706.0,22363.0,1458.0,21.0,1472.0
2020-06-26,194511.0,5065.0,167198.0,22248.0,1396.0,19.0,1492.0
2020-06-27,195883.0,5082.0,169182.0,21619.0,1372.0,17.0,1984.0
2020-06-28,197239.0,5097.0,170595.0,21547.0,1356.0,15.0,1413.0
2020-06-29,198613.0,5115.0,171809.0,21689.0,1374.0,18.0,1214.0
2020-06-30,199906.0,5131.0,173111.0,21664.0,1293.0,16.0,1302.0
2020-07-01,201098.0,5150.0,175422.0,20526.0,1192.0,19.0,2311.0
2020-07-02,202284.0,5167.0,176965.0,20152.0,1186.0,17.0,1543.0
2020-07-03,203456.0,5186.0,178278.0,19992.0,1172.0,19.0,1313.0
2020-07-04,204610.0,5206.0,179492.0,19912.0,1154.0,20.0,1214.0
2020-07-05,205758.0,5225.0,180680.0,19853.0,1148.0,19.0,1188.0
2020-07-06,206844.0,5241.0,182995.0,18608.0,1086.0,16.0,2315.0
2020-07-07,207897.0,5260.0,185292.0,17345.0,1053.0,19.0,2297.0
2020-07-08,208938.0,5282.0,187511.0,16145.0,1041.0,22.0,2219.0
2020-07-09,209962.0,5300.0,190390.0,14272.0,1024.0,18.0,2879.0
2020-07-10,210965.0,5323.0,191883.0,13759.0,1003.0,23.0,1493.0
2020-07-11,211981.0,5344.0,193217.0,13420.0,1016.0,21.0,1334.0
2020-07-12,212993.0,5363.0,194515.0,13115.0,1012.0,19.0,1298.0
2020-07-13,214001.0,5382.0,195671.0,12948.0,1008.0,19.0,1156.0
2020-07-14,214993.0,5402.0,196720.0,12871.0,992.0,20.0,1049.0
2020-07-15,215940.0,5419.0,197733.0,12788.0,947.0,17.0,1013.0
2020-07-16,216873.0,5440.0,198820.0,12613.0,933.0,21.0,1087.0
2020-07-17,217799.0,5458.0,199834.0,12507.0,926.0,18.0,1014.0
2020-07-18,218717.0,5475.0,201013.0,12229.0,918.0,17.0,1179.0
2020-07-19,219641.0,5491.0,202010.0,12140.0,924.0,16.0,997.0
2020-07-20,220572.0,5508.0,203002.0,12062.0,931.0,17.0,992.0
2020-07-21,221500.0,5526.0,204011.0,11963.0,928.0,18.0,1009.0
2020-07-22,222402.0,5545.0,205214.0,11643.0,902.0,19.0,1203.0
2020-07-23,223315.0,5563.0,206365.0,11387.0,913.0,18.0,1151.0
2020-07-24,224252.0,5580.0,207374.0,11298.0,937.0,17.0,1009.0
2020-07-25,225173.0,5596.0,208477.0,11100.0,921.0,16.0,1103.0
2020-07-26,226100.0,5613.0,209487.0,11000.0,927.0,17.0,1010.0
2020-07-27,227019.0,5630.0,210469.0,10920.0,919.0,17.0,982.0
2020-07-28,227982.0,5645.0,211561.0,10776.0,963.0,15.0,1092.0
2020-07-29,228924.0,5659.0,212557.0,10708.0,942.0,14.0,996.0
2020-07-30,229891.0,5674.0,213539.0,10678.0,967.0,15.0,982.0
2020-07-31,230873.0,5691.0,214535.0,10647.0,982.0,17.0,996.0
2020-08-01,231869.0,5710.0,215516.0,10643.0,996.0,19.0,981.0
2020-08-02,232856.0,5728.0,216494.0,10634.0,987.0,18.0,978.0
2020-08-03,233851.0,5747.0,217497.0,10607.0,995.0,19.0,1003.0
2020-08-04,234934.0,5765.0,218491.0,10678.0,1083.0,18.0,994.0
2020-08-05,236112.0,5784.0,219506.0,10822.0,1178.0,19.0,1015.0
2020-08-06,237265.0,5798.0,220546.0,10921.0,1153.0,14.0,1040.0
2020-08-07,238450.0,5813.0,221574.0,11063.0,1185.0,15.0,1028.0
2020-08-08,239622.0,5829.0,222656.0,11137.0,1172.0,16.0,1082.0
2020-08-09,240804.0,5844.0,223759.0,11201.0,1182.0,15.0,1103.0
2020-08-10,241997.0,5858.0,224970.0,11169.0,1193.0,14.0,1211.0
2020-08-11,243180.0,5873.0,226155.0,11152.0,1183.0,15.0,1185.0
2020-08-12,244392.0,5891.0,227089.0,11412.0,1212.0,18.0,934.0
2020-08-13,245635.0,5912.0,228057.0,11666.0,1243.0,21.0,968.0
2020-08-14,246861.0,5934.0,228980.0,11947.0,1226.0,22.0,923.0
2020-08-15,248117.0,5955.0,229972.0,12190.0,1256.0,21.0,992.0
2020-08-16,249309.0,5974.0,230969.0,12366.0,1192.0,19.0,997.0
2020-08-17,250542.0,5996.0,231971.0,12575.0,1233.0,22.0,1002.0
2020-08-18,251805.0,6016.0,232913.0,12876.0,1263.0,20.0,942.0
2020-08-19,253108.0,6039.0,233915.0,13154.0,1303.0,23.0,1002.0
2020-08-20,254520.0,6058.0,234797.0,13665.0,1412.0,19.0,882.0
2020-08-21,255723.0,6080.0,235569.0,14074.0,1203.0,22.0,772.0
2020-08-22,257032.0,6102.0,236370.0,14560.0,1309.0,22.0,801.0
2020-08-23,258249.0,6121.0,237165.0,14963.0,1217.0,19.0,795.0
2020-08-24,259692.0,6139.0,237908.0,15645.0,1443.0,18.0,743.0
2020-08-25,261194.0,6163.0,238795.0,16236.0,1502.0,24.0,887.0
2020-08-26,262507.0,6183.0,239797.0,16527.0,1313.0,20.0,1002.0
2020-08-27,263998.0,6209.0,240792.0,16997.0,1491.0,26.0,995.0
2020-08-28,265515.0,6245.0,241809.0,17461.0,1517.0,36.0,1017.0
2020-08-29,267064.0,6284.0,242812.0,17968.0,1549.0,39.0,1003.0
2020-08-30,268546.0,6326.0,243839.0,18381.0,1482.0,42.0,1027.0
2020-08-31,270133.0,6370.0,244926.0,18837.0,1587.0,44.0,1087.0
2020-09-01,271705.0,6417.0,245929.0,19359.0,1572.0,47.0,1003.0
2020-09-02,273301.0,6462.0,246876.0,19963.0,1596.0,45.0,947.0
2020-09-03,274943.0,6511.0,248087.0,20345.0,1642.0,49.0,1211.0
2020-09-04,276555.0,6564.0,249108.0,20883.0,1612.0,53.0,1021.0
2020-09-05,278228.0,6620.0,250092.0,21516.0,1673.0,56.0,984.0
2020-09-06,279806.0,6673.0,251105.0,22028.0,1578.0,53.0,1013.0
2020-09-07,281509.0,6730.0,252152.0,22627.0,1703.0,57.0,1047.0
2020-09-08,283270.0,6782.0,253245.0,23243.0,1761.0,52.0,1093.0
2020-09-09,284943.0,6837.0,254188.0,23918.0,1673.0,55.0,943.0
2020-09-10,286455.0,6895.0,255407.0,24153.0,1512.0,58.0,1219.0
2020-09-11,288126.0,6951.0,256524.0,24651.0,1671.0,56.0,1117.0
2020-09-12,289635.0,6999.0,257731.0,24905.0,1509.0,48.0,1207.0
2020-09-13,291162.0,7056.0,258833.0,25273.0,1527.0,57.0,1102.0
2020-09-14,292878.0,7119.0,260058.0,25701.0,1716.0,63.0,1225.0
2020-09-15,294620.0,7186.0,261260.0,26174.0,1742.0,67.0,1202.0
2020-09-16,296391.0,7249.0,262602.0,26540.0,1771.0,63.0,1342.0
2020-09-17,298039.0,7315.0,263745.0,26979.0,1648.0,66.0,1143.0
2020-09-18,299810.0,7377.0,264805.0,27628.0,1771.0,62.0,1060.0
2020-09-19,301348.0,7445.0,266117.0,27786.0,1538.0,68.0,1312.0
2020-09-20,302867.0,7506.0,267233.0,28128.0,1519.0,61.0,1116.0
2020-09-21,304610.0,7574.0,268435.0,28601.0,1743.0,68.0,1202.0
2020-09-22,306302.0,7639.0,269696.0,28967.0,1692.0,65.0,1261.0
2020-09-23,308069.0,7711.0,270723.0,29635.0,1767.0,72.0,1027.0
2020-09-24,309790.0,7785.0,271964.0,30041.0,1721.0,74.0,1241.0
2020-09-25,311455.0,7858.0,273282.0,30315.0,1665.0,73.0,1318.0
2020-09-26,312966.0,7929.0,274514.0,30523.0,1511.0,71.0,1232.0
2020-09-27,314433.0,7997.0,275630.0,30806.0,1467.0,68.0,1116.0
2020-09-28,315845.0,8062.0,277052.0,30731.0,1412.0,65.0,1422.0
2020-09-29,317272.0,8130.0,278504.0,30638.0,1427.0,68.0,1452.0
2020-09-30,318663.0,8195.0,279749.0,30719.0,1391.0,65.0,1245.0
2020-10-01,320070.0,8262.0,281151.0,30657.0,1407.0,67.0,1402.0
2020-10-02,321512.0,8325.0,282657.0,30530.0,1442.0,63.0,1506.0
2020-10-03,323014.0,8384.0,283868.0,30762.0,1502.0,59.0,1211.0
2020-10-04,324443.0,8441.0,285050.0,30952.0,1429.0,57.0,1182.0
2020-10-05,326046.0,8498.0,286370.0,31178.0,1603.0,57.0,1320.0
2020-10-06,327557.0,8553.0,287599.0,31405.0,1511.0,55.0,1229.0
2020-10-07,329138.0,8609.0,288954.0,31575.0,1581.0,56.0,1355.0
2020-10-08,330753.0,8667.0,290352.0,31734.0,1615.0,58.0,1398.0
2020-10-09,332382.0,8722.0,291754.0,31906.0,1629.0,55.0,1402.0
2020-10-10,334031.0,8778.0,293145.0,32108.0,1649.0,56.0,1391.0
2020-10-11,335533.0,8837.0,294357.0,32339.0,1502.0,59.0,1212.0
2020-10-12,337147.0,8895.0,295658.0,32594.0,1614.0,58.0,1301.0
2020-10-13,338779.0,8957.0,296972.0,32850.0,1632.0,62.0,1314.0
2020-10-14,340450.0,9014.0,298368.0,33068.0,1671.0,57.0,1396.0
2020-10-15,342143.0,9080.0,299679.0,33384.0,1693.0,66.0,1311.0
2020-10-16,343955.0,9153.0,301098.0,33704.0,1812.0,73.0,1419.0
2020-10-17,345678.0,9224.0,302499.0,33955.0,1723.0,71.0,1401.0
2020-10-18,347493.0,9296.0,304003.0,34194.0,1815.0,72.0,1504.0
2020-10-19,349519.0,9371.0,305427.0,34721.0,2026.0,75.0,1424.0
2020-10-20,351413.0,9445.0,306939.0,35029.0,1894.0,74.0,1512.0
2020-10-21,353426.0,9513.0,308446.0,35467.0,2013.0,68.0,1507.0
2020-10-22,355528.0,9584.0,310027.0,35917.0,2102.0,71.0,1581.0
2020-10-23,357693.0,9658.0,311520.0,36515.0,2165.0,74.0,1493.0
2020-10-24,359784.0,9727.0,313093.0,36964.0,2091.0,69.0,1573.0
2020-10-25,361801.0,9799.0,314390.0,37612.0,2017.0,72.0,1297.0
2020-10-26,363999.0,9874.0,316008.0,38117.0,2198.0,75.0,1618.0
2020-10-27,366208.0,9950.0,317519.0,38739.0,2209.0,76.0,1511.0
2020-10-28,368513.0,10027.0,319181.0,39305.0,2305.0,77.0,1662.0
2020-10-29,370832.0,10099.0,320762.0,39971.0,2319.0,72.0,1581.0
2020-10-30,373154.0,10177.0,322465.0,40512.0,2322.0,78.0,1703.0
2020-10-31,375367.0,10252.0,323971.0,41144.0,2213.0,75.0,1506.0
2020-11-01,377473.0,10326.0,325486.0,41661.0,2106.0,74.0,1515.0
