date,confirmed,deaths,recovered,active,new_confirmed,new_deaths,new_recovered
2020-01-31,2.0,0.0,0.0,0.0,,,
2020-02-01,2.0,0.0,0.0,2.0,0.0,0.0,0.0
2020-02-02,2.0,0.0,0.0,2.0,0.0,0.0,0.0
2020-02-03,2.0,0.0,0.0,2.0,0.0,0.0,0.0
2020-02-04,2.0,0.0,0.0,2.0,0.0,0.0,0.0
2020-02-05,2.0,0.0,0.0,2.0,0.0,0.0,0.0
2020-02-06,2.0,0.0,0.0,2.0,0.0,0.0,0.0
2020-02-07,3.0,0.0,0.0,3.0,1.0,0.0,0.0
2020-02-08,3.0,0.0,0.0,3.0,0.0,0.0,0.0
2020-02-09,3.0,0.0,0.0,3.0,0.0,0.0,0.0
2020-02-10,8.0,0.0,0.0,8.0,5.0,0.0,0.0
2020-02-11,8.0,0.0,0.0,8.0,0.0,0.0,0.0
2020-02-12,9.0,0.0,1.0,8.0,1.0,0.0,1.0
2020-02-13,9.0,0.0,1.0,8.0,0.0,0.0,0.0
2020-02-14,9.0,0.0,1.0,8.0,0.0,0.0,0.0
2020-02-15,9.0,0.0,1.0,8.0,0.0,0.0,0.0
2020-02-16,9.0,0.0,8.0,1.0,0.0,0.0,7.0
2020-02-17,9.0,0.0,8.0,1.0,0.0,0.0,0.0
2020-02-18,9.0,0.0,8.0,1.0,0.0,0.0,0.0
2020-02-19,9.0,0.0,8.0,1.0,0.0,0.0,0.0
2020-02-20,9.0,0.0,8.0,1.0,0.0,0.0,0.0
2020-02-21,9.0,0.0,8.0,1.0,0.0,0.0,0.0
2020-02-22,9.0,0.0,8.0,1.0,0.0,0.0,0.0
2020-02-23,9.0,0.0,8.0,1.0,0.0,0.0,0.0
2020-02-24,13.0,0.0,8.0,5.0,4.0,0.0,0.0
2020-02-25,13.0,0.0,8.0,5.0,0.0,0.0,0.0
2020-02-26,13.0,0.0,8.0,5.0,0.0,0.0,0.0
2020-02-27,15.0,0.0,8.0,7.0,2.0,0.0,0.0
2020-02-28,20.0,0.0,8.0,12.0,5.0,0.0,0.0
2020-02-29,23.0,0.0,8.0,15.0,3.0,0.0,0.0
2020-03-01,36.0,0.0,8.0,28.0,13.0,0.0,0.0
2020-03-02,40.0,0.0,8.0,32.0,4.0,0.0,0.0
2020-03-03,51.0,0.0,8.0,43.0,11.0,0.0,0.0
2020-03-04,85.0,0.0,8.0,77.0,34.0,0.0,0.0
2020-03-05,115.0,1.0,8.0,106.0,30.0,1.0,0.0
2020-03-06,163.0,2.0,8.0,153.0,48.0,1.0,0.0
2020-03-07,206.0,2.0,18.0,186.0,43.0,0.0,10.0
2020-03-08,273.0,3.0,18.0,252.0,67.0,1.0,0.0
2020-03-09,321.0,4.0,18.0,299.0,48.0,1.0,0.0
2020-03-10,382.0,6.0,18.0,358.0,61.0,2.0,0.0
2020-03-11,459.0,8.0,19.0,432.0,77.0,2.0,1.0
2020-03-12,459.0,8.0,19.0,432.0,0.0,0.0,0.0
2020-03-13,801.0,8.0,19.0,774.0,342.0,0.0,0.0
2020-03-14,1143.0,21.0,19.0,1103.0,342.0,13.0,0.0
2020-03-15,1144.0,21.0,19.0,1104.0,1.0,0.0,0.0
2020-03-16,1551.0,56.0,21.0,1474.0,407.0,35.0,2.0
2020-03-17,1960.0,56.0,53.0,1851.0,409.0,0.0,32.0
2020-03-18,2642.0,72.0,67.0,2503.0,682.0,16.0,14.0
2020-03-19,2716.0,138.0,67.0,2511.0,74.0,66.0,0.0
2020-03-20,4014.0,178.0,67.0,3769.0,1298.0,40.0,0.0
2020-03-21,5067.0,234.0,67.0,4766.0,1053.0,56.0,0.0
2020-03-22,5741.0,282.0,95.0,5364.0,674.0,48.0,28.0
2020-03-23,6726.0,336.0,140.0,6250.0,985.0,54.0,45.0
2020-03-24,8164.0,423.0,140.0,7601.0,1438.0,87.0,0.0
2020-03-25,9640.0,466.0,140.0,9034.0,1476.0,43.0,0.0
2020-03-26,11812.0,580.0,150.0,11082.0,2172.0,114.0,10.0
2020-03-27,14745.0,761.0,151.0,13833.0,2933.0,181.0,1.0
2020-03-28,17312.0,1021.0,151.0,16140.0,2567.0,260.0,0.0
2020-03-29,19780.0,1231.0,151.0,18398.0,2468.0,210.0,0.0
2020-03-30,22453.0,1411.0,171.0,20871.0,2673.0,180.0,20.0
2020-03-31,25481.0,1793.0,179.0,23509.0,3028.0,382.0,8.0
2020-04-01,29865.0,2357.0,179.0,27329.0,4384.0,564.0,0.0
2020-04-02,34173.0,2926.0,192.0,31055.0,4308.0,569.0,13.0
2020-04-03,38689.0,3611.0,208.0,34870.0,4516.0,685.0,16.0
2020-04-04,42477.0,4320.0,215.0,37942.0,3788.0,709.0,7.0
2020-04-05,48436.0,4943.0,229.0,43264.0,5959.0,623.0,14.0
2020-04-06,52279.0,5385.0,287.0,46607.0,3843.0,442.0,58.0
2020-04-07,55949.0,6171.0,325.0,49453.0,3670.0,786.0,38.0
2020-04-08,61474.0,7111.0,345.0,54018.0,5525.0,940.0,20.0
2020-04-09,65872.0,7993.0,359.0,57520.0,4398.0,882.0,14.0
2020-04-10,74605.0,8974.0,588.0,65043.0,8733.0,981.0,229.0
2020-04-11,79874.0,9892.0,622.0,69360.0,5269.0,918.0,34.0
2020-04-12,85206.0,10629.0,626.0,73951.0,5332.0,737.0,4.0
2020-04-13,89570.0,11347.0,304.0,77919.0,4364.0,718.0,-322.0
2020-04-14,94845.0,12129.0,323.0,82393.0,5275.0,782.0,19.0
2020-04-15,99483.0,12894.0,368.0,86221.0,4638.0,765.0,45.0
2020-04-16,104145.0,13759.0,375.0,90011.0,4662.0,865.0,7.0
2020-04-17,109769.0,14607.0,394.0,94768.0,5624.0,848.0,19.0
2020-04-18,115314.0,15498.0,414.0,99402.0,5545.0,891.0,20.0
2020-04-19,121172.0,16095.0,436.0,104641.0,5858.0,597.0,22.0
2020-04-20,125856.0,16550.0,446.0,108860.0,4684.0,455.0,10.0
2020-04-21,130172.0,17378.0,638.0,112156.0,4316.0,828.0,192.0
2020-04-22,134638.0,18151.0,683.0,115804.0,4466.0,773.0,45.0
2020-04-23,139246.0,18791.0,712.0,119743.0,4608.0,640.0,29.0
2020-04-24,144640.0,19567.0,724.0,124349.0,5394.0,776.0,12.0
2020-04-25,149569.0,20381.0,774.0,128414.0,4929.0,814.0,50.0
2020-04-26,154037.0,20794.0,778.0,132465.0,4468.0,413.0,4.0
2020-04-27,158348.0,21157.0,807.0,136384.0,4311.0,363.0,29.0
2020-04-28,162350.0,21745.0,813.0,139792.0,4002.0,588.0,6.0
2020-04-29,166441.0,26166.0,857.0,139418.0,4091.0,4421.0,44.0
2020-04-30,172481.0,26842.0,859.0,144780.0,6040.0,676.0,2.0
2020-05-01,178685.0,27583.0,892.0,150210.0,6204.0,741.0,33.0
2020-05-02,183500.0,28205.0,896.0,154399.0,4815.0,622.0,4.0
2020-05-03,187842.0,28520.0,901.0,158421.0,4342.0,315.0,5.0
2020-05-04,191832.0,28809.0,910.0,162113.0,3990.0,289.0,9.0
2020-05-05,196243.0,29501.0,926.0,165816.0,4411.0,692.0,16.0
2020-05-06,202359.0,30150.0,934.0,171275.0,6116.0,649.0,8.0
2020-05-07,207977.0,30689.0,970.0,176318.0,5618.0,539.0,36.0
2020-05-08,212629.0,31316.0,997.0,180316.0,4652.0,627.0,27.0
2020-05-09,216525.0,31662.0,1001.0,183862.0,3896.0,346.0,4.0
2020-05-10,220449.0,31930.0,1002.0,187517.0,3924.0,268.0,1.0
2020-05-11,224332.0,32141.0,1015.0,191176.0,3883.0,211.0,13.0
2020-05-12,227741.0,32769.0,1023.0,193949.0,3409.0,628.0,8.0
2020-05-13,230985.0,33264.0,1032.0,196689.0,3244.0,495.0,9.0
2020-05-14,234440.0,33693.0,1043.0,199704.0,3455.0,429.0,11.0
2020-05-15,238004.0,34078.0,1047.0,202879.0,3564.0,385.0,4.0
2020-05-16,241461.0,34546.0,1058.0,205857.0,3457.0,468.0,11.0
2020-05-17,244995.0,34716.0,1058.0,209221.0,3534.0,170.0,0.0
2020-05-18,247709.0,34876.0,1090.0,211743.0,2714.0,160.0,32.0
2020-05-19,250138.0,35422.0,1099.0,213617.0,2429.0,546.0,9.0
2020-05-20,249619.0,35786.0,1116.0,212717.0,-519.0,364.0,17.0
2020-05-21,252246.0,36124.0,1134.0,214988.0,2627.0,338.0,18.0
2020-05-22,255544.0,36475.0,1142.0,217927.0,3298.0,351.0,8.0
2020-05-23,258504.0,36757.0,1149.0,220598.0,2960.0,282.0,7.0
2020-05-24,260916.0,36875.0,1151.0,222890.0,2412.0,118.0,2.0
2020-05-25,262547.0,36996.0,1161.0,224390.0,1631.0,121.0,10.0
2020-05-26,266599.0,37130.0,1161.0,228308.0,4052.0,134.0,0.0
2020-05-27,268619.0,37542.0,1166.0,229911.0,2020.0,412.0,5.0
2020-05-28,270508.0,37919.0,1167.0,231422.0,1889.0,377.0,1.0
2020-05-29,272607.0,38243.0,1172.0,233192.0,2099.0,324.0,5.0
2020-05-30,274219.0,38458.0,1187.0,234574.0,1612.0,215.0,15.0
2020-05-31,276156.0,38571.0,1190.0,236395.0,1937.0,113.0,3.0
2020-06-01,277736.0,39127.0,1221.0,237388.0,1580.0,556.0,31.0
2020-06-02,279392.0,39452.0,1224.0,238716.0,1656.0,325.0,3.0
2020-06-03,281270.0,39811.0,1212.0,240247.0,1878.0,359.0,-12.0
2020-06-04,283079.0,39987.0,1219.0,241873.0,1809.0,176.0,7.0
2020-06-05,284734.0,40344.0,1228.0,243162.0,1655.0,357.0,9.0
2020-06-06,286294.0,40548.0,1230.0,244516.0,1560.0,204.0,2.0
2020-06-07,287621.0,40625.0,1239.0,245757.0,1327.0,77.0,9.0
2020-06-08,288834.0,40680.0,1255.0,246899.0,1213.0,55.0,16.0
2020-06-09,290581.0,40968.0,1257.0,248356.0,1747.0,288.0,2.0
2020-06-10,291588.0,41213.0,1269.0,249106.0,1007.0,245.0,12.0
2020-06-11,292860.0,41364.0,1278.0,250218.0,1272.0,151.0,9.0
2020-06-12,294402.0,41566.0,1282.0,251554.0,1542.0,202.0,4.0
2020-06-13,295828.0,41747.0,1283.0,252798.0,1426.0,181.0,1.0
2020-06-14,297342.0,41783.0,1283.0,254276.0,1514.0,36.0,0.0
2020-06-15,298315.0,41821.0,1284.0,255210.0,973.0,38.0,1.0
2020-06-16,299600.0,42054.0,1293.0,256253.0,1285.0,233.0,9.0
2020-06-17,300717.0,42238.0,1304.0,257175.0,1117.0,184.0,11.0
2020-06-18,301935.0,42373.0,1313.0,258249.0,1218.0,135.0,9.0
2020-06-19,303285.0,42546.0,1319.0,259420.0,1350.0,173.0,6.0
2020-06-20,304580.0,42674.0,1319.0,260587.0,1295.0,128.0,0.0
2020-06-21,305803.0,42717.0,1319.0,261767.0,1223.0,43.0,0.0
2020-06-22,306761.0,42731.0,1322.0,262708.0,958.0,14.0,3.0
2020-06-23,307682.0,43011.0,1330.0,263341.0,921.0,280.0,8.0
2020-06-24,308337.0,43165.0,1345.0,263827.0,655.0,154.0,15.0
2020-06-25,309455.0,43314.0,1361.0,264780.0,1118.0,149.0,16.0
2020-06-26,310836.0,43498.0,1363.0,265975.0,1381.0,184.0,2.0
2020-06-27,311727.0,43598.0,1364.0,266765.0,891.0,100.0,1.0
2020-06-28,312640.0,43634.0,1364.0,267642.0,913.0,36.0,0.0
2020-06-29,313470.0,43659.0,1368.0,268443.0,830.0,25.0,4.0
2020-06-30,314160.0,43815.0,1370.0,268975.0,690.0,156.0,2.0
2020-07-01,314992.0,43991.0,1372.0,269629.0,832.0,176.0,2.0
2020-07-02,285268.0,44080.0,1373.0,239815.0,-29724.0,89.0,1.0
2020-07-03,285787.0,44216.0,1375.0,240196.0,519.0,136.0,2.0
2020-07-04,286412.0,44283.0,1375.0,240754.0,625.0,67.0,0.0
2020-07-05,286931.0,44305.0,1375.0,241251.0,519.0,22.0,0.0
2020-07-06,287290.0,44321.0,1375.0,241594.0,359.0,16.0,0.0
2020-07-07,287874.0,44476.0,1375.0,242023.0,584.0,155.0,0.0
2020-07-08,288511.0,44602.0,1378.0,242531.0,637.0,126.0,3.0
2020-07-09,289154.0,44687.0,1378.0,243089.0,643.0,85.0,0.0
2020-07-10,289678.0,44735.0,1378.0,243565.0,524.0,48.0,0.0
2020-07-11,290504.0,44883.0,1378.0,244243.0,826.0,148.0,0.0
2020-07-12,291154.0,44904.0,1378.0,244872.0,650.0,21.0,0.0
2020-07-13,291691.0,44915.0,1384.0,245392.0,537.0,11.0,6.0
2020-07-14,292931.0,45053.0,1385.0,246493.0,1240.0,138.0,1.0
2020-07-15,293469.0,45138.0,1386.0,246945.0,538.0,85.0,1.0
2020-07-16,294116.0,45204.0,1403.0,247509.0,647.0,66.0,17.0
2020-07-17,294803.0,45318.0,1403.0,248082.0,687.0,114.0,0.0
2020-07-18,295632.0,45358.0,1413.0,248861.0,829.0,40.0,10.0
2020-07-19,296358.0,45385.0,1413.0,249560.0,726.0,27.0,0.0
2020-07-20,296944.0,45397.0,1413.0,250134.0,586.0,12.0,0.0
2020-07-21,297389.0,45507.0,1414.0,250468.0,445.0,110.0,1.0
2020-07-22,297952.0,45586.0,1416.0,250950.0,563.0,79.0,2.0
2020-07-23,298731.0,45639.0,1425.0,251667.0,779.0,53.0,9.0
2020-07-24,299500.0,45762.0,1425.0,252313.0,769.0,123.0,0.0
2020-07-25,300270.0,45823.0,1427.0,253020.0,770.0,61.0,2.0
2020-07-26,301020.0,45837.0,1434.0,253749.0,750.0,14.0,7.0
2020-07-27,301708.0,45844.0,1437.0,254427.0,688.0,7.0,3.0
2020-07-28,302295.0,45963.0,1438.0,254894.0,587.0,119.0,1.0
2020-07-29,303063.0,46046.0,1438.0,255579.0,768.0,83.0,0.0
2020-07-30,303910.0,46084.0,1438.0,256388.0,847.0,38.0,0.0
2020-07-31,304793.0,46204.0,1439.0,257150.0,883.0,120.0,1.0
2020-08-01,305572.0,46278.0,1441.0,257853.0,779.0,74.0,2.0
2020-08-02,306319.0,46286.0,1444.0,258589.0,747.0,8.0,3.0
2020-08-03,307251.0,46295.0,1445.0,259511.0,932.0,9.0,1.0
2020-08-04,307926.0,46384.0,1445.0,260097.0,675.0,89.0,0.0
2020-08-05,308832.0,46449.0,1446.0,260937.0,906.0,65.0,1.0
2020-08-06,309796.0,46498.0,1447.0,261851.0,964.0,49.0,1.0
2020-08-07,310696.0,46596.0,1447.0,262653.0,900.0,98.0,0.0
2020-08-08,311461.0,46651.0,1449.0,263361.0,765.0,55.0,2.0
2020-08-09,312574.0,46659.0,1451.0,264464.0,1113.0,8.0,2.0
2020-08-10,313392.0,46611.0,1463.0,265318.0,818.0,-48.0,12.0
2020-08-11,313394.0,46611.0,1464.0,265319.0,2.0,0.0,1.0
2020-08-12,315581.0,46791.0,1472.0,267318.0,2187.0,180.0,8.0
2020-08-13,315600.0,46791.0,1479.0,267330.0,19.0,0.0,7.0
2020-08-14,315621.0,46791.0,1481.0,267349.0,21.0,0.0,2.0
2020-08-15,319232.0,46791.0,1486.0,270955.0,3611.0,0.0,5.0
2020-08-16,320343.0,46791.0,1486.0,272066.0,1111.0,0.0,0.0
2020-08-17,321064.0,41454.0,1490.0,278120.0,721.0,-5337.0,4.0
2020-08-18,322177.0,41466.0,1493.0,279218.0,1113.0,12.0,3.0
2020-08-19,323008.0,41483.0,1495.0,280030.0,831.0,17.0,2.0
2020-08-20,324203.0,41489.0,1544.0,281170.0,1195.0,6.0,49.0
2020-08-21,325263.0,41491.0,1544.0,282228.0,1060.0,2.0,0.0
