date,confirmed,deaths,recovered,active,new_confirmed,new_deaths,new_recovered
2020-01-22,1.0,0.0,0.0,0.0,,,
2020-01-23,1.0,0.0,0.0,0.0,0.0,0.0,0.0
2020-01-24,2.0,0.0,0.0,0.0,1.0,0.0,0.0
2020-01-25,2.0,0.0,0.0,0.0,0.0,0.0,0.0
2020-01-26,5.0,0.0,0.0,0.0,3.0,0.0,0.0
2020-01-27,5.0,0.0,0.0,0.0,0.0,0.0,0.0
2020-01-28,5.0,0.0,0.0,0.0,0.0,0.0,0.0
2020-01-29,5.0,0.0,0.0,0.0,0.0,0.0,0.0
2020-01-30,5.0,0.0,0.0,0.0,0.0,0.0,0.0
2020-01-31,6.0,0.0,0.0,0.0,1.0,0.0,0.0
2020-02-01,8.0,0.0,0.0,8.0,2.0,0.0,0.0
2020-02-02,8.0,0.0,0.0,8.0,0.0,0.0,0.0
2020-02-03,11.0,0.0,0.0,11.0,3.0,0.0,0.0
2020-02-04,11.0,0.0,0.0,11.0,0.0,0.0,0.0
2020-02-05,12.0,0.0,0.0,12.0,1.0,0.0,0.0
2020-02-06,12.0,0.0,0.0,12.0,0.0,0.0,0.0
2020-02-07,12.0,0.0,0.0,12.0,0.0,0.0,0.0
2020-02-08,12.0,0.0,0.0,12.0,0.0,0.0,0.0
2020-02-09,12.0,0.0,3.0,9.0,0.0,0.0,3.0
2020-02-10,12.0,0.0,3.0,9.0,0.0,0.0,0.0
2020-02-11,13.0,0.0,3.0,10.0,1.0,0.0,0.0
2020-02-12,13.0,0.0,3.0,10.0,0.0,0.0,0.0
2020-02-13,15.0,0.0,3.0,12.0,2.0,0.0,0.0
2020-02-14,15.0,0.0,3.0,12.0,0.0,0.0,0.0
2020-02-15,15.0,0.0,3.0,12.0,0.0,0.0,0.0
2020-02-16,15.0,0.0,3.0,12.0,0.0,0.0,0.0
2020-02-17,15.0,0.0,3.0,12.0,0.0,0.0,0.0
2020-02-18,15.0,0.0,3.0,12.0,0.0,0.0,0.0
2020-02-19,15.0,0.0,3.0,12.0,0.0,0.0,0.0
2020-02-20,15.0,0.0,3.0,12.0,0.0,0.0,0.0
2020-02-21,35.0,0.0,5.0,30.0,20.0,0.0,2.0
2020-02-22,35.0,0.0,5.0,30.0,0.0,0.0,0.0
2020-02-23,35.0,0.0,5.0,30.0,0.0,0.0,0.0
2020-02-24,53.0,0.0,5.0,48.0,18.0,0.0,0.0
2020-02-25,53.0,0.0,6.0,47.0,0.0,0.0,1.0
2020-02-26,59.0,0.0,6.0,53.0,6.0,0.0,0.0
2020-02-27,60.0,0.0,6.0,54.0,1.0,0.0,0.0
2020-02-28,62.0,0.0,7.0,55.0,2.0,0.0,1.0
2020-02-29,70.0,1.0,7.0,62.0,8.0,1.0,0.0
2020-03-01,76.0,1.0,7.0,68.0,6.0,0.0,0.0
2020-03-02,101.0,6.0,7.0,88.0,25.0,5.0,0.0
2020-03-03,122.0,7.0,8.0,107.0,21.0,1.0,1.0
2020-03-04,153.0,11.0,8.0,134.0,31.0,4.0,0.0
2020-03-05,221.0,12.0,8.0,201.0,68.0,1.0,0.0
2020-03-06,278.0,14.0,8.0,256.0,57.0,2.0,0.0
2020-03-07,417.0,17.0,8.0,392.0,139.0,3.0,0.0
2020-03-08,537.0,21.0,8.0,508.0,120.0,4.0,0.0
2020-03-09,605.0,22.0,8.0,575.0,68.0,1.0,0.0
2020-03-10,959.0,28.0,8.0,923.0,354.0,6.0,0.0
2020-03-11,1281.0,36.0,8.0,1237.0,322.0,8.0,0.0
2020-03-12,1663.0,40.0,12.0,1611.0,382.0,4.0,4.0
2020-03-13,2179.0,47.0,12.0,2120.0,516.0,7.0,0.0
2020-03-14,2726.0,54.0,12.0,2660.0,547.0,7.0,0.0
2020-03-15,3499.0,63.0,12.0,3424.0,773.0,9.0,0.0
2020-03-16,4632.0,85.0,17.0,4530.0,1133.0,22.0,5.0
2020-03-17,6421.0,108.0,17.0,6296.0,1789.0,23.0,0.0
2020-03-18,7786.0,118.0,106.0,7562.0,1365.0,10.0,89.0
2020-03-19,13680.0,200.0,108.0,13372.0,5894.0,82.0,2.0
2020-03-20,19101.0,244.0,147.0,18710.0,5421.0,44.0,39.0
2020-03-21,25514.0,307.0,171.0,25036.0,6413.0,63.0,24.0
2020-03-22,33848.0,427.0,0.0,33421.0,8334.0,120.0,-171.0
2020-03-23,43663.0,552.0,0.0,43111.0,9815.0,125.0,0.0
2020-03-24,53736.0,706.0,348.0,52682.0,10073.0,154.0,348.0
2020-03-25,65778.0,942.0,361.0,64475.0,12042.0,236.0,13.0
2020-03-26,83836.0,1209.0,681.0,81946.0,18058.0,267.0,320.0
2020-03-27,101657.0,1581.0,869.0,99207.0,17821.0,372.0,188.0
2020-03-28,121465.0,2026.0,1072.0,118367.0,19808.0,445.0,203.0
2020-03-29,140909.0,2467.0,2665.0,135777.0,19444.0,441.0,1593.0
2020-03-30,161831.0,2978.0,5644.0,153209.0,20922.0,511.0,2979.0
2020-03-31,188172.0,3873.0,7024.0,177275.0,26341.0,895.0,1380.0
2020-04-01,213372.0,4757.0,8474.0,200141.0,25200.0,884.0,1450.0
2020-04-02,243599.0,5926.0,9001.0,228672.0,30227.0,1169.0,527.0
2020-04-03,275586.0,7087.0,9707.0,258792.0,31987.0,1161.0,706.0
2020-04-04,308853.0,8407.0,14652.0,285794.0,33267.0,1320.0,4945.0
2020-04-05,337072.0,9619.0,17448.0,310005.0,28219.0,1212.0,2796.0
2020-04-06,366667.0,10783.0,19581.0,336303.0,29595.0,1164.0,2133.0
2020-04-07,396223.0,12722.0,21763.0,361738.0,29556.0,1939.0,2182.0
2020-04-08,429052.0,14695.0,23559.0,390798.0,32829.0,1973.0,1796.0
2020-04-09,461437.0,16478.0,25410.0,419549.0,32385.0,1783.0,1851.0
2020-04-10,496535.0,18586.0,28790.0,449159.0,35098.0,2108.0,3380.0
2020-04-11,526396.0,20462.0,31270.0,474664.0,29861.0,1876.0,2480.0
2020-04-12,555313.0,22019.0,32988.0,500306.0,28917.0,1557.0,1718.0
2020-04-13,580619.0,23528.0,43482.0,513609.0,25306.0,1509.0,10494.0
2020-04-14,607670.0,25831.0,47763.0,534076.0,27051.0,2303.0,4281.0
2020-04-15,636350.0,28325.0,52096.0,555929.0,28680.0,2494.0,4333.0
2020-04-16,667801.0,32916.0,54703.0,580182.0,31451.0,4591.0,2607.0
2020-04-17,699706.0,36773.0,58545.0,604388.0,31905.0,3857.0,3842.0
2020-04-18,732197.0,38664.0,64840.0,628693.0,32491.0,1891.0,6295.0
2020-04-19,759086.0,40661.0,70337.0,648088.0,26889.0,1997.0,5497.0
2020-04-20,784326.0,42094.0,72329.0,669903.0,25240.0,1433.0,1992.0
2020-04-21,811865.0,44444.0,75204.0,692217.0,27539.0,2350.0,2875.0
2020-04-22,840220.0,46622.0,77366.0,716232.0,28355.0,2178.0,2162.0
2020-04-23,869170.0,49954.0,80203.0,739013.0,28950.0,3332.0,2837.0
2020-04-24,905333.0,51949.0,99079.0,754305.0,36163.0,1995.0,18876.0
2020-04-25,938154.0,53755.0,100372.0,784027.0,32821.0,1806.0,1293.0
2020-04-26,965783.0,54881.0,106988.0,803914.0,27629.0,1126.0,6616.0
2020-04-27,988090.0,56259.0,111424.0,820407.0,22307.0,1378.0,4436.0
2020-04-28,1012582.0,58355.0,115936.0,838291.0,24492.0,2096.0,4512.0
2020-04-29,1039909.0,60967.0,120720.0,858222.0,27327.0,2612.0,4784.0
2020-04-30,1069424.0,62996.0,153947.0,852481.0,29515.0,2029.0,33227.0
2020-05-01,1103461.0,64943.0,164015.0,874503.0,34037.0,1947.0,10068.0
2020-05-02,1132539.0,66369.0,175382.0,890788.0,29078.0,1426.0,11367.0
2020-05-03,1158040.0,67682.0,180152.0,910206.0,25501.0,1313.0,4770.0
2020-05-04,1180375.0,68922.0,187180.0,924273.0,22335.0,1240.0,7028.0
2020-05-05,1204351.0,71064.0,189791.0,943496.0,23976.0,2142.0,2611.0
2020-05-06,1228603.0,73431.0,189910.0,965262.0,24252.0,2367.0,119.0
2020-05-07,1257023.0,75662.0,195036.0,986325.0,28420.0,2231.0,5126.0
2020-05-08,1283929.0,77180.0,198993.0,1007756.0,26906.0,1518.0,3957.0
2020-05-09,1309550.0,78795.0,212534.0,1018221.0,25621.0,1615.0,13541.0
2020-05-10,1329260.0,79526.0,216169.0,1033565.0,19710.0,731.0,3635.0
2020-05-11,1347881.0,80682.0,232733.0,1034466.0,18621.0,1156.0,16564.0
2020-05-12,1369574.0,82376.0,230287.0,1056911.0,21693.0,1694.0,-2446.0
2020-05-13,1390406.0,84119.0,243430.0,1062857.0,20832.0,1743.0,13143.0
2020-05-14,1417774.0,85898.0,246414.0,1085462.0,27368.0,1779.0,2984.0
2020-05-15,1442824.0,87530.0,250747.0,1104547.0,25050.0,1632.0,4333.0
2020-05-16,1467820.0,88754.0,268376.0,1110690.0,24996.0,1224.0,17629.0
2020-05-17,1486757.0,89562.0,272265.0,1124930.0,18937.0,808.0,3889.0
2020-05-18,1508308.0,90347.0,283178.0,1134783.0,21551.0,785.0,10913.0
2020-05-19,1528568.0,91921.0,289392.0,1147255.0,20260.0,1574.0,6214.0
2020-05-20,1551853.0,93439.0,294312.0,1164102.0,23285.0,1518.0,4920.0
2020-05-21,1577147.0,94702.0,298418.0,1184027.0,25294.0,1263.0,4106.0
2020-05-22,1600937.0,95979.0,350135.0,1154823.0,23790.0,1277.0,51717.0
2020-05-23,1622612.0,97087.0,361239.0,1164286.0,21675.0,1108.0,11104.0
2020-05-24,1643246.0,97720.0,366736.0,1178790.0,20634.0,633.0,5497.0
2020-05-25,1662302.0,98220.0,379157.0,1184925.0,19056.0,500.0,12421.0
2020-05-26,1680913.0,98913.0,384902.0,1197098.0,18611.0,693.0,5745.0
2020-05-27,1699176.0,100418.0,391508.0,1207250.0,18263.0,1505.0,6606.0
2020-05-28,1721753.0,101616.0,399991.0,1220146.0,22577.0,1198.0,8483.0
2020-05-29,1746019.0,102809.0,406446.0,1236764.0,24266.0,1193.0,6455.0
2020-05-30,1770165.0,103776.0,416461.0,1249928.0,24146.0,967.0,10015.0
2020-05-31,1790172.0,104381.0,444758.0,1241033.0,20007.0,605.0,28297.0
2020-06-01,1811020.0,105149.0,458231.0,1247640.0,20848.0,768.0,13473.0
2020-06-02,1831821.0,106180.0,463868.0,1261773.0,20801.0,1031.0,5637.0
2020-06-03,1851520.0,107175.0,479258.0,1265087.0,19699.0,995.0,15390.0
2020-06-04,1872660.0,108211.0,485002.0,1279447.0,21140.0,1036.0,5744.0
2020-06-05,1902632.0,109373.0,491706.0,1301553.0,29972.0,1162.0,6704.0
2020-06-06,1925765.0,110084.0,500849.0,1314832.0,23133.0,711.0,9143.0
2020-06-07,1943880.0,110528.0,506367.0,1326985.0,18115.0,444.0,5518.0
2020-06-08,1961428.0,111011.0,518522.0,1331895.0,17548.0,483.0,12155.0
2020-06-09,1979489.0,111989.0,524860.0,1342640.0,18061.0,978.0,6338.0
2020-06-10,2000464.0,112924.0,533504.0,1354036.0,20975.0,935.0,8644.0
2020-06-11,2023347.0,113820.0,540292.0,1369235.0,22883.0,896.0,6788.0
2020-06-12,2048986.0,114669.0,547386.0,1386931.0,25639.0,849.0,7094.0
2020-06-13,2074526.0,115436.0,556606.0,1402484.0,25540.0,767.0,9220.0
2020-06-14,2094058.0,115732.0,561816.0,1416510.0,19532.0,296.0,5210.0
2020-06-15,2114026.0,116127.0,576334.0,1421565.0,19968.0,395.0,14518.0
2020-06-16,2137731.0,116963.0,583503.0,1437265.0,23705.0,836.0,7169.0
2020-06-17,2163290.0,117717.0,592191.0,1453382.0,25559.0,754.0,8688.0
2020-06-18,2191053.0,118438.0,599115.0,1473500.0,27763.0,721.0,6924.0
2020-06-19,2222812.0,119125.0,606715.0,1496972.0,31759.0,687.0,7600.0
2020-06-20,2255119.0,119719.0,617460.0,1517940.0,32307.0,594.0,10745.0
2020-06-21,2281290.0,119977.0,622133.0,1539180.0,26171.0,258.0,4673.0
2020-06-22,2312300.0,120402.0,640198.0,1551700.0,31010.0,425.0,18065.0
2020-06-23,2347022.0,121228.0,647548.0,1578246.0,34722.0,826.0,7350.0
2020-06-24,2381493.0,121980.0,656161.0,1603352.0,34471.0,752.0,8613.0
2020-06-25,2422299.0,124410.0,663562.0,1634327.0,40806.0,2430.0,7401.0
2020-06-26,2467554.0,125039.0,670809.0,1671706.0,45255.0,629.0,7247.0
2020-06-27,2510151.0,125539.0,679308.0,1705304.0,42597.0,500.0,8499.0
2020-06-28,2548996.0,125803.0,685164.0,1738029.0,38845.0,264.0,5856.0
2020-06-29,2590651.0,126140.0,705203.0,1759308.0,41655.0,337.0,20039.0
2020-06-30,2635417.0,127417.0,720631.0,1787369.0,44766.0,1277.0,15428.0
2020-07-01,2686258.0,128062.0,729994.0,1828202.0,50841.0,645.0,9363.0
2020-07-02,2739879.0,128740.0,781970.0,1829169.0,53621.0,678.0,51976.0
2020-07-03,2794153.0,129434.0,790404.0,1874315.0,54274.0,694.0,8434.0
2020-07-04,2839436.0,129676.0,894325.0,1815435.0,45283.0,242.0,103921.0
2020-07-05,2888635.0,129947.0,906763.0,1851925.0,49199.0,271.0,12438.0
2020-07-06,2936077.0,130285.0,924148.0,1881644.0,47442.0,338.0,17385.0
2020-07-07,2996098.0,131480.0,936476.0,1928142.0,60021.0,1195.0,12328.0
2020-07-08,3054699.0,132300.0,953420.0,1968979.0,58601.0,820.0,16944.0
2020-07-09,3117946.0,133290.0,969111.0,2015545.0,63247.0,990.0,15691.0
2020-07-10,3184573.0,134092.0,983185.0,2067296.0,66627.0,802.0,14074.0
2020-07-11,3245925.0,134777.0,995576.0,2115572.0,61352.0,685.0,12391.0
2020-07-12,3304942.0,135205.0,1006326.0,2163411.0,59017.0,428.0,10750.0
2020-07-13,3364157.0,135566.0,1031939.0,2196652.0,59215.0,361.0,25613.0
2020-07-14,3431574.0,136466.0,1049098.0,2246010.0,67417.0,900.0,17159.0
2020-07-15,3497847.0,137407.0,1075882.0,2284558.0,66273.0,941.0,26784.0
2020-07-16,3576157.0,138358.0,1090645.0,2347154.0,78310.0,951.0,14763.0
2020-07-17,3647715.0,139266.0,1107204.0,2401245.0,71558.0,908.0,16559.0
2020-07-18,3711413.0,140119.0,1122720.0,2448574.0,63698.0,853.0,15516.0
2020-07-19,3773260.0,140534.0,1131121.0,2501605.0,61847.0,415.0,8401.0
2020-07-20,3834677.0,140913.0,1160087.0,2533677.0,61417.0,379.0,28966.0
2020-07-21,3899211.0,141995.0,1182018.0,2575198.0,64534.0,1082.0,21931.0
2020-07-22,3970085.0,143190.0,1210849.0,2616046.0,70874.0,1195.0,28831.0
2020-07-23,4038748.0,144304.0,1233269.0,2661175.0,68663.0,1114.0,22420.0
2020-07-24,4112531.0,145546.0,1261624.0,2705361.0,73783.0,1242.0,28355.0
2020-07-25,4178021.0,146460.0,1279414.0,2752147.0,65490.0,914.0,17790.0
2020-07-26,4233923.0,146935.0,1297863.0,2789125.0,55902.0,475.0,18449.0
2020-07-27,4290337.0,148012.0,1325804.0,2816521.0,56414.0,1077.0,27941.0
2020-07-28,4356206.0,149310.0,1355363.0,2851533.0,65869.0,1298.0,29559.0
2020-07-29,4426982.0,150713.0,1389425.0,2886844.0,70776.0,1403.0,34062.0
2020-07-30,4495015.0,152055.0,1414155.0,2928805.0,68033.0,1342.0,24730.0
2020-07-31,4562038.0,153314.0,1438160.0,2970564.0,67023.0,1259.0,24005.0
2020-08-01,4620444.0,154447.0,1461885.0,3004112.0,58406.0,1133.0,23725.0
2020-08-02,4667955.0,154860.0,1468689.0,3044406.0,47511.0,413.0,6804.0
2020-08-03,4713540.0,155402.0,1513446.0,3044692.0,45585.0,542.0,44757.0
2020-08-04,4771080.0,156801.0,1528979.0,3085300.0,57540.0,1399.0,15533.0
2020-08-05,4823890.0,158250.0,1577851.0,3087789.0,52810.0,1449.0,48872.0
