date,confirmed,deaths,recovered,active,new_confirmed,new_deaths,new_recovered
2020-03-15,1.0,0.0,0.0,1.0,,,
2020-03-16,6.0,0.0,0.0,6.0,5.0,0.0,0.0
2020-03-17,10.0,0.0,0.0,10.0,4.0,0.0,0.0
2020-03-18,15.0,0.0,0.0,15.0,5.0,0.0,0.0
2020-03-19,23.0,0.0,0.0,23.0,8.0,0.0,0.0
2020-03-20,33.0,0.0,0.0,33.0,10.0,0.0,0.0
2020-03-21,43.0,0.0,0.0,43.0,10.0,0.0,0.0
2020-03-22,43.0,0.0,0.0,43.0,0.0,0.0,0.0
2020-03-23,46.0,0.0,0.0,46.0,3.0,0.0,0.0
2020-03-24,50.0,0.0,0.0,50.0,4.0,0.0,0.0
2020-03-25,60.0,0.0,0.0,60.0,10.0,0.0,0.0
2020-03-26,75.0,0.0,0.0,75.0,15.0,0.0,0.0
2020-03-27,88.0,1.0,5.0,82.0,13.0,1.0,5.0
2020-03-28,104.0,2.0,5.0,97.0,16.0,1.0,0.0
2020-03-29,144.0,2.0,7.0,135.0,40.0,0.0,2.0
2020-03-30,149.0,2.0,7.0,140.0,5.0,0.0,0.0
2020-03-31,172.0,2.0,7.0,163.0,23.0,0.0,0.0
2020-04-01,181.0,2.0,12.0,167.0,9.0,0.0,5.0
2020-04-02,205.0,2.0,25.0,178.0,24.0,0.0,13.0
2020-04-03,227.0,2.0,25.0,200.0,22.0,0.0,0.0
2020-04-04,266.0,2.0,25.0,239.0,39.0,0.0,0.0
2020-04-05,342.0,2.0,30.0,310.0,76.0,0.0,5.0
2020-04-06,457.0,2.0,30.0,425.0,115.0,0.0,0.0
2020-04-07,520.0,2.0,30.0,488.0,63.0,0.0,0.0
2020-04-08,545.0,3.0,30.0,512.0,25.0,1.0,0.0
2020-04-09,582.0,3.0,38.0,541.0,37.0,0.0,8.0
2020-04-10,624.0,3.0,42.0,579.0,42.0,0.0,4.0
2020-04-11,767.0,4.0,42.0,721.0,143.0,1.0,0.0
2020-04-12,865.0,4.0,66.0,795.0,98.0,0.0,24.0
2020-04-13,998.0,4.0,85.0,909.0,133.0,0.0,19.0
2020-04-14,1165.0,4.0,99.0,1062.0,167.0,0.0,14.0
2020-04-15,1302.0,4.0,107.0,1191.0,137.0,0.0,8.0
2020-04-16,1349.0,4.0,129.0,1216.0,47.0,0.0,22.0
2020-04-17,1405.0,4.0,156.0,1245.0,56.0,0.0,27.0
2020-04-18,1490.0,5.0,194.0,1291.0,85.0,1.0,38.0
2020-04-19,1565.0,5.0,225.0,1335.0,75.0,0.0,31.0
2020-04-20,1627.0,5.0,261.0,1361.0,62.0,0.0,36.0
2020-04-21,1678.0,6.0,357.0,1315.0,51.0,1.0,96.0
2020-04-22,1716.0,7.0,450.0,1259.0,38.0,1.0,93.0
2020-04-23,1758.0,7.0,561.0,1190.0,42.0,0.0,111.0
2020-04-24,1804.0,8.0,621.0,1175.0,46.0,1.0,60.0
2020-04-25,1862.0,8.0,707.0,1147.0,58.0,0.0,86.0
2020-04-26,1869.0,8.0,789.0,1072.0,7.0,0.0,82.0
2020-04-27,1904.0,8.0,892.0,1004.0,35.0,0.0,103.0
2020-04-28,1939.0,8.0,992.0,939.0,35.0,0.0,100.0
2020-04-29,2002.0,9.0,1096.0,897.0,63.0,1.0,104.0
2020-04-30,2039.0,9.0,1133.0,897.0,37.0,0.0,37.0
2020-05-01,2086.0,9.0,1212.0,865.0,47.0,0.0,79.0
2020-05-02,2118.0,9.0,1271.0,838.0,32.0,0.0,59.0
2020-05-03,2149.0,10.0,1319.0,820.0,31.0,1.0,48.0
2020-05-04,2189.0,10.0,1405.0,774.0,40.0,0.0,86.0
2020-05-05,2207.0,10.0,1501.0,696.0,18.0,0.0,96.0
2020-05-06,2233.0,10.0,1577.0,646.0,26.0,0.0,76.0
2020-05-07,2298.0,10.0,1656.0,632.0,65.0,0.0,79.0
2020-05-08,2325.0,10.0,1775.0,540.0,27.0,0.0,119.0
2020-05-09,2349.0,10.0,1846.0,493.0,24.0,0.0,71.0
2020-05-10,2418.0,10.0,1881.0,527.0,69.0,0.0,35.0
2020-05-11,2486.0,10.0,1988.0,488.0,68.0,0.0,107.0
2020-05-12,2519.0,10.0,2010.0,499.0,33.0,0.0,22.0
2020-05-13,2612.0,11.0,2076.0,525.0,93.0,1.0,66.0
2020-05-14,2645.0,11.0,2136.0,498.0,33.0,0.0,60.0
2020-05-15,2686.0,11.0,2158.0,517.0,41.0,0.0,22.0
2020-05-16,2738.0,11.0,2213.0,514.0,52.0,0.0,55.0
2020-05-17,2753.0,12.0,2247.0,494.0,15.0,1.0,34.0
2020-05-18,2791.0,13.0,2314.0,464.0,38.0,1.0,67.0
2020-05-19,2855.0,13.0,2338.0,504.0,64.0,0.0,24.0
2020-05-20,2939.0,13.0,2372.0,554.0,84.0,0.0,34.0
2020-05-21,2964.0,13.0,2407.0,544.0,25.0,0.0,35.0
2020-05-22,3028.0,13.0,2492.0,523.0,64.0,0.0,85.0
2020-05-23,3115.0,13.0,2532.0,570.0,87.0,0.0,40.0
2020-05-24,3164.0,13.0,2565.0,586.0,49.0,0.0,33.0
2020-05-25,3189.0,13.0,2607.0,569.0,25.0,0.0,42.0
2020-05-26,3290.0,14.0,2636.0,640.0,101.0,1.0,29.0
2020-05-27,3369.0,14.0,2668.0,687.0,79.0,0.0,32.0
2020-05-28,3444.0,14.0,2694.0,736.0,75.0,0.0,26.0
2020-05-29,3468.0,14.0,2728.0,726.0,24.0,0.0,34.0
2020-05-30,3546.0,14.0,2783.0,749.0,78.0,0.0,55.0
2020-05-31,3623.0,15.0,2837.0,771.0,77.0,1.0,54.0
2020-06-01,3702.0,15.0,2859.0,828.0,79.0,0.0,22.0
2020-06-02,3760.0,15.0,2908.0,837.0,58.0,0.0,49.0
2020-06-03,3843.0,16.0,3014.0,813.0,83.0,1.0,106.0
2020-06-04,3939.0,16.0,3087.0,836.0,96.0,0.0,73.0
2020-06-05,4007.0,16.0,3247.0,744.0,68.0,0.0,160.0
2020-06-06,4094.0,17.0,3268.0,809.0,87.0,1.0,21.0
2020-06-07,4331.0,17.0,3354.0,960.0,237.0,0.0,86.0
2020-06-08,4440.0,18.0,3357.0,1065.0,109.0,1.0,3.0
2020-06-09,4520.0,18.0,3459.0,1043.0,80.0,0.0,102.0
2020-06-10,4623.0,19.0,3532.0,1072.0,103.0,1.0,73.0
2020-06-11,4741.0,19.0,3637.0,1085.0,118.0,0.0,105.0
2020-06-12,4869.0,19.0,3758.0,1092.0,128.0,0.0,121.0
2020-06-13,4966.0,19.0,3874.0,1073.0,97.0,0.0,116.0
2020-06-14,5080.0,19.0,3943.0,1118.0,114.0,0.0,69.0
2020-06-15,5263.0,19.0,4019.0,1225.0,183.0,0.0,76.0
2020-06-16,5493.0,19.0,4096.0,1378.0,230.0,0.0,77.0
2020-06-17,5682.0,19.0,4131.0,1532.0,189.0,0.0,35.0
2020-06-18,5767.0,19.0,4166.0,1582.0,85.0,0.0,35.0
2020-06-19,5946.0,19.0,4273.0,1654.0,179.0,0.0,107.0
2020-06-20,6153.0,19.0,4290.0,1844.0,207.0,0.0,17.0
2020-06-21,6315.0,19.0,4377.0,1919.0,162.0,0.0,87.0
2020-06-22,6461.0,19.0,4450.0,1992.0,146.0,0.0,73.0
2020-06-23,6662.0,19.0,4560.0,2083.0,201.0,0.0,110.0
2020-06-24,6990.0,19.0,4685.0,2286.0,328.0,0.0,125.0
2020-06-25,7177.0,20.0,4877.0,2280.0,187.0,1.0,192.0
2020-06-26,7427.0,20.0,5038.0,2369.0,250.0,0.0,161.0
2020-06-27,7682.0,20.0,5240.0,2422.0,255.0,0.0,202.0
2020-06-28,7948.0,22.0,5329.0,2597.0,266.0,2.0,89.0
2020-06-29,8222.0,23.0,5496.0,2703.0,274.0,1.0,167.0
2020-06-30,8503.0,26.0,5682.0,2795.0,281.0,3.0,186.0
2020-07-01,8781.0,26.0,5847.0,2908.0,278.0,0.0,165.0
2020-07-02,9078.0,27.0,6034.0,3017.0,297.0,1.0,187.0
2020-07-03,9396.0,29.0,6251.0,3116.0,318.0,2.0,217.0
2020-07-04,9708.0,31.0,6425.0,3252.0,312.0,2.0,174.0
2020-07-05,10020.0,34.0,6584.0,3402.0,312.0,3.0,159.0
2020-07-06,10362.0,37.0,6628.0,3697.0,342.0,3.0,44.0
2020-07-07,10838.0,41.0,6811.0,3986.0,476.0,4.0,183.0
2020-07-08,11092.0,45.0,7060.0,3987.0,254.0,4.0,249.0
2020-07-09,11564.0,51.0,7287.0,4226.0,472.0,6.0,227.0
2020-07-10,12027.0,54.0,7530.0,4443.0,463.0,3.0,243.0
2020-07-11,12513.0,57.0,7723.0,4733.0,486.0,3.0,193.0
2020-07-12,12997.0,60.0,7852.0,5085.0,484.0,3.0,129.0
2020-07-13,13591.0,64.0,8030.0,5497.0,594.0,4.0,178.0
2020-07-14,14085.0,67.0,8327.0,5691.0,494.0,3.0,297.0
2020-07-15,14581.0,71.0,8655.0,5855.0,496.0,4.0,328.0
2020-07-16,15066.0,75.0,8783.0,6208.0,485.0,4.0,128.0
2020-07-17,15607.0,79.0,9003.0,6525.0,541.0,4.0,220.0
2020-07-18,16186.0,83.0,9127.0,6976.0,579.0,4.0,124.0
2020-07-19,16752.0,87.0,9279.0,7386.0,566.0,4.0,152.0
2020-07-20,17149.0,90.0,9387.0,7672.0,397.0,3.0,108.0
2020-07-21,17881.0,95.0,9521.0,8265.0,732.0,5.0,134.0
2020-07-22,18379.0,98.0,9872.0,8409.0,498.0,3.0,351.0
2020-07-23,18986.0,103.0,10149.0,8734.0,607.0,5.0,277.0
2020-07-24,19360.0,106.0,10472.0,8782.0,374.0,3.0,323.0
2020-07-25,19952.0,111.0,10831.0,9010.0,592.0,5.0,359.0
2020-07-26,20531.0,116.0,11105.0,9310.0,579.0,5.0,274.0
2020-07-27,21209.0,121.0,11674.0,9414.0,678.0,5.0,569.0
2020-07-28,21699.0,124.0,12026.0,9549.0,490.0,3.0,352.0
2020-07-29,22585.0,131.0,12937.0,9517.0,886.0,7.0,911.0
2020-07-30,23271.0,136.0,13680.0,9455.0,686.0,5.0,743.0
2020-07-31,24009.0,141.0,14464.0,9404.0,738.0,5.0,784.0
2020-08-01,24783.0,147.0,15299.0,9337.0,774.0,6.0,835.0
2020-08-02,25336.0,151.0,15833.0,9352.0,553.0,4.0,534.0
2020-08-03,26066.0,157.0,16838.0,9071.0,730.0,6.0,1005.0
2020-08-04,27047.0,165.0,18051.0,8831.0,981.0,8.0,1213.0
2020-08-05,27793.0,171.0,18783.0,8839.0,746.0,6.0,732.0
2020-08-06,28315.0,175.0,19291.0,8849.0,522.0,4.0,508.0
2020-08-07,29057.0,181.0,20059.0,8817.0,742.0,6.0,768.0
2020-08-08,29652.0,187.0,21006.0,8459.0,595.0,6.0,947.0
2020-08-09,30609.0,194.0,22042.0,8373.0,957.0,7.0,1036.0
2020-08-10,31304.0,200.0,22992.0,8112.0,695.0,6.0,950.0
2020-08-11,31747.0,204.0,23704.0,7839.0,443.0,4.0,712.0
2020-08-12,32654.0,211.0,25659.0,6784.0,907.0,7.0,1955.0
2020-08-13,33323.0,216.0,27213.0,5894.0,669.0,5.0,1554.0
2020-08-14,33821.0,220.0,27825.0,5776.0,498.0,4.0,612.0
2020-08-15,34528.0,225.0,29328.0,4975.0,707.0,5.0,1503.0
2020-08-16,35329.0,232.0,30973.0,4124.0,801.0,7.0,1645.0
2020-08-17,35702.0,236.0,30973.0,4493.0,373.0,4.0,0.0
2020-08-18,36352.0,242.0,32062.0,4048.0,650.0,6.0,1089.0
2020-08-19,37112.0,248.0,32944.0,3920.0,760.0,6.0,882.0
2020-08-20,37547.0,252.0,33261.0,4034.0,435.0,4.0,317.0
2020-08-21,38074.0,260.0,33989.0,3825.0,527.0,8.0,728.0
2020-08-22,38532.0,267.0,34576.0,3689.0,458.0,7.0,587.0
2020-08-23,38946.0,273.0,34987.0,3686.0,414.0,6.0,411.0
2020-08-24,39348.0,280.0,35551.0,3517.0,402.0,7.0,564.0
2020-08-25,39641.0,284.0,35869.0,3488.0,293.0,4.0,318.0
2020-08-26,39964.0,291.0,36402.0,3271.0,323.0,7.0,533.0
2020-08-27,40447.0,298.0,37200.0,2949.0,483.0,7.0,798.0
2020-08-28,40720.0,302.0,37873.0,2545.0,273.0,4.0,673.0
2020-08-29,41067.0,307.0,38250.0,2510.0,347.0,5.0,377.0
2020-08-30,41424.0,313.0,38655.0,2456.0,357.0,6.0,405.0
2020-08-31,41893.0,320.0,39275.0,2298.0,469.0,7.0,620.0
2020-09-01,42127.0,323.0,39538.0,2266.0,234.0,3.0,263.0
2020-09-02,42437.0,327.0,39664.0,2446.0,310.0,4.0,126.0
2020-09-03,42688.0,331.0,40081.0,2276.0,251.0,4.0,417.0
2020-09-04,42998.0,338.0,40392.0,2268.0,310.0,7.0,311.0
2020-09-05,43293.0,343.0,40774.0,2176.0,295.0,5.0,382.0
2020-09-06,43587.0,347.0,41225.0,2015.0,294.0,4.0,451.0
2020-09-07,43893.0,352.0,41531.0,2010.0,306.0,5.0,306.0
2020-09-08,44281.0,358.0,41594.0,2329.0,388.0,6.0,63.0
2020-09-09,44930.0,366.0,42212.0,2352.0,649.0,8.0,618.0
2020-09-10,45473.0,370.0,42509.0,2594.0,543.0,4.0,297.0
2020-09-11,46160.0,377.0,42857.0,2926.0,687.0,7.0,348.0
2020-09-12,46721.0,384.0,43359.0,2978.0,561.0,7.0,502.0
2020-09-13,47287.0,390.0,43866.0,3031.0,566.0,6.0,507.0
2020-09-14,47836.0,396.0,44375.0,3065.0,549.0,6.0,509.0
2020-09-15,48429.0,402.0,44942.0,3085.0,593.0,6.0,567.0
2020-09-16,49015.0,407.0,45422.0,3186.0,586.0,5.0,480.0
2020-09-17,49627.0,413.0,45970.0,3244.0,612.0,6.0,548.0
2020-09-18,50253.0,419.0,46527.0,3307.0,626.0,6.0,557.0
2020-09-19,50992.0,427.0,47271.0,3294.0,739.0,8.0,744.0
2020-09-20,51640.0,433.0,47932.0,3275.0,648.0,6.0,661.0
2020-09-21,52070.0,437.0,48369.0,3264.0,430.0,4.0,437.0
2020-09-22,52685.0,442.0,49067.0,3176.0,615.0,5.0,698.0
2020-09-23,53275.0,444.0,49649.0,3182.0,590.0,2.0,582.0
2020-09-24,53834.0,446.0,50230.0,3158.0,559.0,2.0,581.0
2020-09-25,54392.0,449.0,50879.0,3064.0,558.0,3.0,649.0
2020-09-26,54819.0,452.0,51322.0,3045.0,427.0,3.0,443.0
2020-09-27,55320.0,458.0,51829.0,3033.0,501.0,6.0,507.0
2020-09-28,55776.0,460.0,52324.0,2992.0,456.0,2.0,495.0
2020-09-29,56354.0,466.0,52970.0,2918.0,578.0,6.0,646.0
2020-09-30,56717.0,470.0,53366.0,2881.0,363.0,4.0,396.0
2020-10-01,57190.0,471.0,53835.0,2884.0,473.0,1.0,469.0
2020-10-02,57454.0,472.0,53955.0,3027.0,264.0,1.0,120.0
2020-10-03,58238.0,477.0,54854.0,2907.0,784.0,5.0,899.0
2020-10-04,58612.0,480.0,55281.0,2851.0,374.0,3.0,427.0
2020-10-05,58946.0,485.0,55633.0,2828.0,334.0,5.0,352.0
2020-10-06,59343.0,489.0,56058.0,2796.0,397.0,4.0,425.0
2020-10-07,59579.0,491.0,56165.0,2923.0,236.0,2.0,107.0
2020-10-08,60026.0,496.0,56837.0,2693.0,447.0,5.0,672.0
2020-10-09,60342.0,498.0,57221.0,2623.0,316.0,2.0,384.0
2020-10-10,60776.0,502.0,57704.0,2570.0,434.0,4.0,483.0
2020-10-11,61098.0,505.0,58069.0,2524.0,322.0,3.0,365.0
2020-10-12,61319.0,509.0,58306.0,2504.0,221.0,4.0,237.0
2020-10-13,61642.0,511.0,58613.0,2518.0,323.0,2.0,307.0
2020-10-14,61950.0,514.0,58951.0,2485.0,308.0,3.0,338.0
2020-10-15,62278.0,518.0,59291.0,2469.0,328.0,4.0,340.0
2020-10-16,62588.0,520.0,59624.0,2444.0,310.0,2.0,333.0
2020-10-17,62809.0,522.0,59756.0,2531.0,221.0,2.0,132.0
2020-10-18,63124.0,525.0,60080.0,2519.0,315.0,3.0,324.0
2020-10-19,63523.0,531.0,60604.0,2388.0,399.0,6.0,524.0
2020-10-20,63831.0,534.0,60910.0,2387.0,308.0,3.0,306.0
2020-10-21,64010.0,534.0,61068.0,2408.0,179.0,0.0,158.0
2020-10-22,64439.0,540.0,61658.0,2241.0,429.0,6.0,590.0
2020-10-23,64724.0,542.0,61957.0,2225.0,285.0,2.0,299.0
2020-10-24,64923.0,544.0,62033.0,2346.0,199.0,2.0,76.0
2020-10-25,65307.0,549.0,62509.0,2249.0,384.0,5.0,476.0
2020-10-26,65667.0,552.0,62876.0,2239.0,360.0,3.0,367.0
2020-10-27,65881.0,556.0,63044.0,2281.0,214.0,4.0,168.0
2020-10-28,66141.0,558.0,63323.0,2260.0,260.0,2.0,279.0
2020-10-29,66392.0,561.0,63581.0,2250.0,251.0,3.0,258.0
2020-10-30,66628.0,563.0,63864.0,2201.0,236.0,2.0,283.0
2020-10-31,66932.0,566.0,64235.0,2131.0,304.0,3.0,371.0
2020-11-01,67156.0,570.0,64466.0,2120.0,224.0,4.0,231.0
2020-11-02,67254.0,571.0,64466.0,2217.0,98.0,1.0,0.0
2020-11-03,67553.0,574.0,64815.0,2164.0,299.0,3.0,349.0
2020-11-04,67779.0,577.0,65001.0,2201.0,226.0,3.0,186.0
2020-11-05,68009.0,579.0,65254.0,2176.0,230.0,2.0,253.0
2020-11-06,68139.0,579.0,65333.0,2227.0,130.0,0.0,79.0
2020-11-07,68367.0,581.0,65550.0,2236.0,228.0,2.0,217.0
2020-11-08,68730.0,585.0,65971.0,2174.0,363.0,4.0,421.0
2020-11-09,69027.0,588.0,66194.0,2245.0,297.0,3.0,223.0
2020-11-10,69027.0,588.0,66194.0,2245.0,0.0,0.0,0.0
2020-11-11,69397.0,591.0,66672.0,2134.0,370.0,3.0,478.0
2020-11-12,69560.0,593.0,66814.0,2153.0,163.0,2.0,142.0
2020-11-13,69754.0,594.0,66886.0,2274.0,194.0,1.0,72.0
2020-11-14,69987.0,594.0,67241.0,2152.0,233.0,0.0,355.0
