date,confirmed,deaths,recovered,active,new_confirmed,new_deaths,new_recovered
2020-03-14,2.0,0.0,0.0,2.0,,,
2020-03-15,10.0,0.0,0.0,10.0,8.0,0.0,0.0
2020-03-16,17.0,0.0,0.0,17.0,7.0,0.0,0.0
2020-03-17,33.0,0.0,0.0,33.0,16.0,0.0,0.0
2020-03-18,36.0,0.0,0.0,36.0,3.0,0.0,0.0
2020-03-19,42.0,0.0,0.0,42.0,6.0,0.0,0.0
2020-03-20,42.0,0.0,0.0,42.0,0.0,0.0,0.0
2020-03-21,70.0,0.0,0.0,70.0,28.0,0.0,0.0
2020-03-22,70.0,0.0,15.0,55.0,0.0,0.0,15.0
2020-03-23,77.0,0.0,15.0,62.0,7.0,0.0,0.0
2020-03-24,84.0,0.0,15.0,69.0,7.0,0.0,0.0
2020-03-25,91.0,0.0,15.0,76.0,7.0,0.0,0.0
2020-03-26,107.0,0.0,15.0,92.0,16.0,0.0,0.0
2020-03-27,107.0,1.0,31.0,75.0,0.0,1.0,16.0
2020-03-28,119.0,2.0,39.0,78.0,12.0,1.0,8.0
2020-03-29,119.0,2.0,39.0,78.0,0.0,0.0,0.0
2020-03-30,135.0,3.0,39.0,93.0,16.0,1.0,0.0
2020-03-31,135.0,3.0,39.0,93.0,0.0,0.0,0.0
2020-04-01,143.0,3.0,41.0,99.0,8.0,0.0,2.0
2020-04-02,146.0,5.0,43.0,98.0,3.0,2.0,2.0
2020-04-03,153.0,7.0,52.0,94.0,7.0,2.0,9.0
2020-04-04,155.0,7.0,52.0,96.0,2.0,0.0,0.0
2020-04-05,159.0,7.0,52.0,100.0,4.0,0.0,0.0
2020-04-06,165.0,7.0,65.0,93.0,6.0,0.0,13.0
2020-04-07,165.0,7.0,65.0,93.0,0.0,0.0,0.0
2020-04-08,167.0,9.0,65.0,93.0,2.0,2.0,0.0
2020-04-09,171.0,9.0,84.0,78.0,4.0,0.0,19.0
2020-04-10,171.0,9.0,84.0,78.0,0.0,0.0,0.0
2020-04-11,175.0,9.0,93.0,73.0,4.0,0.0,9.0
2020-04-12,181.0,9.0,93.0,79.0,6.0,0.0,0.0
2020-04-13,189.0,9.0,110.0,70.0,8.0,0.0,17.0
2020-04-14,189.0,9.0,110.0,70.0,0.0,0.0,0.0
2020-04-15,197.0,9.0,111.0,77.0,8.0,0.0,1.0
2020-04-16,204.0,9.0,111.0,84.0,7.0,0.0,0.0
2020-04-17,204.0,9.0,111.0,84.0,0.0,0.0,0.0
2020-04-18,227.0,9.0,113.0,105.0,23.0,0.0,2.0
2020-04-19,256.0,9.0,117.0,130.0,29.0,0.0,4.0
2020-04-20,256.0,9.0,117.0,130.0,0.0,0.0,0.0
2020-04-21,285.0,10.0,117.0,158.0,29.0,1.0,0.0
2020-04-22,288.0,10.0,122.0,156.0,3.0,0.0,5.0
2020-04-23,311.0,10.0,126.0,175.0,23.0,0.0,4.0
2020-04-24,318.0,10.0,132.0,176.0,7.0,0.0,6.0
2020-04-25,323.0,10.0,132.0,181.0,5.0,0.0,0.0
2020-04-26,325.0,10.0,137.0,178.0,2.0,0.0,5.0
2020-04-27,329.0,10.0,142.0,177.0,4.0,0.0,5.0
2020-04-28,329.0,10.0,142.0,177.0,0.0,0.0,0.0
2020-04-29,331.0,10.0,142.0,179.0,2.0,0.0,0.0
2020-04-30,333.0,16.0,142.0,175.0,2.0,6.0,0.0
2020-05-01,335.0,10.0,148.0,177.0,2.0,-6.0,6.0
2020-05-02,345.0,10.0,148.0,187.0,10.0,0.0,0.0
2020-05-03,357.0,10.0,158.0,189.0,12.0,0.0,10.0
2020-05-04,357.0,10.0,158.0,189.0,0.0,0.0,0.0
2020-05-05,361.0,10.0,158.0,193.0,4.0,0.0,0.0
2020-05-06,379.0,10.0,176.0,193.0,18.0,0.0,18.0
2020-05-07,381.0,10.0,185.0,186.0,2.0,0.0,9.0
2020-05-08,388.0,10.0,190.0,188.0,7.0,0.0,5.0
2020-05-09,402.0,10.0,190.0,202.0,14.0,0.0,0.0
2020-05-10,414.0,10.0,193.0,211.0,12.0,0.0,3.0
2020-05-11,422.0,10.0,205.0,207.0,8.0,0.0,12.0
2020-05-12,423.0,10.0,220.0,193.0,1.0,0.0,15.0
2020-05-13,423.0,10.0,220.0,193.0,0.0,0.0,0.0
2020-05-14,455.0,10.0,220.0,225.0,32.0,0.0,0.0
2020-05-15,459.0,10.0,229.0,220.0,4.0,0.0,9.0
2020-05-16,504.0,10.0,241.0,253.0,45.0,0.0,12.0
2020-05-17,541.0,10.0,241.0,290.0,37.0,0.0,0.0
2020-05-18,618.0,10.0,253.0,355.0,77.0,0.0,12.0
2020-05-19,749.0,10.0,253.0,486.0,131.0,0.0,0.0
2020-05-20,824.0,10.0,262.0,552.0,75.0,0.0,9.0
2020-05-21,882.0,10.0,262.0,610.0,58.0,0.0,0.0
2020-05-22,944.0,10.0,262.0,672.0,62.0,0.0,0.0
2020-05-23,1010.0,10.0,262.0,738.0,66.0,0.0,0.0
2020-05-24,1121.0,10.0,262.0,849.0,111.0,0.0,0.0
2020-05-25,1177.0,10.0,302.0,865.0,56.0,0.0,40.0
2020-05-26,1211.0,11.0,302.0,898.0,34.0,1.0,0.0
2020-05-27,1245.0,11.0,302.0,932.0,34.0,0.0,0.0
2020-05-28,1325.0,11.0,302.0,1012.0,80.0,0.0,0.0
2020-05-29,1370.0,14.0,302.0,1054.0,45.0,3.0,0.0
2020-05-30,1459.0,14.0,302.0,1143.0,89.0,0.0,0.0
2020-05-31,1510.0,14.0,302.0,1194.0,51.0,0.0,0.0
2020-06-01,1662.0,17.0,302.0,1343.0,152.0,3.0,0.0
2020-06-02,1819.0,18.0,334.0,1467.0,157.0,1.0,32.0
2020-06-03,1952.0,20.0,334.0,1598.0,133.0,2.0,0.0
2020-06-04,2087.0,20.0,334.0,1733.0,135.0,0.0,0.0
2020-06-05,2145.0,20.0,334.0,1791.0,58.0,0.0,0.0
2020-06-06,2316.0,22.0,385.0,1909.0,171.0,2.0,51.0
2020-06-07,2377.0,22.0,487.0,1868.0,61.0,0.0,102.0
2020-06-08,2473.0,22.0,487.0,1964.0,96.0,0.0,0.0
2020-06-09,2632.0,23.0,487.0,2122.0,159.0,1.0,0.0
2020-06-10,2738.0,23.0,487.0,2228.0,106.0,0.0,0.0
2020-06-11,2814.0,23.0,487.0,2304.0,76.0,0.0,0.0
2020-06-12,2879.0,23.0,487.0,2369.0,65.0,0.0,0.0
2020-06-13,2904.0,24.0,487.0,2393.0,25.0,1.0,0.0
2020-06-14,2978.0,25.0,835.0,2118.0,74.0,1.0,348.0
2020-06-15,3062.0,26.0,835.0,2201.0,84.0,1.0,0.0
2020-06-16,3150.0,27.0,835.0,2288.0,88.0,1.0,0.0
2020-06-17,3386.0,28.0,835.0,2523.0,236.0,1.0,0.0
2020-06-18,3483.0,28.0,835.0,2620.0,97.0,0.0,0.0
2020-06-19,3591.0,30.0,835.0,2726.0,108.0,2.0,0.0
2020-06-20,3789.0,33.0,835.0,2921.0,198.0,3.0,0.0
2020-06-21,3917.0,33.0,835.0,3049.0,128.0,0.0,0.0
2020-06-22,4048.0,35.0,1327.0,2686.0,131.0,2.0,492.0
2020-06-23,4187.0,35.0,1327.0,2825.0,139.0,0.0,0.0
2020-06-24,4366.0,38.0,1327.0,3001.0,179.0,3.0,0.0
2020-06-25,4563.0,39.0,1327.0,3197.0,197.0,1.0,0.0
2020-06-26,4779.0,41.0,1327.0,3411.0,216.0,2.0,0.0
2020-06-27,5130.0,42.0,1327.0,3761.0,351.0,1.0,0.0
2020-06-28,5297.0,44.0,1649.0,3604.0,167.0,2.0,322.0
2020-06-29,5530.0,48.0,1649.0,3833.0,233.0,4.0,0.0
2020-06-30,5832.0,51.0,1649.0,4132.0,302.0,3.0,0.0
2020-07-01,6062.0,54.0,1649.0,4359.0,230.0,3.0,0.0
2020-07-02,6273.0,57.0,2100.0,4116.0,211.0,3.0,451.0
2020-07-03,6537.0,59.0,2100.0,4378.0,264.0,2.0,0.0
2020-07-04,6750.0,62.0,2100.0,4588.0,213.0,3.0,0.0
2020-07-05,7169.0,65.0,2100.0,5004.0,419.0,3.0,0.0
2020-07-06,7411.0,68.0,2100.0,5243.0,242.0,3.0,0.0
2020-07-07,7693.0,71.0,2100.0,5522.0,282.0,3.0,0.0
2020-07-08,8008.0,75.0,2100.0,5833.0,315.0,4.0,0.0
2020-07-09,8372.0,80.0,2544.0,5748.0,364.0,5.0,444.0
2020-07-10,8803.0,83.0,2671.0,6049.0,431.0,3.0,127.0
2020-07-11,9178.0,85.0,2671.0,6422.0,375.0,2.0,0.0
2020-07-12,9465.0,89.0,2671.0,6705.0,287.0,4.0,0.0
2020-07-13,9707.0,93.0,2671.0,6943.0,242.0,4.0,0.0
2020-07-14,10010.0,96.0,2671.0,7243.0,303.0,3.0,0.0
2020-07-15,10428.0,100.0,3050.0,7278.0,418.0,4.0,379.0
2020-07-16,10854.0,104.0,3255.0,7495.0,426.0,4.0,205.0
2020-07-17,11191.0,107.0,3852.0,7232.0,337.0,3.0,597.0
2020-07-18,11483.0,110.0,3972.0,7401.0,292.0,3.0,120.0
2020-07-19,11891.0,112.0,3972.0,7807.0,408.0,2.0,0.0
2020-07-20,12334.0,116.0,6844.0,5374.0,443.0,4.0,2872.0
2020-07-21,12774.0,120.0,6983.0,5671.0,440.0,4.0,139.0
2020-07-22,13164.0,124.0,7471.0,5569.0,390.0,4.0,488.0
2020-07-23,13613.0,129.0,7752.0,5732.0,449.0,5.0,281.0
2020-07-24,14263.0,134.0,8127.0,6002.0,650.0,5.0,375.0
2020-07-25,14929.0,138.0,8795.0,5996.0,666.0,4.0,668.0
2020-07-26,15463.0,142.0,9746.0,5575.0,534.0,4.0,951.0
2020-07-27,15988.0,146.0,9959.0,5883.0,525.0,4.0,213.0
2020-07-28,16571.0,151.0,10195.0,6225.0,583.0,5.0,236.0
2020-07-29,17158.0,156.0,10421.0,6581.0,587.0,5.0,226.0
2020-07-30,17859.0,158.0,10421.0,7280.0,701.0,2.0,0.0
2020-07-31,18574.0,164.0,10421.0,7989.0,715.0,6.0,0.0
2020-08-01,19443.0,169.0,11129.0,8145.0,869.0,5.0,708.0
2020-08-02,20206.0,174.0,11404.0,8628.0,763.0,5.0,275.0
2020-08-03,20754.0,180.0,11622.0,8952.0,548.0,6.0,218.0
2020-08-04,21438.0,187.0,11875.0,9376.0,684.0,7.0,253.0
2020-08-05,22299.0,195.0,12146.0,9958.0,861.0,8.0,271.0
2020-08-06,23280.0,202.0,12470.0,10608.0,981.0,7.0,324.0
2020-08-07,24166.0,208.0,12470.0,11488.0,886.0,6.0,0.0
2020-08-08,24961.0,215.0,13356.0,11390.0,795.0,7.0,886.0
2020-08-09,25805.0,223.0,13356.0,12226.0,844.0,8.0,0.0
2020-08-10,26800.0,229.0,16930.0,9641.0,995.0,6.0,3574.0
2020-08-11,27938.0,238.0,19706.0,7994.0,1138.0,9.0,2776.0
2020-08-12,29088.0,247.0,21042.0,7799.0,1150.0,9.0,1336.0
2020-08-13,30369.0,259.0,21385.0,8725.0,1281.0,12.0,343.0
2020-08-14,31381.0,266.0,21580.0,9535.0,1012.0,7.0,195.0
2020-08-15,32607.0,276.0,21747.0,10584.0,1226.0,10.0,167.0
2020-08-16,33755.0,281.0,22700.0,10774.0,1148.0,5.0,953.0
2020-08-17,34802.0,288.0,23575.0,10939.0,1047.0,7.0,875.0
2020-08-18,35697.0,297.0,24561.0,10839.0,895.0,9.0,986.0
2020-08-19,36868.0,303.0,25416.0,11149.0,1171.0,6.0,855.0
2020-08-20,37567.0,311.0,26330.0,10926.0,699.0,8.0,914.0
2020-08-21,38219.0,317.0,27306.0,10596.0,652.0,6.0,976.0
2020-08-22,38957.0,323.0,28453.0,10181.0,738.0,6.0,1147.0
2020-08-23,39564.0,329.0,29966.0,9269.0,607.0,6.0,1513.0
2020-08-24,40338.0,337.0,31080.0,8921.0,774.0,8.0,1114.0
2020-08-25,41158.0,343.0,32015.0,8800.0,820.0,6.0,935.0
2020-08-26,41965.0,351.0,32931.0,8683.0,807.0,8.0,916.0
2020-08-27,42898.0,358.0,34147.0,8393.0,933.0,7.0,1216.0
2020-08-28,43879.0,366.0,34972.0,8541.0,981.0,8.0,825.0
2020-08-29,44946.0,375.0,36175.0,8396.0,1067.0,9.0,1203.0
2020-08-30,45868.0,381.0,37091.0,8396.0,922.0,6.0,916.0
2020-08-31,46728.0,386.0,38112.0,8230.0,860.0,5.0,1021.0
2020-09-01,47756.0,391.0,39027.0,8338.0,1028.0,5.0,915.0
2020-09-02,48883.0,398.0,39912.0,8573.0,1127.0,7.0,885.0
2020-09-03,49877.0,402.0,40574.0,8901.0,994.0,4.0,662.0
2020-09-04,50973.0,412.0,41249.0,9312.0,1096.0,10.0,675.0
2020-09-05,52165.0,420.0,42006.0,9739.0,1192.0,8.0,757.0
2020-09-06,53289.0,428.0,42006.0,10855.0,1124.0,8.0,0.0
2020-09-07,54350.0,436.0,43753.0,10161.0,1061.0,8.0,1747.0
2020-09-08,55563.0,444.0,44435.0,10684.0,1213.0,8.0,682.0
2020-09-09,56751.0,452.0,45318.0,10981.0,1188.0,8.0,883.0
2020-09-10,57823.0,460.0,46125.0,11238.0,1072.0,8.0,807.0
2020-09-11,58663.0,468.0,46960.0,11235.0,840.0,8.0,835.0
2020-09-12,59630.0,477.0,47729.0,11424.0,967.0,9.0,769.0
2020-09-13,60540.0,485.0,48644.0,11411.0,910.0,8.0,915.0
2020-09-14,61569.0,494.0,49371.0,11704.0,1029.0,9.0,727.0
2020-09-15,62655.0,502.0,50361.0,11792.0,1086.0,8.0,990.0
2020-09-16,63416.0,511.0,51274.0,11631.0,761.0,9.0,913.0
2020-09-17,64284.0,520.0,52564.0,11200.0,868.0,9.0,1290.0
2020-09-18,65174.0,530.0,54218.0,10426.0,890.0,10.0,1654.0
2020-09-19,65949.0,539.0,55155.0,10255.0,775.0,9.0,937.0
2020-09-20,66656.0,547.0,56096.0,10013.0,707.0,8.0,941.0
2020-09-21,67443.0,555.0,56726.0,10162.0,787.0,8.0,630.0
2020-09-22,68453.0,564.0,57774.0,10115.0,1010.0,9.0,1048.0
2020-09-23,69439.0,574.0,58759.0,10106.0,986.0,10.0,985.0
2020-09-24,70406.0,581.0,59745.0,10080.0,967.0,7.0,986.0
2020-09-25,71273.0,591.0,60709.0,9973.0,867.0,10.0,964.0
2020-09-26,71940.0,600.0,61528.0,9812.0,667.0,9.0,819.0
2020-09-27,72691.0,606.0,62427.0,9658.0,751.0,6.0,899.0
2020-09-28,73528.0,614.0,63346.0,9568.0,837.0,8.0,919.0
2020-09-29,74363.0,621.0,64200.0,9542.0,835.0,7.0,854.0
2020-09-30,75122.0,628.0,65225.0,9269.0,759.0,7.0,1025.0
2020-10-01,76029.0,635.0,66245.0,9149.0,907.0,7.0,1020.0
2020-10-02,76820.0,643.0,67216.0,8961.0,791.0,8.0,971.0
2020-10-03,77646.0,649.0,68098.0,8899.0,826.0,6.0,882.0
2020-10-04,78434.0,653.0,68917.0,8864.0,788.0,4.0,819.0
2020-10-05,79117.0,658.0,69832.0,8627.0,683.0,5.0,915.0
2020-10-06,79796.0,665.0,70719.0,8412.0,679.0,7.0,887.0
2020-10-07,80404.0,671.0,71531.0,8202.0,608.0,6.0,812.0
2020-10-08,81019.0,678.0,72196.0,8145.0,615.0,7.0,665.0
2020-10-09,81696.0,684.0,73020.0,7992.0,677.0,6.0,824.0
2020-10-10,82453.0,691.0,73919.0,7843.0,757.0,7.0,899.0
2020-10-11,83137.0,697.0,74664.0,7776.0,684.0,6.0,745.0
2020-10-12,83756.0,704.0,75400.0,7652.0,619.0,7.0,736.0
2020-10-13,84391.0,710.0,76262.0,7419.0,635.0,6.0,862.0
2020-10-14,85005.0,714.0,76262.0,8029.0,614.0,4.0,0.0
2020-10-15,85469.0,720.0,77689.0,7060.0,464.0,6.0,1427.0
2020-10-16,85758.0,725.0,78294.0,6739.0,289.0,5.0,605.0
2020-10-17,86289.0,731.0,78847.0,6711.0,531.0,6.0,553.0
2020-10-18,86636.0,736.0,79694.0,6206.0,347.0,5.0,847.0
2020-10-19,86636.0,736.0,79694.0,6206.0,0.0,0.0,0.0
2020-10-20,87644.0,747.0,80316.0,6581.0,1008.0,11.0,622.0
2020-10-21,88035.0,753.0,81626.0,5656.0,391.0,6.0,1310.0
2020-10-22,88416.0,759.0,82284.0,5373.0,381.0,6.0,658.0
2020-10-23,88718.0,764.0,82899.0,5055.0,302.0,5.0,615.0
2020-10-24,89142.0,770.0,83443.0,4929.0,424.0,6.0,544.0
2020-10-25,89565.0,773.0,83947.0,4845.0,423.0,3.0,504.0
2020-10-26,90047.0,777.0,84444.0,4826.0,482.0,4.0,497.0
2020-10-27,90400.0,780.0,84907.0,4713.0,353.0,3.0,463.0
2020-10-28,90876.0,784.0,85402.0,4690.0,476.0,4.0,495.0
2020-10-29,91280.0,789.0,85897.0,4594.0,404.0,5.0,495.0
2020-10-30,91589.0,793.0,86335.0,4461.0,309.0,4.0,438.0
2020-10-31,92013.0,798.0,86773.0,4442.0,424.0,5.0,438.0
2020-11-01,92325.0,801.0,87156.0,4368.0,312.0,3.0,383.0
2020-11-02,92705.0,806.0,87547.0,4352.0,380.0,5.0,391.0
2020-11-03,93100.0,810.0,87941.0,4349.0,395.0,4.0,394.0
2020-11-04,93480.0,814.0,88326.0,4340.0,380.0,4.0,385.0
2020-11-05,93921.0,819.0,88701.0,4401.0,441.0,5.0,375.0
2020-11-06,94305.0,821.0,89099.0,4385.0,384.0,2.0,398.0
2020-11-07,94698.0,824.0,89502.0,4372.0,393.0,3.0,403.0
2020-11-08,94883.0,826.0,89755.0,4302.0,185.0,2.0,253.0
2020-11-09,95149.0,830.0,90054.0,4265.0,266.0,4.0,299.0
2020-11-10,95445.0,834.0,90359.0,4252.0,296.0,4.0,305.0
2020-11-11,95750.0,838.0,90743.0,4169.0,305.0,4.0,384.0
2020-11-12,96140.0,841.0,91141.0,4158.0,390.0,3.0,398.0
2020-11-13,96441.0,844.0,91452.0,4145.0,301.0,3.0,311.0
2020-11-14,96933.0,848.0,91948.0,4137.0,492.0,4.0,496.0
2020-11-15,97352.0,851.0,92373.0,4128.0,419.0,3.0,425.0
2020-11-16,97739.0,855.0,92767.0,4117.0,387.0,4.0,394.0
2020-11-17,98050.0,858.0,93084.0,4108.0,311.0,3.0,317.0
2020-11-18,98350.0,860.0,93390.0,4100.0,300.0,2.0,306.0
2020-11-19,98665.0,863.0,93691.0,4111.0,315.0,3.0,301.0
