date,confirmed,deaths,recovered,active,new_confirmed,new_deaths,new_recovered
2020-03-18,2.0,0.0,0.0,2.0,,,
2020-03-19,2.0,0.0,0.0,2.0,0.0,0.0,0.0
2020-03-20,2.0,0.0,0.0,2.0,0.0,0.0,0.0
2020-03-21,2.0,0.0,0.0,2.0,0.0,0.0,0.0
2020-03-22,3.0,0.0,0.0,3.0,1.0,0.0,0.0
2020-03-23,3.0,0.0,0.0,3.0,0.0,0.0,0.0
2020-03-24,3.0,0.0,0.0,3.0,0.0,0.0,0.0
2020-03-25,12.0,0.0,0.0,12.0,9.0,0.0,0.0
2020-03-26,16.0,0.0,0.0,16.0,4.0,0.0,0.0
2020-03-27,22.0,0.0,0.0,22.0,6.0,0.0,0.0
2020-03-28,28.0,0.0,0.0,28.0,6.0,0.0,0.0
2020-03-29,29.0,0.0,0.0,29.0,1.0,0.0,0.0
2020-03-30,35.0,0.0,0.0,35.0,6.0,0.0,0.0
2020-03-31,35.0,0.0,0.0,35.0,0.0,0.0,0.0
2020-04-01,36.0,0.0,0.0,36.0,1.0,0.0,0.0
2020-04-02,39.0,1.0,0.0,38.0,3.0,1.0,0.0
2020-04-03,39.0,1.0,2.0,36.0,0.0,0.0,2.0
2020-04-04,39.0,1.0,2.0,36.0,0.0,0.0,0.0
2020-04-05,39.0,1.0,3.0,35.0,0.0,0.0,1.0
2020-04-06,39.0,1.0,5.0,33.0,0.0,0.0,2.0
2020-04-07,39.0,1.0,7.0,31.0,0.0,0.0,2.0
2020-04-08,39.0,1.0,7.0,31.0,0.0,0.0,0.0
2020-04-09,39.0,1.0,24.0,14.0,0.0,0.0,17.0
2020-04-10,40.0,2.0,25.0,13.0,1.0,1.0,1.0
2020-04-11,40.0,2.0,28.0,10.0,0.0,0.0,3.0
2020-04-12,43.0,2.0,30.0,11.0,3.0,0.0,2.0
2020-04-13,45.0,2.0,30.0,13.0,2.0,0.0,0.0
2020-04-14,45.0,2.0,30.0,13.0,0.0,0.0,0.0
2020-04-15,48.0,2.0,30.0,16.0,3.0,0.0,0.0
2020-04-16,48.0,2.0,30.0,16.0,0.0,0.0,0.0
2020-04-17,52.0,2.0,30.0,20.0,4.0,0.0,0.0
2020-04-18,57.0,2.0,33.0,22.0,5.0,0.0,3.0
2020-04-19,61.0,3.0,33.0,25.0,4.0,1.0,0.0
2020-04-20,65.0,3.0,35.0,27.0,4.0,0.0,2.0
2020-04-21,70.0,3.0,35.0,32.0,5.0,0.0,0.0
2020-04-22,74.0,3.0,35.0,36.0,4.0,0.0,0.0
2020-04-23,76.0,3.0,37.0,36.0,2.0,0.0,2.0
2020-04-24,84.0,3.0,37.0,44.0,8.0,0.0,0.0
2020-04-25,84.0,3.0,37.0,44.0,0.0,0.0,0.0
2020-04-26,88.0,3.0,42.0,43.0,4.0,0.0,5.0
2020-04-27,88.0,3.0,42.0,43.0,0.0,0.0,0.0
2020-04-28,95.0,3.0,42.0,50.0,7.0,0.0,0.0
2020-04-29,97.0,3.0,54.0,40.0,2.0,0.0,12.0
2020-04-30,106.0,3.0,55.0,48.0,9.0,0.0,1.0
2020-05-01,109.0,3.0,74.0,32.0,3.0,0.0,19.0
2020-05-02,119.0,3.0,75.0,41.0,10.0,0.0,1.0
2020-05-03,124.0,3.0,78.0,43.0,5.0,0.0,3.0
2020-05-04,137.0,3.0,78.0,56.0,13.0,0.0,0.0
2020-05-05,138.0,3.0,92.0,43.0,1.0,0.0,14.0
2020-05-06,146.0,4.0,101.0,41.0,8.0,1.0,9.0
2020-05-07,153.0,4.0,103.0,46.0,7.0,0.0,2.0
2020-05-08,167.0,4.0,111.0,52.0,14.0,0.0,8.0
2020-05-09,252.0,7.0,112.0,133.0,85.0,3.0,1.0
2020-05-10,267.0,7.0,117.0,143.0,15.0,0.0,5.0
2020-05-11,267.0,7.0,117.0,143.0,0.0,0.0,0.0
2020-05-12,441.0,7.0,117.0,317.0,174.0,0.0,0.0
2020-05-13,446.0,7.0,124.0,315.0,5.0,0.0,7.0
2020-05-14,654.0,7.0,124.0,523.0,208.0,0.0,0.0
2020-05-15,654.0,7.0,124.0,523.0,0.0,0.0,0.0
2020-05-16,679.0,7.0,183.0,489.0,25.0,0.0,59.0
2020-05-17,753.0,7.0,188.0,558.0,74.0,0.0,5.0
2020-05-18,761.0,7.0,192.0,562.0,8.0,0.0,4.0
2020-05-19,772.0,7.0,192.0,573.0,11.0,0.0,0.0
2020-05-20,832.0,7.0,197.0,628.0,60.0,0.0,5.0
2020-05-21,866.0,7.0,302.0,557.0,34.0,0.0,105.0
2020-05-22,920.0,7.0,336.0,577.0,54.0,0.0,34.0
2020-05-23,920.0,7.0,336.0,577.0,0.0,0.0,0.0
2020-05-24,920.0,7.0,336.0,577.0,0.0,0.0,0.0
2020-05-25,920.0,7.0,336.0,577.0,0.0,0.0,0.0
2020-05-26,920.0,7.0,336.0,577.0,0.0,0.0,0.0
2020-05-27,1057.0,7.0,779.0,271.0,137.0,0.0,443.0
2020-05-28,1057.0,7.0,779.0,271.0,0.0,0.0,0.0
2020-05-29,1057.0,7.0,779.0,271.0,0.0,0.0,0.0
2020-05-30,1057.0,7.0,779.0,271.0,0.0,0.0,0.0
2020-05-31,1057.0,7.0,779.0,271.0,0.0,0.0,0.0
2020-06-01,1089.0,7.0,912.0,170.0,32.0,0.0,133.0
2020-06-02,1089.0,7.0,912.0,170.0,0.0,0.0,0.0
2020-06-03,1089.0,7.0,912.0,170.0,0.0,0.0,0.0
2020-06-04,1089.0,7.0,912.0,170.0,0.0,0.0,0.0
2020-06-05,1089.0,7.0,912.0,170.0,0.0,0.0,0.0
2020-06-06,1089.0,7.0,912.0,170.0,0.0,0.0,0.0
2020-06-07,1089.0,7.0,912.0,170.0,0.0,0.0,0.0
2020-06-08,1200.0,10.0,912.0,278.0,111.0,3.0,0.0
2020-06-09,1200.0,10.0,912.0,278.0,0.0,0.0,0.0
2020-06-10,1200.0,10.0,912.0,278.0,0.0,0.0,0.0
2020-06-11,1200.0,10.0,912.0,278.0,0.0,0.0,0.0
2020-06-12,1321.0,10.0,1104.0,207.0,121.0,0.0,192.0
2020-06-13,1357.0,10.0,1104.0,243.0,36.0,0.0,0.0
2020-06-14,1358.0,11.0,1122.0,225.0,1.0,1.0,18.0
2020-06-15,1382.0,11.0,1142.0,229.0,24.0,0.0,20.0
2020-06-16,1405.0,11.0,1142.0,252.0,23.0,0.0,0.0
2020-06-17,1412.0,11.0,1142.0,259.0,7.0,0.0,0.0
2020-06-18,1416.0,11.0,1144.0,261.0,4.0,0.0,2.0
2020-06-19,1430.0,11.0,1194.0,225.0,14.0,0.0,50.0
2020-06-20,1430.0,11.0,1194.0,225.0,0.0,0.0,0.0
2020-06-21,1430.0,11.0,1194.0,225.0,0.0,0.0,0.0
2020-06-22,1430.0,11.0,1194.0,225.0,0.0,0.0,0.0
2020-06-23,1477.0,18.0,1213.0,246.0,47.0,7.0,19.0
2020-06-24,1489.0,18.0,1223.0,248.0,12.0,0.0,10.0
2020-06-25,1497.0,18.0,1223.0,256.0,8.0,0.0,0.0
2020-06-26,1531.0,21.0,1233.0,277.0,34.0,3.0,10.0
2020-06-27,1531.0,21.0,1233.0,277.0,0.0,0.0,0.0
2020-06-28,1557.0,22.0,1311.0,224.0,26.0,1.0,78.0
2020-06-29,1568.0,22.0,1311.0,235.0,11.0,0.0,0.0
2020-06-30,1594.0,24.0,1329.0,241.0,26.0,2.0,18.0
2020-07-01,1632.0,30.0,1348.0,254.0,38.0,6.0,19.0
2020-07-02,1632.0,30.0,1348.0,254.0,0.0,0.0,0.0
2020-07-03,1632.0,30.0,1348.0,254.0,0.0,0.0,0.0
2020-07-04,1632.0,30.0,1348.0,254.0,0.0,0.0,0.0
2020-07-05,1632.0,30.0,1348.0,254.0,0.0,0.0,0.0
2020-07-06,1632.0,30.0,1348.0,254.0,0.0,0.0,0.0
2020-07-07,1895.0,42.0,1348.0,505.0,263.0,12.0,0.0
2020-07-08,1895.0,42.0,1348.0,505.0,0.0,0.0,0.0
2020-07-09,1895.0,42.0,1348.0,505.0,0.0,0.0,0.0
2020-07-10,1895.0,42.0,1348.0,505.0,0.0,0.0,0.0
2020-07-11,1895.0,42.0,1348.0,505.0,0.0,0.0,0.0
2020-07-12,1895.0,42.0,1412.0,441.0,0.0,0.0,64.0
2020-07-13,1895.0,42.0,1412.0,441.0,0.0,0.0,0.0
2020-07-14,1895.0,42.0,1412.0,441.0,0.0,0.0,0.0
2020-07-15,1895.0,42.0,1412.0,441.0,0.0,0.0,0.0
2020-07-16,1895.0,42.0,1412.0,441.0,0.0,0.0,0.0
2020-07-17,2810.0,109.0,1450.0,1251.0,915.0,67.0,38.0
2020-07-18,2980.0,120.0,1462.0,1398.0,170.0,11.0,12.0
2020-07-19,2980.0,120.0,1462.0,1398.0,0.0,0.0,0.0
2020-07-20,3326.0,128.0,1620.0,1578.0,346.0,8.0,158.0
2020-07-21,3386.0,128.0,1620.0,1638.0,60.0,0.0,0.0
2020-07-22,3583.0,128.0,1677.0,1778.0,197.0,0.0,57.0
2020-07-23,3789.0,134.0,1677.0,1978.0,206.0,6.0,0.0
2020-07-24,3856.0,136.0,1677.0,2043.0,67.0,2.0,0.0
2020-07-25,4328.0,139.0,1953.0,2236.0,472.0,3.0,276.0
2020-07-26,4481.0,139.0,2350.0,1992.0,153.0,0.0,397.0
2020-07-27,4552.0,140.0,2815.0,1597.0,71.0,1.0,465.0
2020-07-28,5002.0,142.0,3195.0,1665.0,450.0,2.0,380.0
2020-07-29,5249.0,146.0,3285.0,1818.0,247.0,4.0,90.0
2020-07-30,5555.0,149.0,3289.0,2117.0,306.0,3.0,4.0
2020-07-31,5963.0,151.0,3803.0,2009.0,408.0,2.0,514.0
2020-08-01,6228.0,165.0,4130.0,1933.0,265.0,14.0,327.0
2020-08-02,6347.0,170.0,4493.0,1684.0,119.0,5.0,363.0
2020-08-03,6580.0,171.0,4701.0,1708.0,233.0,1.0,208.0
2020-08-04,6793.0,173.0,5109.0,1511.0,213.0,2.0,408.0
2020-08-05,7022.0,176.0,5667.0,1179.0,229.0,3.0,558.0
2020-08-06,7164.0,199.0,5786.0,1179.0,142.0,23.0,119.0
2020-08-07,7486.0,200.0,6264.0,1022.0,322.0,1.0,478.0
2020-08-08,7903.0,203.0,6431.0,1269.0,417.0,3.0,167.0
2020-08-09,8085.0,235.0,6698.0,1152.0,182.0,32.0,267.0
2020-08-10,8210.0,241.0,6802.0,1167.0,125.0,6.0,104.0
2020-08-11,8275.0,241.0,7004.0,1030.0,65.0,0.0,202.0
2020-08-12,8501.0,246.0,7233.0,1022.0,226.0,5.0,229.0
2020-08-13,8663.0,246.0,7401.0,1016.0,162.0,0.0,168.0
2020-08-14,9021.0,256.0,7586.0,1179.0,358.0,10.0,185.0
2020-08-15,9186.0,260.0,8065.0,861.0,165.0,4.0,479.0
2020-08-16,9343.0,260.0,8412.0,671.0,157.0,0.0,347.0
2020-08-17,9839.0,264.0,8575.0,1000.0,496.0,4.0,163.0
2020-08-18,9981.0,264.0,8776.0,941.0,142.0,0.0,201.0
2020-08-19,10218.0,269.0,9126.0,823.0,237.0,5.0,350.0
2020-08-20,10372.0,274.0,9126.0,972.0,154.0,5.0,0.0
2020-08-21,10627.0,277.0,9126.0,1224.0,255.0,3.0,0.0
2020-08-22,10831.0,279.0,9942.0,610.0,204.0,2.0,816.0
2020-08-23,11082.0,280.0,9942.0,860.0,251.0,1.0,0.0
2020-08-24,11148.0,280.0,10208.0,660.0,66.0,0.0,266.0
2020-08-25,11285.0,282.0,10400.0,603.0,137.0,2.0,192.0
2020-08-26,11376.0,282.0,10693.0,401.0,91.0,0.0,293.0
2020-08-27,11601.0,282.0,10840.0,479.0,225.0,0.0,147.0
2020-08-28,11779.0,283.0,10945.0,551.0,178.0,1.0,105.0
2020-08-29,11902.0,284.0,11092.0,526.0,123.0,1.0,147.0
2020-08-30,12025.0,287.0,11454.0,284.0,123.0,3.0,362.0
2020-08-31,12097.0,288.0,11469.0,340.0,72.0,1.0,15.0
2020-09-01,12381.0,290.0,11479.0,612.0,284.0,2.0,10.0
2020-09-02,12415.0,292.0,11494.0,629.0,34.0,2.0,15.0
2020-09-03,12523.0,292.0,11562.0,669.0,108.0,0.0,68.0
2020-09-04,12639.0,292.0,11572.0,775.0,116.0,0.0,10.0
2020-09-05,12709.0,292.0,11668.0,749.0,70.0,0.0,96.0
2020-09-06,12776.0,295.0,11674.0,807.0,67.0,3.0,6.0
2020-09-07,12836.0,295.0,11748.0,793.0,60.0,0.0,74.0
2020-09-08,12952.0,297.0,11787.0,868.0,116.0,2.0,39.0
2020-09-09,13112.0,300.0,11839.0,973.0,160.0,3.0,52.0
2020-09-10,13214.0,300.0,11899.0,1015.0,102.0,0.0,60.0
2020-09-11,13323.0,306.0,11899.0,1118.0,109.0,6.0,0.0
2020-09-12,13466.0,312.0,12007.0,1147.0,143.0,6.0,108.0
2020-09-13,13539.0,312.0,12260.0,967.0,73.0,0.0,253.0
2020-09-14,13720.0,320.0,12380.0,1020.0,181.0,8.0,120.0
2020-09-15,13819.0,324.0,12590.0,905.0,99.0,4.0,210.0
2020-09-16,13887.0,326.0,12869.0,692.0,68.0,2.0,279.0
2020-09-17,13928.0,326.0,13029.0,573.0,41.0,0.0,160.0
2020-09-18,14022.0,329.0,13207.0,486.0,94.0,3.0,178.0
2020-09-19,14070.0,330.0,13365.0,375.0,48.0,1.0,158.0
2020-09-20,14131.0,330.0,13365.0,436.0,61.0,0.0,0.0
2020-09-21,14175.0,331.0,13629.0,215.0,44.0,1.0,264.0
2020-09-22,14389.0,331.0,13629.0,429.0,214.0,0.0,0.0
2020-09-23,14443.0,332.0,13629.0,482.0,54.0,1.0,0.0
2020-09-24,14491.0,332.0,13643.0,516.0,48.0,0.0,14.0
2020-09-25,14515.0,332.0,13643.0,540.0,24.0,0.0,0.0
2020-09-26,14612.0,332.0,13727.0,553.0,97.0,0.0,84.0
2020-09-27,14641.0,332.0,13784.0,525.0,29.0,0.0,57.0
2020-09-28,14660.0,332.0,13821.0,507.0,19.0,0.0,37.0
2020-09-29,14715.0,332.0,13937.0,446.0,55.0,0.0,116.0
2020-09-30,14759.0,332.0,13959.0,468.0,44.0,0.0,22.0
2020-10-01,14802.0,333.0,13961.0,508.0,43.0,1.0,2.0
2020-10-02,14830.0,333.0,13980.0,517.0,28.0,0.0,19.0
2020-10-03,14974.0,333.0,14094.0,547.0,144.0,0.0,114.0
2020-10-04,15052.0,333.0,14187.0,532.0,78.0,0.0,93.0
2020-10-05,15089.0,334.0,14306.0,449.0,37.0,1.0,119.0
2020-10-06,15170.0,335.0,14313.0,522.0,81.0,1.0,7.0
2020-10-07,15224.0,335.0,14342.0,547.0,54.0,0.0,29.0
