date,confirmed,deaths,recovered,active,new_confirmed,new_deaths,new_recovered
2020-03-20,1.0,0.0,0.0,1.0,,,
2020-03-21,3.0,0.0,0.0,3.0,2.0,0.0,0.0
2020-03-22,3.0,0.0,0.0,3.0,0.0,0.0,0.0
2020-03-23,3.0,1.0,0.0,2.0,0.0,1.0,0.0
2020-03-24,3.0,1.0,0.0,2.0,0.0,0.0,0.0
2020-03-25,3.0,1.0,0.0,2.0,0.0,0.0,0.0
2020-03-26,3.0,1.0,0.0,2.0,0.0,0.0,0.0
2020-03-27,5.0,1.0,0.0,4.0,2.0,0.0,0.0
2020-03-28,7.0,1.0,0.0,6.0,2.0,0.0,0.0
2020-03-29,7.0,1.0,0.0,6.0,0.0,0.0,0.0
2020-03-30,7.0,1.0,0.0,6.0,0.0,0.0,0.0
2020-03-31,8.0,1.0,0.0,7.0,1.0,0.0,0.0
2020-04-01,8.0,1.0,0.0,7.0,0.0,0.0,0.0
2020-04-02,9.0,1.0,0.0,8.0,1.0,0.0,0.0
2020-04-03,9.0,1.0,0.0,8.0,0.0,0.0,0.0
2020-04-04,9.0,1.0,0.0,8.0,0.0,0.0,0.0
2020-04-05,9.0,1.0,0.0,8.0,0.0,0.0,0.0
2020-04-06,10.0,1.0,0.0,9.0,1.0,0.0,0.0
2020-04-07,11.0,2.0,0.0,9.0,1.0,1.0,0.0
2020-04-08,11.0,3.0,0.0,8.0,0.0,1.0,0.0
2020-04-09,11.0,3.0,0.0,8.0,0.0,0.0,0.0
2020-04-10,13.0,3.0,0.0,10.0,2.0,0.0,0.0
2020-04-11,14.0,3.0,0.0,11.0,1.0,0.0,0.0
2020-04-12,14.0,3.0,0.0,11.0,0.0,0.0,0.0
2020-04-13,17.0,3.0,0.0,14.0,3.0,0.0,0.0
2020-04-14,17.0,3.0,0.0,14.0,0.0,0.0,0.0
2020-04-15,23.0,3.0,1.0,19.0,6.0,0.0,1.0
2020-04-16,23.0,3.0,1.0,19.0,0.0,0.0,0.0
2020-04-17,24.0,3.0,2.0,19.0,1.0,0.0,1.0
2020-04-18,25.0,3.0,2.0,20.0,1.0,0.0,0.0
2020-04-19,25.0,3.0,2.0,20.0,0.0,0.0,0.0
2020-04-20,25.0,3.0,2.0,20.0,0.0,0.0,0.0
2020-04-21,28.0,3.0,2.0,23.0,3.0,0.0,0.0
2020-04-22,28.0,4.0,2.0,22.0,0.0,1.0,0.0
2020-04-23,28.0,4.0,2.0,22.0,0.0,0.0,0.0
2020-04-24,29.0,4.0,2.0,23.0,1.0,0.0,0.0
2020-04-25,31.0,4.0,2.0,25.0,2.0,0.0,0.0
2020-04-26,31.0,4.0,2.0,25.0,0.0,0.0,0.0
2020-04-27,32.0,4.0,5.0,23.0,1.0,0.0,3.0
2020-04-28,32.0,4.0,5.0,23.0,0.0,0.0,0.0
2020-04-29,32.0,4.0,5.0,23.0,0.0,0.0,0.0
2020-04-30,40.0,4.0,5.0,31.0,8.0,0.0,0.0
2020-05-01,40.0,4.0,5.0,31.0,0.0,0.0,0.0
2020-05-02,34.0,4.0,5.0,25.0,-6.0,0.0,0.0
2020-05-03,34.0,4.0,5.0,25.0,0.0,0.0,0.0
2020-05-04,34.0,4.0,5.0,25.0,0.0,0.0,0.0
2020-05-05,34.0,4.0,5.0,25.0,0.0,0.0,0.0
2020-05-06,34.0,4.0,5.0,25.0,0.0,0.0,0.0
2020-05-07,34.0,4.0,5.0,25.0,0.0,0.0,0.0
2020-05-08,34.0,4.0,9.0,21.0,0.0,0.0,4.0
2020-05-09,35.0,4.0,9.0,22.0,1.0,0.0,0.0
2020-05-10,36.0,4.0,9.0,23.0,1.0,0.0,0.0
2020-05-11,36.0,4.0,9.0,23.0,0.0,0.0,0.0
2020-05-12,36.0,4.0,9.0,23.0,0.0,0.0,0.0
2020-05-13,37.0,4.0,12.0,21.0,1.0,0.0,3.0
2020-05-14,37.0,4.0,13.0,20.0,0.0,0.0,1.0
2020-05-15,42.0,4.0,13.0,25.0,5.0,0.0,0.0
2020-05-16,42.0,4.0,13.0,25.0,0.0,0.0,0.0
2020-05-17,44.0,4.0,17.0,23.0,2.0,0.0,4.0
2020-05-18,46.0,4.0,18.0,24.0,2.0,0.0,1.0
2020-05-19,46.0,4.0,18.0,24.0,0.0,0.0,0.0
2020-05-20,48.0,4.0,18.0,26.0,2.0,0.0,0.0
2020-05-21,51.0,4.0,18.0,29.0,3.0,0.0,0.0
2020-05-22,51.0,4.0,18.0,29.0,0.0,0.0,0.0
2020-05-23,56.0,4.0,18.0,34.0,5.0,0.0,0.0
2020-05-24,56.0,4.0,25.0,27.0,0.0,0.0,7.0
2020-05-25,56.0,4.0,25.0,27.0,0.0,0.0,0.0
2020-05-26,56.0,4.0,25.0,27.0,0.0,0.0,0.0
2020-05-27,132.0,4.0,25.0,103.0,76.0,0.0,0.0
2020-05-28,149.0,4.0,28.0,117.0,17.0,0.0,3.0
2020-05-29,149.0,4.0,28.0,117.0,0.0,0.0,0.0
2020-05-30,174.0,4.0,29.0,141.0,25.0,0.0,1.0
2020-05-31,178.0,4.0,29.0,145.0,4.0,0.0,0.0
2020-06-01,203.0,4.0,29.0,170.0,25.0,0.0,0.0
2020-06-02,206.0,4.0,29.0,173.0,3.0,0.0,0.0
2020-06-03,222.0,4.0,29.0,189.0,16.0,0.0,0.0
2020-06-04,237.0,4.0,31.0,202.0,15.0,0.0,2.0
2020-06-05,265.0,4.0,33.0,228.0,28.0,0.0,2.0
2020-06-06,279.0,4.0,33.0,242.0,14.0,0.0,0.0
2020-06-07,282.0,4.0,34.0,244.0,3.0,0.0,1.0
2020-06-08,287.0,4.0,46.0,237.0,5.0,0.0,12.0
2020-06-09,314.0,4.0,46.0,264.0,27.0,0.0,0.0
2020-06-10,320.0,4.0,49.0,267.0,6.0,0.0,3.0
2020-06-11,332.0,4.0,51.0,277.0,12.0,0.0,2.0
2020-06-12,343.0,4.0,51.0,288.0,11.0,0.0,0.0
2020-06-13,356.0,4.0,54.0,298.0,13.0,0.0,3.0
2020-06-14,383.0,4.0,54.0,325.0,27.0,0.0,0.0
2020-06-15,387.0,4.0,54.0,329.0,4.0,0.0,0.0
2020-06-16,391.0,4.0,62.0,325.0,4.0,0.0,8.0
2020-06-17,401.0,4.0,63.0,334.0,10.0,0.0,1.0
2020-06-18,463.0,4.0,63.0,396.0,62.0,0.0,0.0
2020-06-19,479.0,4.0,63.0,412.0,16.0,0.0,0.0
2020-06-20,479.0,4.0,63.0,412.0,0.0,0.0,0.0
2020-06-21,489.0,6.0,64.0,419.0,10.0,2.0,1.0
2020-06-22,512.0,6.0,64.0,442.0,23.0,0.0,0.0
2020-06-23,525.0,6.0,64.0,455.0,13.0,0.0,0.0
2020-06-24,530.0,6.0,123.0,401.0,5.0,0.0,59.0
2020-06-25,551.0,6.0,128.0,417.0,21.0,0.0,5.0
2020-06-26,561.0,6.0,135.0,420.0,10.0,0.0,7.0
2020-06-27,567.0,6.0,142.0,419.0,6.0,0.0,7.0
2020-06-28,567.0,6.0,142.0,419.0,0.0,0.0,0.0
2020-06-29,574.0,7.0,152.0,415.0,7.0,1.0,10.0
2020-06-30,591.0,7.0,162.0,422.0,17.0,0.0,10.0
2020-07-01,605.0,7.0,166.0,432.0,14.0,0.0,4.0
2020-07-02,617.0,7.0,173.0,437.0,12.0,0.0,7.0
2020-07-03,625.0,7.0,176.0,442.0,8.0,0.0,3.0
2020-07-04,698.0,8.0,181.0,509.0,73.0,1.0,5.0
2020-07-05,716.0,8.0,181.0,527.0,18.0,0.0,0.0
2020-07-06,734.0,9.0,197.0,528.0,18.0,1.0,16.0
2020-07-07,787.0,9.0,201.0,577.0,53.0,0.0,4.0
2020-07-08,885.0,9.0,206.0,670.0,98.0,0.0,5.0
2020-07-09,885.0,9.0,206.0,670.0,0.0,0.0,0.0
2020-07-10,942.0,13.0,320.0,609.0,57.0,4.0,114.0
2020-07-11,982.0,18.0,320.0,644.0,40.0,5.0,0.0
2020-07-12,985.0,18.0,328.0,639.0,3.0,0.0,8.0
2020-07-13,1034.0,19.0,343.0,672.0,49.0,1.0,15.0
2020-07-14,1064.0,20.0,343.0,701.0,30.0,1.0,0.0
2020-07-15,1089.0,20.0,395.0,674.0,25.0,0.0,52.0
2020-07-16,1362.0,23.0,425.0,914.0,273.0,3.0,30.0
2020-07-17,1420.0,24.0,438.0,958.0,58.0,1.0,13.0
2020-07-18,1478.0,25.0,439.0,1014.0,58.0,1.0,1.0
2020-07-19,1611.0,25.0,472.0,1114.0,133.0,0.0,33.0
2020-07-20,1713.0,26.0,472.0,1215.0,102.0,1.0,0.0
2020-07-21,1820.0,26.0,488.0,1306.0,107.0,0.0,16.0
2020-07-22,2034.0,26.0,510.0,1498.0,214.0,0.0,22.0
2020-07-23,2124.0,28.0,510.0,1586.0,90.0,2.0,0.0
2020-07-24,2296.0,32.0,514.0,1750.0,172.0,4.0,4.0
2020-07-25,2434.0,34.0,518.0,1882.0,138.0,2.0,4.0
2020-07-26,2512.0,34.0,518.0,1960.0,78.0,0.0,0.0
2020-07-27,2704.0,36.0,542.0,2126.0,192.0,2.0,24.0
2020-07-28,2817.0,40.0,604.0,2173.0,113.0,4.0,62.0
2020-07-29,2879.0,41.0,887.0,1951.0,62.0,1.0,283.0
2020-07-30,3092.0,53.0,924.0,2115.0,213.0,12.0,37.0
2020-07-31,3169.0,67.0,1004.0,2098.0,77.0,14.0,80.0
2020-08-01,3659.0,69.0,1011.0,2579.0,490.0,2.0,7.0
2020-08-02,3921.0,70.0,1016.0,2835.0,262.0,1.0,5.0
2020-08-03,4075.0,80.0,1057.0,2938.0,154.0,10.0,41.0
2020-08-04,4221.0,81.0,1238.0,2902.0,146.0,1.0,181.0
2020-08-05,4221.0,81.0,1238.0,2902.0,0.0,0.0,0.0
2020-08-06,4339.0,84.0,1264.0,2991.0,118.0,3.0,26.0
2020-08-07,4451.0,102.0,1345.0,3004.0,112.0,18.0,81.0
2020-08-08,4575.0,102.0,1416.0,3057.0,124.0,0.0,71.0
2020-08-09,4649.0,104.0,1437.0,3108.0,74.0,2.0,21.0
2020-08-10,4748.0,104.0,1524.0,3120.0,99.0,0.0,87.0
2020-08-11,4818.0,104.0,1524.0,3190.0,70.0,0.0,0.0
2020-08-12,4893.0,122.0,1620.0,3151.0,75.0,18.0,96.0
2020-08-13,4990.0,128.0,1927.0,2935.0,97.0,6.0,307.0
2020-08-14,5072.0,128.0,1998.0,2946.0,82.0,0.0,71.0
2020-08-15,5176.0,130.0,2047.0,2999.0,104.0,2.0,49.0
2020-08-16,5261.0,132.0,2092.0,3037.0,85.0,2.0,45.0
2020-08-17,5308.0,135.0,3848.0,1325.0,47.0,3.0,1756.0
2020-08-18,5378.0,141.0,4105.0,1132.0,70.0,6.0,257.0
2020-08-19,5643.0,150.0,4442.0,1051.0,265.0,9.0,337.0
2020-08-20,5745.0,151.0,4525.0,1069.0,102.0,1.0,83.0
2020-08-21,5815.0,152.0,4587.0,1076.0,70.0,1.0,62.0
2020-08-22,5893.0,153.0,4629.0,1111.0,78.0,1.0,42.0
2020-08-23,5930.0,155.0,4872.0,903.0,37.0,2.0,243.0
2020-08-24,6070.0,155.0,4950.0,965.0,140.0,0.0,78.0
2020-08-25,6196.0,166.0,4961.0,1069.0,126.0,11.0,11.0
2020-08-26,6251.0,179.0,5001.0,1071.0,55.0,13.0,40.0
2020-08-27,6292.0,189.0,5010.0,1093.0,41.0,10.0,9.0
2020-08-28,6388.0,195.0,5043.0,1150.0,96.0,6.0,33.0
2020-08-29,6406.0,196.0,5056.0,1154.0,18.0,1.0,13.0
2020-08-30,6412.0,196.0,5061.0,1155.0,6.0,0.0,5.0
2020-08-31,6497.0,202.0,5221.0,1074.0,85.0,6.0,160.0
2020-09-01,6559.0,203.0,5241.0,1115.0,62.0,1.0,20.0
2020-09-02,6638.0,206.0,5250.0,1182.0,79.0,3.0,9.0
2020-09-03,6678.0,206.0,5263.0,1209.0,40.0,0.0,13.0
2020-09-04,6837.0,206.0,5345.0,1286.0,159.0,0.0,82.0
2020-09-05,6837.0,206.0,5345.0,1286.0,0.0,0.0,0.0
2020-09-06,6837.0,206.0,5345.0,1286.0,0.0,0.0,0.0
2020-09-07,7298.0,210.0,5455.0,1633.0,461.0,4.0,110.0
2020-09-08,7388.0,218.0,5477.0,1693.0,90.0,8.0,22.0
2020-09-09,7429.0,222.0,5542.0,1665.0,41.0,4.0,65.0
2020-09-10,7453.0,222.0,5635.0,1596.0,24.0,0.0,93.0
2020-09-11,7479.0,224.0,5660.0,1595.0,26.0,2.0,25.0
2020-09-12,7508.0,224.0,5675.0,1609.0,29.0,0.0,15.0
2020-09-13,7526.0,224.0,5678.0,1624.0,18.0,0.0,3.0
2020-09-14,7531.0,224.0,5690.0,1617.0,5.0,0.0,12.0
2020-09-15,7576.0,224.0,5783.0,1569.0,45.0,0.0,93.0
2020-09-16,7598.0,224.0,5823.0,1551.0,22.0,0.0,40.0
2020-09-17,7633.0,224.0,5841.0,1568.0,35.0,0.0,18.0
2020-09-18,7647.0,224.0,5883.0,1540.0,14.0,0.0,42.0
2020-09-19,7672.0,225.0,5914.0,1533.0,25.0,1.0,31.0
2020-09-20,7683.0,225.0,5924.0,1534.0,11.0,0.0,10.0
2020-09-21,7683.0,225.0,5924.0,1534.0,0.0,0.0,0.0
2020-09-22,7711.0,226.0,5979.0,1506.0,28.0,1.0,55.0
2020-09-23,7725.0,227.0,6007.0,1491.0,14.0,1.0,28.0
2020-09-24,7752.0,227.0,6043.0,1482.0,27.0,0.0,36.0
2020-09-25,7787.0,227.0,6057.0,1503.0,35.0,0.0,14.0
2020-09-26,7803.0,227.0,6067.0,1509.0,16.0,0.0,10.0
2020-09-27,7812.0,227.0,6106.0,1479.0,9.0,0.0,39.0
2020-09-28,7816.0,228.0,6112.0,1476.0,4.0,1.0,6.0
2020-09-29,7837.0,228.0,6122.0,1487.0,21.0,0.0,10.0
2020-09-30,7838.0,228.0,6303.0,1307.0,1.0,0.0,181.0
2020-10-01,7850.0,228.0,6312.0,1310.0,12.0,0.0,9.0
2020-10-02,7858.0,228.0,6322.0,1308.0,8.0,0.0,10.0
2020-10-03,7885.0,228.0,6327.0,1330.0,27.0,0.0,5.0
2020-10-04,7888.0,228.0,6359.0,1301.0,3.0,0.0,32.0
2020-10-05,7898.0,228.0,6424.0,1246.0,10.0,0.0,65.0
2020-10-06,7915.0,229.0,6440.0,1246.0,17.0,1.0,16.0
2020-10-07,7919.0,229.0,6441.0,1249.0,4.0,0.0,1.0
2020-10-08,7951.0,229.0,6446.0,1276.0,32.0,0.0,5.0
2020-10-09,7994.0,229.0,6474.0,1291.0,43.0,0.0,28.0
2020-10-10,8010.0,230.0,6492.0,1288.0,16.0,1.0,18.0
2020-10-11,8011.0,230.0,6504.0,1277.0,1.0,0.0,12.0
2020-10-12,8021.0,230.0,7627.0,164.0,10.0,0.0,1123.0
2020-10-13,8036.0,230.0,7632.0,174.0,15.0,0.0,5.0
2020-10-14,8055.0,231.0,7640.0,184.0,19.0,1.0,8.0
2020-10-15,8075.0,231.0,7669.0,175.0,20.0,0.0,29.0
2020-10-16,8099.0,231.0,7673.0,195.0,24.0,0.0,4.0
2020-10-17,8110.0,231.0,7673.0,206.0,11.0,0.0,0.0
2020-10-18,8147.0,231.0,7678.0,238.0,37.0,0.0,5.0
2020-10-19,8159.0,232.0,7683.0,244.0,12.0,1.0,5.0
2020-10-20,8187.0,233.0,7692.0,262.0,28.0,1.0,9.0
2020-10-21,8215.0,236.0,7725.0,254.0,28.0,3.0,33.0
2020-10-22,8242.0,236.0,7742.0,264.0,27.0,0.0,17.0
2020-10-23,8257.0,236.0,7771.0,250.0,15.0,0.0,29.0
2020-10-24,8269.0,236.0,7785.0,248.0,12.0,0.0,14.0
2020-10-25,8276.0,237.0,7797.0,242.0,7.0,1.0,12.0
2020-10-26,8303.0,242.0,7797.0,264.0,27.0,5.0,0.0
2020-10-27,8315.0,242.0,7804.0,269.0,12.0,0.0,7.0
2020-10-28,8320.0,242.0,7845.0,233.0,5.0,0.0,41.0
2020-10-29,8349.0,242.0,7864.0,243.0,29.0,0.0,19.0
2020-10-30,8362.0,242.0,7884.0,236.0,13.0,0.0,20.0
2020-10-31,8367.0,243.0,7894.0,230.0,5.0,1.0,10.0
2020-11-01,8374.0,243.0,7927.0,204.0,7.0,0.0,33.0
2020-11-02,8389.0,245.0,7939.0,205.0,15.0,2.0,12.0
2020-11-03,8410.0,246.0,7942.0,222.0,21.0,1.0,3.0
2020-11-04,8427.0,248.0,7967.0,212.0,17.0,2.0,25.0
2020-11-05,8444.0,248.0,7975.0,221.0,17.0,0.0,8.0
2020-11-06,8471.0,250.0,7983.0,238.0,27.0,2.0,8.0
2020-11-07,8498.0,251.0,7995.0,252.0,27.0,1.0,12.0
2020-11-08,8531.0,253.0,8005.0,273.0,33.0,2.0,10.0
2020-11-09,8561.0,254.0,8023.0,284.0,30.0,1.0,18.0
2020-11-10,8610.0,255.0,8040.0,315.0,49.0,1.0,17.0
2020-11-11,8667.0,255.0,8046.0,366.0,57.0,0.0,6.0
2020-11-12,8696.0,255.0,8060.0,381.0,29.0,0.0,14.0
2020-11-13,8765.0,257.0,8090.0,418.0,69.0,2.0,30.0
2020-11-14,8786.0,257.0,8096.0,433.0,21.0,0.0,6.0
2020-11-15,8829.0,257.0,8096.0,476.0,43.0,0.0,0.0
2020-11-16,8897.0,257.0,8116.0,524.0,68.0,0.0,20.0
2020-11-17,8945.0,260.0,8164.0,521.0,48.0,3.0,48.0
2020-11-18,8981.0,261.0,8184.0,536.0,36.0,1.0,20.0
2020-11-19,9046.0,265.0,8195.0,586.0,65.0,4.0,11.0
2020-11-20,9120.0,265.0,8229.0,626.0,74.0,0.0,34.0
2020-11-21,9172.0,265.0,8235.0,672.0,52.0,0.0,6.0
2020-11-22,9220.0,268.0,8250.0,702.0,48.0,3.0,15.0
2020-11-23,9308.0,273.0,8288.0,747.0,88.0,5.0,38.0
2020-11-24,9398.0,274.0,8297.0,827.0,90.0,1.0,9.0
2020-11-25,9508.0,274.0,8336.0,898.0,110.0,0.0,39.0
2020-11-26,9623.0,274.0,8397.0,952.0,115.0,0.0,61.0
2020-11-27,9714.0,275.0,8470.0,969.0,91.0,1.0,73.0
2020-11-28,9822.0,275.0,8472.0,1075.0,108.0,0.0,2.0
